-6.793135166168212891e+00 4.936880588531494141e+00 -2.260594367980957031e+01
-6.302684783935546875e+00 1.980471730232238770e+00 -2.175873756408691406e+01
-5.593835830688476562e+00 4.783103466033935547e+00 -2.126114273071289062e+01
-9.522791862487792969e+00 3.816380262374877930e+00 -2.278717803955078125e+01
-9.984285354614257812e+00 2.705893516540527344e+00 -2.245855522155761719e+01
-8.620048522949218750e+00 2.913512468338012695e+00 -2.300439262390136719e+01
-7.387497901916503906e+00 2.999948501586914062e+00 -2.248481750488281250e+01
-1.090718269348144531e+01 -5.606268644332885742e-01 -2.356554412841796875e+01
-1.035374736785888672e+01 1.210717916488647461e+00 -2.183688926696777344e+01
-1.230075645446777344e+01 -1.453159004449844360e-01 -2.273428344726562500e+01
-8.655046463012695312e+00 6.072653770446777344e+00 -2.190006065368652344e+01
-1.227036857604980469e+01 -1.434432983398437500e+00 -2.222355461120605469e+01
-6.415354251861572266e+00 4.187218844890594482e-01 -2.250482177734375000e+01
-9.332496643066406250e+00 -1.815669983625411987e-01 -2.099412536621093750e+01
-1.080769062042236328e+01 5.181391239166259766e+00 -2.100752067565917969e+01
-1.193008995056152344e+01 3.681394815444946289e+00 -2.122491073608398438e+01
-4.612694263458251953e+00 2.867806851863861084e-01 -2.188429641723632812e+01
-7.247247219085693359e+00 6.626644611358642578e+00 -1.986009407043457031e+01
-1.100234031677246094e+01 -1.962653398513793945e+00 -2.124489974975585938e+01
-7.887512207031250000e+00 -1.947698444128036499e-01 -2.070719909667968750e+01
-4.565301418304443359e+00 4.456994533538818359e+00 -2.114131736755371094e+01
-1.286975193023681641e+01 -6.462610960006713867e-01 -2.070937538146972656e+01
-1.255234432220458984e+01 2.073492527008056641e+00 -2.164590835571289062e+01
-1.202841186523437500e+01 1.051251411437988281e+00 -2.117344856262207031e+01
-6.266257762908935547e+00 -1.490202546119689941e+00 -2.054192161560058594e+01
-1.349378967285156250e+01 2.996044874191284180e+00 -2.045658874511718750e+01
-2.373427391052246094e+00 2.545896530151367188e+00 -1.948365020751953125e+01
-6.010025501251220703e+00 -2.977228641510009766e+00 -2.036622619628906250e+01
-6.780166149139404297e+00 -4.813909053802490234e+00 -2.227106094360351562e+01
-5.568720340728759766e+00 -5.003727436065673828e+00 -2.205562973022460938e+01
-5.181519508361816406e+00 6.344446182250976562e+00 -1.763605117797851562e+01
-9.756905555725097656e+00 8.120415687561035156e+00 -1.793700599670410156e+01
-3.671465873718261719e+00 -7.090269327163696289e-01 -2.008320617675781250e+01
-1.276893329620361328e+01 5.326347351074218750e+00 -2.057022285461425781e+01
-4.797336101531982422e+00 -5.251595497131347656e+00 -2.004437828063964844e+01
-6.789026737213134766e+00 -6.185865879058837891e+00 -2.053046035766601562e+01
-1.386617565155029297e+01 1.348714828491210938e+00 -1.858614921569824219e+01
-1.414968967437744141e+01 4.379063606262207031e+00 -2.028039169311523438e+01
-1.244618415832519531e+01 -1.971563935279846191e+00 -2.048547935485839844e+01
-1.301555728912353516e+01 7.838956713676452637e-01 -1.838381385803222656e+01
-1.030135250091552734e+01 -2.506752967834472656e+00 -1.915070152282714844e+01
-5.000203609466552734e+00 -2.995510816574096680e+00 -1.936452293395996094e+01
-8.298129081726074219e+00 -1.984205961227416992e+00 -1.913646316528320312e+01
-1.692097067832946777e+00 7.756435275077819824e-01 -1.957180976867675781e+01
-1.126198649406433105e+00 1.964758396148681641e+00 -1.944473457336425781e+01
-8.100785255432128906e+00 -5.072411537170410156e+00 -1.897126579284667969e+01
-7.838082313537597656e+00 -3.132043600082397461e+00 -1.712915802001953125e+01
-1.300603771209716797e+01 -8.365067243576049805e-01 -1.832593154907226562e+01
-3.911688327789306641e+00 -1.859768986701965332e+00 -1.925957679748535156e+01
-1.766858458518981934e+00 -9.207352399826049805e-01 -1.760961914062500000e+01
-1.473632049560546875e+01 3.830753564834594727e+00 -1.894452857971191406e+01
-3.386119842529296875e+00 5.010457515716552734e+00 -1.855497360229492188e+01
-1.204767513275146484e+01 7.855985164642333984e+00 -1.796041297912597656e+01
8.955718278884887695e-01 2.755087137222290039e+00 -1.548571872711181641e+01
-6.516624927520751953e+00 7.500850677490234375e+00 -1.485149478912353516e+01
-1.293616652488708496e+00 4.045210838317871094e+00 -1.545826625823974609e+01
-1.259175205230712891e+01 -1.873337626457214355e+00 -1.749559211730957031e+01
-5.940727710723876953e+00 -6.357795715332031250e+00 -1.794127273559570312e+01
-1.223283100128173828e+01 8.871471405029296875e+00 -1.679873275756835938e+01
-1.459838199615478516e+01 4.836528778076171875e+00 -1.769972991943359375e+01
-8.509021759033203125e+00 8.465691566467285156e+00 -1.627249717712402344e+01
-7.418284893035888672e+00 -6.093566417694091797e+00 -1.618898582458496094e+01
3.210730850696563721e-01 -2.611419558525085449e-01 -1.741947937011718750e+01
-1.831866741180419922e+00 5.781143188476562500e+00 -1.491748332977294922e+01
-1.372543334960937500e+01 7.978067874908447266e+00 -1.534857368469238281e+01
-1.359129619598388672e+01 6.898440361022949219e+00 -1.590380764007568359e+01
-8.540722846984863281e+00 -2.385803461074829102e+00 -1.685746192932128906e+01
-3.826565027236938477e+00 -3.323997259140014648e+00 -1.541027164459228516e+01
-1.462464904785156250e+01 9.218070983886718750e+00 -1.661760902404785156e+01
-1.361638736724853516e+01 1.027587127685546875e+01 -1.686827468872070312e+01
-2.033306360244750977e+00 -2.610021352767944336e+00 -1.638103485107421875e+01
-4.275051593780517578e+00 7.566874504089355469e+00 -1.472400951385498047e+01
-1.478896331787109375e+01 3.046409130096435547e+00 -1.621901130676269531e+01
-4.516206264495849609e+00 -5.413935661315917969e+00 -1.477572250366210938e+01
-1.114043426513671875e+01 9.314479827880859375e+00 -1.456180858612060547e+01
-9.794288635253906250e+00 -2.275994539260864258e+00 -1.476314067840576172e+01
-7.213931083679199219e-01 -2.588037729263305664e+00 -1.510654067993164062e+01
-1.504468631744384766e+01 1.041536426544189453e+01 -1.485605144500732422e+01
-1.248308658599853516e+01 1.198601275682449341e-01 -1.491936016082763672e+01
-7.513979911804199219e+00 -5.302195072174072266e+00 -1.431402587890625000e+01
-8.651741027832031250e+00 -2.350170850753784180e+00 -1.406349372863769531e+01
-1.521510124206542969e+01 4.456782817840576172e+00 -1.400244331359863281e+01
1.843357563018798828e+00 -4.798015356063842773e-01 -1.316197776794433594e+01
-1.431487083435058594e+01 1.105588340759277344e+01 -1.466816997528076172e+01
-1.251948356628417969e+01 1.056867218017578125e+01 -1.381871986389160156e+01
-1.432211017608642578e+01 2.143830776214599609e+00 -1.365266704559326172e+01
-2.468827486038208008e+00 6.910784721374511719e+00 -1.246186542510986328e+01
-8.289844512939453125e+00 9.173043251037597656e+00 -1.231022167205810547e+01
-1.485289955139160156e+01 5.598669528961181641e+00 -1.399983787536621094e+01
-3.221172094345092773e-01 6.103769779205322266e+00 -1.376524543762207031e+01
1.929530501365661621e+00 2.277554512023925781e+00 -1.408424377441406250e+01
-1.535157871246337891e+01 3.339360713958740234e+00 -1.197883319854736328e+01
-3.791074752807617188e+00 8.049645423889160156e+00 -1.138713455200195312e+01
-6.772987842559814453e+00 -3.418177843093872070e+00 -1.287461662292480469e+01
-6.182120323181152344e+00 -5.899135589599609375e+00 -1.403381347656250000e+01
-1.397200965881347656e+01 8.737071037292480469e+00 -1.123890495300292969e+01
-6.004786491394042969e+00 8.451080322265625000e+00 -1.086493682861328125e+01
2.828985214233398438e+00 5.611881256103515625e+00 -1.184067344665527344e+01
-1.495266532897949219e+01 9.271146774291992188e+00 -1.357996273040771484e+01
-1.403825664520263672e+01 1.073876476287841797e+01 -1.198979282379150391e+01
-2.906353950500488281e+00 -3.400450229644775391e+00 -1.297050380706787109e+01
8.709943890571594238e-01 -3.402410745620727539e+00 -1.356252574920654297e+01
-4.108230113983154297e+00 -3.582078695297241211e+00 -1.275938796997070312e+01
-1.484560775756835938e+01 1.010245513916015625e+01 -1.167739582061767578e+01
-1.143944835662841797e+01 9.479788780212402344e+00 -1.097633075714111328e+01
4.035951137542724609e+00 1.702185273170471191e+00 -1.263341426849365234e+01
3.287377834320068359e+00 8.072736740112304688e+00 -9.434887886047363281e+00
-1.007542705535888672e+01 9.532327651977539062e+00 -1.108103275299072266e+01
4.337025642395019531e+00 3.929387331008911133e+00 -1.111193561553955078e+01
-1.016115474700927734e+01 -1.426518082618713379e+00 -1.206430149078369141e+01
-5.467930316925048828e+00 -3.662620782852172852e+00 -1.182101345062255859e+01
-1.335802459716796875e+01 9.261178374290466309e-01 -8.487212181091308594e+00
-1.585879707336425781e+01 4.592129707336425781e+00 -1.009102153778076172e+01
2.270032405853271484e+00 -3.436055183410644531e+00 -1.106062793731689453e+01
3.818756103515625000e+00 -1.405551433563232422e+00 -1.022378158569335938e+01
-2.542165994644165039e+00 8.761729240417480469e+00 -8.172528266906738281e+00
3.325903117656707764e-01 8.096687316894531250e+00 -1.100111198425292969e+01
5.294458866119384766e-01 -4.104320049285888672e+00 -1.207966232299804688e+01
-5.439551472663879395e-01 -4.742852210998535156e+00 -9.636952400207519531e+00
5.327165603637695312e+00 6.975507259368896484e+00 -8.435019493103027344e+00
-4.023789405822753906e+00 -3.429255485534667969e+00 -1.150418853759765625e+01
-1.516525554656982422e+01 6.896163463592529297e+00 -1.004442787170410156e+01
5.240805625915527344e+00 1.573561429977416992e+00 -9.825030326843261719e+00
-1.369511508941650391e+01 8.670132637023925781e+00 -8.610919952392578125e+00
-5.706612586975097656e+00 -3.338165521621704102e+00 -9.700954437255859375e+00
-7.933901309967041016e+00 -2.569887876510620117e+00 -1.092847919464111328e+01
-5.564429283142089844e+00 9.502186775207519531e+00 -7.514884471893310547e+00
3.060921430587768555e+00 -5.836062431335449219e+00 -1.104448127746582031e+01
3.895158529281616211e+00 -6.811852931976318359e+00 -1.111592960357666016e+01
4.458876132965087891e+00 -5.651954650878906250e+00 -1.153709316253662109e+01
-1.215855598449707031e+01 8.654183387756347656e+00 -7.233852386474609375e+00
1.129944086074829102e+00 1.028338623046875000e+01 -6.756466865539550781e+00
4.976857185363769531e+00 -6.868273735046386719e+00 -9.726250648498535156e+00
2.481505155563354492e+00 -4.651115894317626953e+00 -9.447576522827148438e+00
4.918062686920166016e+00 -6.902366280555725098e-01 -9.408932685852050781e+00
5.214271545410156250e+00 -6.535041809082031250e+00 -9.089871406555175781e+00
4.039374351501464844e+00 -3.998457431793212891e+00 -8.126167297363281250e+00
-4.196015894412994385e-01 9.366949081420898438e+00 -8.259572029113769531e+00
-7.796693801879882812e+00 1.043711853027343750e+01 -6.730882644653320312e+00
-1.470414257049560547e+01 7.793457508087158203e+00 -8.161198616027832031e+00
-1.055239295959472656e+01 -1.342407822608947754e+00 -8.419377326965332031e+00
5.717541217803955078e+00 6.209661483764648438e+00 -8.273185729980468750e+00
3.130148649215698242e+00 1.129062366485595703e+01 -4.602066516876220703e+00
-1.313526821136474609e+01 1.082245469093322754e+00 -6.213138103485107422e+00
3.026836156845092773e+00 -7.199643611907958984e+00 -8.392936706542968750e+00
-1.010097217559814453e+01 9.971590995788574219e+00 -5.821506977081298828e+00
5.246547698974609375e+00 -5.515998363494873047e+00 -9.107977867126464844e+00
4.896018505096435547e+00 -2.171992301940917969e+00 -7.565916061401367188e+00
-3.123402595520019531e+00 -4.192279815673828125e+00 -6.493626117706298828e+00
-8.976757049560546875e+00 -2.599560022354125977e+00 -5.608944416046142578e+00
6.241860866546630859e+00 2.315716028213500977e+00 -5.392415046691894531e+00
3.944379568099975586e+00 -7.473876953125000000e+00 -7.627596378326416016e+00
4.235652923583984375e+00 1.068518161773681641e+01 -4.826117992401123047e+00
-6.481349945068359375e+00 -3.210114240646362305e+00 -7.019219875335693359e+00
-1.260676574707031250e+01 7.737670898437500000e+00 -5.874737262725830078e+00
-1.459066867828369141e+01 4.771123409271240234e+00 -7.075666427612304688e+00
-1.407545804977416992e+00 -5.483539104461669922e+00 -6.200631141662597656e+00
6.128420829772949219e+00 -1.361649513244628906e+00 -4.846980094909667969e+00
1.559748053550720215e+00 -6.138501644134521484e+00 -6.397800445556640625e+00
-1.364485359191894531e+01 2.695122003555297852e+00 -5.723095893859863281e+00
4.816150665283203125e+00 -3.975870609283447266e+00 -6.009082317352294922e+00
-5.958924770355224609e+00 1.000584411621093750e+01 -4.304170131683349609e+00
4.898043155670166016e+00 -6.955198764801025391e+00 -6.761295795440673828e+00
5.331568241119384766e+00 -5.420382022857666016e+00 -5.009782314300537109e+00
-1.141724205017089844e+01 8.141201972961425781e+00 -4.091879844665527344e+00
-1.181131267547607422e+01 -5.311909914016723633e-01 -4.009666442871093750e+00
-3.115004777908325195e+00 9.690451622009277344e+00 -4.331778526306152344e+00
-3.179910480976104736e-01 1.082607555389404297e+01 -4.361861228942871094e+00
-1.363481426239013672e+01 4.736793518066406250e+00 -4.930945396423339844e+00
2.270168542861938477e+00 -6.796189308166503906e+00 -3.700398921966552734e+00
6.369026660919189453e+00 7.396794319152832031e+00 -4.617968559265136719e+00
-8.926647186279296875e+00 1.015913772583007812e+01 -3.742910146713256836e+00
5.563161849975585938e+00 8.868022918701171875e+00 -5.238056659698486328e+00
5.186043739318847656e+00 -6.189066886901855469e+00 -4.509494781494140625e+00
-1.219955444335937500e+01 7.309714794158935547e+00 -3.113511085510253906e+00
-1.325935459136962891e+01 1.963085532188415527e+00 -2.524135351181030273e+00
5.008639335632324219e+00 -4.221385955810546875e+00 -3.816255092620849609e+00
-4.580071449279785156e+00 -4.613879203796386719e+00 -3.949992418289184570e+00
-2.004148483276367188e+00 -6.205437183380126953e+00 -5.551522254943847656e+00
6.631551265716552734e+00 5.198340892791748047e+00 -3.844215631484985352e+00
-1.223285961151123047e+01 5.799701690673828125e+00 -1.377037763595581055e+00
-6.005590558052062988e-01 -6.938268661499023438e+00 -3.725188016891479492e+00
6.102149963378906250e+00 -5.761333942413330078e+00 -3.740130901336669922e+00
-7.779930114746093750e+00 9.531099319458007812e+00 -1.767377138137817383e+00
7.206032752990722656e+00 2.095654487609863281e+00 -2.714278459548950195e+00
-3.953048944473266602e+00 9.906285285949707031e+00 -2.021363735198974609e+00
4.063282966613769531e+00 -6.786102771759033203e+00 -2.889314651489257812e+00
-6.447281360626220703e+00 9.040390014648437500e+00 -4.208242595195770264e-01
6.613726139068603516e+00 8.810997962951660156e+00 -3.681836128234863281e+00
1.884671568870544434e+00 1.159709739685058594e+01 -3.129857778549194336e+00
7.079513072967529297e+00 6.061426401138305664e-01 -3.780197858810424805e+00
-7.315806865692138672e+00 -4.335545539855957031e+00 -3.339494943618774414e+00
6.013973236083984375e+00 1.055594253540039062e+01 -3.405779838562011719e+00
-1.353259086608886719e+01 2.984186410903930664e+00 -2.429505825042724609e+00
7.186917781829833984e+00 6.080053806304931641e+00 -2.047734260559082031e+00
6.965894222259521484e+00 -3.305413961410522461e+00 -1.858322620391845703e+00
-1.002579116821289062e+01 -2.145051002502441406e+00 -2.983446359634399414e+00
-4.023157119750976562e+00 -7.365279197692871094e+00 -2.974617004394531250e+00
-9.867621421813964844e+00 7.807553768157958984e+00 -2.738290309906005859e+00
7.107706069946289062e+00 -5.063614845275878906e+00 -2.996775150299072266e+00
4.525365829467773438e+00 1.217042350769042969e+01 -3.374424219131469727e+00
-2.562952280044555664e+00 -8.597890853881835938e+00 -1.899899721145629883e+00
-1.123044013977050781e+01 6.886134147644042969e+00 -9.977716803550720215e-01
-5.801733493804931641e+00 -5.052754402160644531e+00 -1.898984789848327637e+00
-5.445392131805419922e+00 -5.898575305938720703e+00 -5.798474550247192383e-01
8.081567764282226562e+00 8.477943420410156250e+00 -1.677918553352355957e+00
-1.113737487792968750e+01 -1.540032178163528442e-01 -1.724756956100463867e+00
7.968132495880126953e+00 8.091552853584289551e-01 -2.345597267150878906e+00
3.343672990798950195e+00 1.374256801605224609e+01 -2.694513797760009766e+00
5.538957595825195312e+00 1.361702823638916016e+01 -2.809281110763549805e+00
4.494126319885253906e+00 1.376891517639160156e+01 -3.069941997528076172e+00
7.124012947082519531e+00 -6.755965709686279297e+00 -2.629471302032470703e+00
5.460240364074707031e+00 -6.905853271484375000e+00 -2.522465944290161133e+00
-5.242001414299011230e-01 -8.161815643310546875e+00 -1.215951681137084961e+00
7.321801662445068359e+00 1.285987567901611328e+01 -1.371779918670654297e+00
8.196892738342285156e+00 3.640907526016235352e+00 -3.702422082424163818e-01
-1.032730484008789062e+01 -1.161759138107299805e+00 -9.396036267280578613e-01
8.370784759521484375e+00 5.173264026641845703e+00 9.926496744155883789e-01
-3.938739776611328125e+00 1.003642272949218750e+01 2.631971538066864014e-01
-8.485858917236328125e+00 -3.698185682296752930e+00 -1.884333610534667969e+00
3.504666805267333984e+00 -7.140573501586914062e+00 -1.528919219970703125e+00
4.808684825897216797e+00 1.504041767120361328e+01 -1.152221441268920898e+00
2.351923465728759766e+00 1.419000720977783203e+01 -6.950455904006958008e-01
8.893080711364746094e+00 -1.223733305931091309e+00 -2.114607691764831543e-01
1.190770149230957031e+00 -7.909029960632324219e+00 -1.305801510810852051e+00
-8.868929862976074219e+00 8.075471878051757812e+00 8.109956979751586914e-01
8.054264068603515625e+00 -9.054181098937988281e+00 -2.701821327209472656e+00
6.724332332611083984e+00 -9.301373481750488281e+00 -2.761530876159667969e+00
8.856421470642089844e+00 -8.026461601257324219e+00 -1.616703271865844727e+00
-3.549178838729858398e+00 -8.455622673034667969e+00 -7.742779850959777832e-01
8.414061546325683594e+00 -6.129936695098876953e+00 1.943039745092391968e-01
-1.163917922973632812e+01 1.995733261108398438e+00 -4.845916032791137695e-01
-1.231698799133300781e+01 3.694354057312011719e+00 -7.031981945037841797e-01
9.613677978515625000e+00 -3.682163059711456299e-01 1.208829045295715332e+00
9.351578712463378906e+00 2.077372550964355469e+00 1.374166846275329590e+00
4.334944248199462891e+00 -8.910269737243652344e+00 4.265475571155548096e-01
5.710091590881347656e+00 -1.010258769989013672e+01 -4.196143150329589844e-01
7.990186214447021484e+00 1.376668834686279297e+01 3.280815184116363525e-01
6.828887939453125000e+00 1.464741802215576172e+01 3.436616361141204834e-01
6.345523595809936523e-01 1.204166698455810547e+01 2.615284442901611328e+00
7.670207977294921875e+00 -3.481908082962036133e+00 -4.268228411674499512e-01
-6.700400829315185547e+00 -4.620039463043212891e+00 1.784474849700927734e-01
-5.331586837768554688e+00 8.567464828491210938e+00 2.768861770629882812e+00
-1.136659383773803711e+00 1.130023002624511719e+01 -3.306872397661209106e-02
-2.917696952819824219e+00 -1.054767894744873047e+01 -3.522749245166778564e-01
3.452049970626831055e+00 1.534555149078369141e+01 1.502793192863464355e+00
-8.625514030456542969e+00 -1.770877599716186523e+00 9.059931635856628418e-01
8.601225852966308594e+00 8.845252037048339844e+00 -2.150755971670150757e-01
-2.151385068893432617e+00 -1.031183624267578125e+01 -1.096664905548095703e+00
8.265089035034179688e+00 -3.370198011398315430e+00 2.419655799865722656e+00
-7.553103923797607422e+00 -3.459579944610595703e+00 2.271358251571655273e+00
-6.668132543563842773e-01 -9.872372627258300781e+00 3.922563195228576660e-01
7.780133247375488281e+00 -1.030897235870361328e+01 1.283769130706787109e+00
8.790947914123535156e+00 6.070101261138916016e+00 2.765823602676391602e+00
-1.052281475067138672e+01 2.032391786575317383e+00 2.374407202005386353e-01
-1.012380695343017578e+01 3.633631765842437744e-01 7.687380909919738770e-01
-1.032879734039306641e+01 6.396893978118896484e+00 9.532696604728698730e-01
3.161332845687866211e+00 -1.084047794342041016e+01 7.124328613281250000e-01
7.255218505859375000e+00 1.674761772155761719e+01 -2.950110435485839844e-01
8.709675788879394531e+00 1.548447895050048828e+01 -9.566555023193359375e-01
8.891209602355957031e+00 1.686385917663574219e+01 -7.015449404716491699e-01
9.126388549804687500e+00 -9.949531555175781250e+00 2.602257728576660156e+00
9.487034797668457031e+00 -7.771874904632568359e+00 1.371362090110778809e+00
-6.571435928344726562e+00 8.111508369445800781e+00 1.021471500396728516e+00
-3.062674999237060547e+00 9.999454498291015625e+00 1.303422808647155762e+00
-9.594681739807128906e+00 4.666966438293457031e+00 1.500197768211364746e+00
4.900660514831542969e+00 1.513045787811279297e+01 2.481055259704589844e+00
8.405529975891113281e+00 1.293203926086425781e+01 1.766905188560485840e+00
-1.211430072784423828e+00 -1.058956813812255859e+01 1.758487820625305176e+00
-9.036590576171875000e+00 5.441768169403076172e-01 1.814147830009460449e+00
9.699187278747558594e+00 1.470822429656982422e+01 1.737654060125350952e-01
-9.068745613098144531e+00 2.784351110458374023e+00 8.467995524406433105e-01
-3.790215492248535156e+00 -9.811002731323242188e+00 2.208327054977416992e+00
3.120706319808959961e+00 -1.238326263427734375e+01 2.052684545516967773e+00
7.542797088623046875e+00 1.760352516174316406e+01 1.919998645782470703e+00
5.547412395477294922e+00 -1.172734069824218750e+01 5.907533168792724609e-01
-7.922930240631103516e+00 4.794307231903076172e+00 1.271473169326782227e+00
-6.023887634277343750e+00 2.257354021072387695e+00 2.200715541839599609e+00
-6.057258605957031250e+00 -6.087029457092285156e+00 3.824260950088500977e+00
-7.519139647483825684e-01 1.132925605773925781e+01 3.515975952148437500e+00
9.731380462646484375e+00 2.966094255447387695e+00 4.160985469818115234e+00
8.519995689392089844e+00 4.244975566864013672e+00 3.149704933166503906e+00
-4.275368690490722656e+00 4.593704223632812500e+00 2.721550226211547852e+00
1.021093750000000000e+01 1.420225238800048828e+01 2.391181230545043945e+00
-7.329704284667968750e+00 1.379391700029373169e-01 2.728726625442504883e+00
1.013100719451904297e+01 1.650284194946289062e+01 1.684563875198364258e+00
-2.894629716873168945e+00 8.487718582153320312e+00 3.278958559036254883e+00
-6.930494308471679688e+00 -1.730985403060913086e+00 4.032845973968505859e+00
-2.394950866699218750e+00 -1.071552848815917969e+01 3.781594514846801758e+00
-4.368430137634277344e+00 -7.657717227935791016e+00 4.114126205444335938e+00
1.115718960762023926e+00 -1.274830150604248047e+01 2.793593406677246094e+00
8.901896476745605469e+00 1.737185287475585938e+01 2.172634840011596680e+00
7.582769393920898438e+00 -1.195670318603515625e+01 2.173210859298706055e+00
1.231353402137756348e+00 1.365324020385742188e+01 5.095561981201171875e+00
5.654267311096191406e+00 1.652260589599609375e+01 2.247527837753295898e+00
5.609983444213867188e+00 1.680543327331542969e+01 3.671602725982666016e+00
9.301348686218261719e+00 8.786189079284667969e+00 5.407005310058593750e+00
-5.882735252380371094e+00 5.001203715801239014e-02 4.138700485229492188e+00
6.312853813171386719e+00 -1.254514503479003906e+01 2.561559677124023438e+00
-3.793068408966064453e+00 6.200453758239746094e+00 3.301049947738647461e+00
-3.410160303115844727e+00 3.690759658813476562e+00 4.363304138183593750e+00
-4.299756050109863281e+00 1.993568778038024902e+00 3.161664485931396484e+00
9.126502037048339844e+00 -1.044687867164611816e+00 4.289807319641113281e+00
-3.281552076339721680e+00 2.209232091903686523e+00 4.799437046051025391e+00
9.046111106872558594e+00 1.264013481140136719e+01 5.691371917724609375e+00
9.507289886474609375e+00 7.905724644660949707e-01 4.365680217742919922e+00
-1.175265550613403320e+00 -1.223139667510986328e+01 4.345243453979492188e+00
-2.387155532836914062e+00 7.627928256988525391e+00 4.117369174957275391e+00
9.855916023254394531e+00 -1.247885799407958984e+01 2.771116733551025391e+00
9.689991950988769531e+00 -9.577586174011230469e+00 4.535876750946044922e+00
-2.542050123214721680e+00 -9.655923843383789062e+00 6.396985054016113281e+00
4.648676872253417969e+00 -1.318219566345214844e+01 4.322612762451171875e+00
2.565048635005950928e-01 1.015088748931884766e+01 5.444211483001708984e+00
3.668296337127685547e+00 1.512182426452636719e+01 4.835181713104248047e+00
1.103758239746093750e+01 -1.156358337402343750e+01 5.194162845611572266e+00
8.102234005928039551e-01 1.132339096069335938e+01 5.984555721282958984e+00
-1.528495192527770996e+00 3.080913543701171875e+00 6.198323726654052734e+00
9.387708663940429688e+00 -7.275785923004150391e+00 5.466472625732421875e+00
1.040855312347412109e+01 1.484659099578857422e+01 5.744784355163574219e+00
8.412722587585449219e+00 6.023190021514892578e+00 4.932785511016845703e+00
1.003933620452880859e+01 1.352539157867431641e+01 5.183238506317138672e+00
-2.925949096679687500e+00 4.741025924682617188e+00 5.255502223968505859e+00
-1.967670023441314697e-01 7.017071723937988281e+00 6.000508308410644531e+00
1.186482787132263184e+00 9.040936470031738281e+00 5.933921337127685547e+00
-3.883916378021240234e+00 1.756086349487304688e+00 7.860651016235351562e+00
9.782835960388183594e+00 -1.324398803710937500e+01 4.192274570465087891e+00
-5.831412315368652344e+00 -5.888403892517089844e+00 7.996059894561767578e+00
1.569069623947143555e+00 -1.364142990112304688e+01 6.624936580657958984e+00
6.250744342803955078e+00 -1.373019790649414062e+01 4.782185554504394531e+00
8.430855751037597656e+00 -5.049259185791015625e+00 7.565294265747070312e+00
8.889038085937500000e+00 4.027756690979003906e+00 7.045484066009521484e+00
9.455754280090332031e+00 -5.167369246482849121e-01 6.477091789245605469e+00
8.424314498901367188e+00 -3.237925052642822266e+00 7.846308708190917969e+00
2.059468030929565430e+00 1.428613662719726562e+01 6.388722896575927734e+00
-6.034255981445312500e+00 -3.583665370941162109e+00 8.468793869018554688e+00
1.969021439552307129e+00 7.220122814178466797e+00 5.875836849212646484e+00
6.779965400695800781e+00 1.736898803710937500e+01 6.026661872863769531e+00
7.939908504486083984e+00 5.504716396331787109e+00 7.521038532257080078e+00
9.791056632995605469e+00 1.604665946960449219e+01 6.654301166534423828e+00
-5.259005546569824219e+00 -2.534278035163879395e-01 7.620624542236328125e+00
-8.323500156402587891e-01 3.093525171279907227e+00 6.833220005035400391e+00
7.614342212677001953e+00 6.894554138183593750e+00 7.375767707824707031e+00
8.776607513427734375e+00 8.786921501159667969e+00 7.102254390716552734e+00
-1.691908359527587891e+00 -1.202549839019775391e+01 5.622835159301757812e+00
9.156664848327636719e+00 -1.750923395156860352e+00 6.104385375976562500e+00
1.064428424835205078e+01 -1.301830005645751953e+01 7.819475173950195312e+00
6.842900514602661133e-01 5.279847621917724609e+00 6.576521396636962891e+00
1.906195521354675293e+00 5.374608516693115234e+00 7.248489379882812500e+00
9.318403244018554688e+00 -1.354091739654541016e+01 6.578662872314453125e+00
3.157267570495605469e+00 7.195921897888183594e+00 7.481790542602539062e+00
1.656868815422058105e+00 1.251297473907470703e+01 7.868393421173095703e+00
9.982807159423828125e+00 2.017585277557373047e+00 8.286870956420898438e+00
8.562770843505859375e+00 1.257114410400390625e+01 7.787473201751708984e+00
4.047306537628173828e+00 1.442630672454833984e+01 7.573386192321777344e+00
-1.806136012077331543e+00 1.728645443916320801e+00 9.213401794433593750e+00
-2.388035297393798828e+00 -7.331271648406982422e+00 7.820877075195312500e+00
-3.119145154953002930e+00 -6.318823814392089844e+00 9.323002815246582031e+00
4.713521957397460938e+00 1.581400966644287109e+01 7.718999385833740234e+00
1.112355804443359375e+01 -1.069160175323486328e+01 7.841762065887451172e+00
3.208487033843994141e+00 1.048147773742675781e+01 8.767585754394531250e+00
1.122696208953857422e+01 -1.167509269714355469e+01 8.661137580871582031e+00
9.641542434692382812e+00 1.398780727386474609e+01 8.182690620422363281e+00
2.174523115158081055e+00 4.732594966888427734e+00 9.147200584411621094e+00
4.385176658630371094e+00 8.070525169372558594e+00 8.321141242980957031e+00
4.137937068939208984e+00 7.282253265380859375e+00 9.334474563598632812e+00
8.578303337097167969e+00 -2.497215270996093750e+00 9.922779083251953125e+00
6.389265537261962891e+00 7.275727748870849609e+00 8.280689239501953125e+00
1.074866580963134766e+01 -4.791902005672454834e-01 1.024834918975830078e+01
8.150001525878906250e+00 1.070659065246582031e+01 8.086730957031250000e+00
5.534289360046386719e+00 7.087683200836181641e+00 9.110477447509765625e+00
2.815588749945163727e-02 2.630868434906005859e+00 1.040311908721923828e+01
-5.436182975769042969e+00 -4.997331619262695312e+00 9.486020088195800781e+00
8.111598014831542969e+00 1.617551612854003906e+01 8.794553756713867188e+00
-3.777504682540893555e+00 -9.758207798004150391e-01 1.062856483459472656e+01
7.964661121368408203e+00 8.796547889709472656e+00 8.157704353332519531e+00
7.912393093109130859e+00 -4.763272285461425781e+00 1.027923870086669922e+01
-2.259278059005737305e+00 -1.160560417175292969e+01 1.012044811248779297e+01
7.321921348571777344e+00 9.992786407470703125e+00 8.271287918090820312e+00
-5.011373043060302734e+00 -2.004479408264160156e+00 9.433545112609863281e+00
8.105355262756347656e+00 -1.378966999053955078e+01 9.023128509521484375e+00
5.166850090026855469e+00 9.319970130920410156e+00 8.361862182617187500e+00
8.198526382446289062e+00 3.483279705047607422e+00 1.209325408935546875e+01
1.047007846832275391e+01 -6.660165190696716309e-01 1.202596569061279297e+01
3.147331237792968750e+00 5.682831287384033203e+00 1.285984992980957031e+01
6.212183475494384766e+00 1.341022682189941406e+01 9.346971511840820312e+00
5.577355861663818359e+00 -1.473318290710449219e+01 8.571971893310546875e+00
4.920455932617187500e+00 1.128464031219482422e+01 1.006923866271972656e+01
7.736789226531982422e+00 5.363103389739990234e+00 1.191152381896972656e+01
6.746952533721923828e+00 1.153878307342529297e+01 9.425461769104003906e+00
7.136790275573730469e+00 1.420764446258544922e+01 9.771500587463378906e+00
6.725687384605407715e-01 -1.388941860198974609e+01 9.951951980590820312e+00
1.085524559020996094e+01 5.795670151710510254e-01 1.160930442810058594e+01
1.070366668701171875e+01 1.788983225822448730e+00 1.423991775512695312e+01
9.293242454528808594e+00 -8.882705688476562500e+00 9.283350944519042969e+00
9.068546295166015625e+00 -6.864144325256347656e+00 9.533664703369140625e+00
-2.814487695693969727e+00 -8.146812438964843750e+00 9.726300239562988281e+00
-1.727628588676452637e+00 3.780093416571617126e-02 1.073406410217285156e+01
2.589370489120483398e+00 3.659905910491943359e+00 1.002282810211181641e+01
-4.407715320587158203e+00 -2.782514095306396484e+00 9.906766891479492188e+00
-2.797702550888061523e+00 -3.082071542739868164e+00 1.093332290649414062e+01
9.595647811889648438e+00 2.583851814270019531e+00 1.049279499053955078e+01
1.068966197967529297e+01 -1.043434715270996094e+01 1.041124629974365234e+01
-3.475134372711181641e+00 -9.832777023315429688e+00 1.139381885528564453e+01
-1.988677024841308594e+00 -6.466709613800048828e+00 1.130664634704589844e+01
2.968173921108245850e-01 9.050925970077514648e-01 1.181208324432373047e+01
3.382106304168701172e+00 -1.439494323730468750e+01 9.713387489318847656e+00
5.085442066192626953e+00 -1.536544704437255859e+01 1.295156574249267578e+01
6.489796638488769531e+00 -1.485981273651123047e+01 1.079171562194824219e+01
6.794180870056152344e+00 5.828200817108154297e+00 1.394141578674316406e+01
-1.731245279312133789e+00 -3.765797376632690430e+00 1.202778625488281250e+01
3.337387800216674805e+00 2.197727203369140625e+00 1.175084209442138672e+01
-1.159688830375671387e+00 -5.296439170837402344e+00 1.183358764648437500e+01
1.584305882453918457e+00 1.116338133811950684e+00 1.248178195953369141e+01
1.042521858215332031e+01 -1.264596366882324219e+01 1.007651519775390625e+01
8.927542686462402344e+00 -1.176683616638183594e+01 1.303214931488037109e+01
8.484114646911621094e+00 -8.824861526489257812e+00 1.213621711730957031e+01
3.668250560760498047e+00 4.880285739898681641e+00 1.506327342987060547e+01
-1.196737885475158691e+00 -2.538357019424438477e+00 1.123556900024414062e+01
3.789514064788818359e+00 2.908118247985839844e+00 1.274331283569335938e+01
8.957222938537597656e+00 -1.361086368560791016e+00 1.256828594207763672e+01
-3.484949350357055664e+00 -8.584252357482910156e+00 1.279340076446533203e+01
7.687232494354248047e+00 -1.409619617462158203e+01 1.027521514892578125e+01
1.016077232360839844e+01 2.384987831115722656e+00 1.340520191192626953e+01
8.782111167907714844e+00 3.314093589782714844e+00 1.401032161712646484e+01
8.349668502807617188e+00 -6.437186241149902344e+00 1.220290565490722656e+01
8.468237876892089844e+00 -1.308976650238037109e+01 1.210137844085693359e+01
1.115311741828918457e+00 -1.470132350921630859e+00 1.136271667480468750e+01
1.707429409027099609e+00 -2.484967470169067383e+00 1.159949684143066406e+01
3.323885202407836914e+00 -3.793520689010620117e+00 1.057590770721435547e+01
1.401447653770446777e+00 -4.115039825439453125e+00 1.186971759796142578e+01
3.294758558273315430e+00 -1.909467816352844238e+00 1.180458450317382812e+01
4.365343093872070312e+00 1.149765014648437500e+00 1.363055610656738281e+01
7.670273303985595703e+00 -1.930425167083740234e+00 1.249773693084716797e+01
2.166577100753784180e+00 -1.480835318565368652e+00 1.209588050842285156e+01
8.805332183837890625e+00 -6.925128698348999023e-01 1.764834403991699219e+01
5.461126804351806641e+00 5.508549690246582031e+00 1.534382343292236328e+01
3.897474050521850586e+00 -1.833448186516761780e-02 1.319755935668945312e+01
1.210262402892112732e-01 -1.416444301605224609e+01 1.444467544555664062e+01
2.896744251251220703e+00 -4.917338371276855469e+00 1.331747531890869141e+01
5.116899967193603516e+00 -4.376457691192626953e+00 1.267230510711669922e+01
5.822726726531982422e+00 -5.291348934173583984e+00 1.350974750518798828e+01
5.433396339416503906e+00 -1.680280566215515137e+00 1.285060405731201172e+01
6.852143764495849609e+00 -1.070215821266174316e+00 1.387909507751464844e+01
4.640429019927978516e+00 -2.878579139709472656e+00 1.335817623138427734e+01
5.041017532348632812e+00 3.051348924636840820e+00 1.499895000457763672e+01
3.884891569614410400e-01 -7.487112522125244141e+00 1.523158931732177734e+01
7.667832851409912109e+00 -1.013157558441162109e+01 1.374491500854492188e+01
5.910037994384765625e+00 -2.828791141510009766e+00 1.360066032409667969e+01
5.406992912292480469e+00 -2.611818015575408936e-01 1.405090236663818359e+01
-1.495513439178466797e+00 -6.923861503601074219e+00 1.424684810638427734e+01
5.947851657867431641e+00 3.754022359848022461e+00 1.517904853820800781e+01
8.523593902587890625e+00 -6.145853996276855469e+00 1.709853935241699219e+01
-1.464679360389709473e+00 -1.252279472351074219e+01 1.366332912445068359e+01
2.372394084930419922e+00 -6.679090976715087891e+00 1.531283569335937500e+01
1.022184658050537109e+01 4.960778653621673584e-01 1.673689270019531250e+01
7.219187259674072266e+00 -1.510247325897216797e+01 1.577150249481201172e+01
7.868923664093017578e+00 -1.436594390869140625e+01 1.729253005981445312e+01
-8.742967844009399414e-01 -9.161626815795898438e+00 1.541923809051513672e+01
-7.369465231895446777e-01 -1.353496170043945312e+01 1.727108573913574219e+01
4.824194908142089844e+00 1.733872294425964355e+00 1.777832984924316406e+01
8.114837646484375000e+00 -1.230921936035156250e+01 1.533204269409179688e+01
7.734166145324707031e+00 -8.841790199279785156e+00 1.430203723907470703e+01
8.707554817199707031e+00 -7.492148399353027344e+00 1.714772987365722656e+01
-1.329377651214599609e+00 -1.114384555816650391e+01 1.565440940856933594e+01
4.881327152252197266e+00 -6.657712936401367188e+00 1.579108428955078125e+01
9.515848159790039062e+00 3.348298788070678711e+00 1.701321220397949219e+01
6.280300140380859375e+00 -1.574388313293457031e+01 1.687266540527343750e+01
9.665269851684570312e+00 2.643547773361206055e+00 1.807682418823242188e+01
1.940548181533813477e+00 -1.452745819091796875e+01 1.596852493286132812e+01
5.302410125732421875e+00 3.632050454616546631e-01 1.746116256713867188e+01
6.054806232452392578e+00 -9.117614746093750000e+00 1.558776664733886719e+01
6.309752941131591797e+00 -8.459880828857421875e+00 1.579992866516113281e+01
3.633619070053100586e+00 -1.499062442779541016e+01 1.590093708038330078e+01
2.142013072967529297e+00 -8.996335983276367188e+00 1.768031120300292969e+01
6.676030635833740234e+00 3.247144937515258789e+00 1.885831642150878906e+01
4.566255092620849609e+00 -7.873937606811523438e+00 1.543813896179199219e+01
2.311768233776092529e-01 -1.073697090148925781e+01 1.750741767883300781e+01
6.858825206756591797e+00 -7.288484096527099609e+00 1.883619308471679688e+01
5.836877822875976562e+00 2.043287038803100586e+00 1.939388084411621094e+01
7.355570793151855469e+00 -1.124904918670654297e+01 1.781518173217773438e+01
4.493781566619873047e+00 -9.350817680358886719e+00 1.755068588256835938e+01
6.923176288604736328e+00 2.815394401550292969e-01 1.926616477966308594e+01
6.243534088134765625e+00 -5.911701679229736328e+00 1.835443115234375000e+01
4.999889850616455078e+00 -1.078474140167236328e+01 2.009221839904785156e+01
6.253133773803710938e+00 -1.581387042999267578e+01 1.924791145324707031e+01
8.276916503906250000e+00 1.881813883781433105e+00 1.969044685363769531e+01
1.395650029182434082e+00 -1.334944248199462891e+01 1.880861663818359375e+01
7.917266845703125000e+00 -6.575288772583007812e+00 1.895697975158691406e+01
2.721749782562255859e+00 -1.045965385437011719e+01 1.906098937988281250e+01
2.396462917327880859e+00 -1.490455055236816406e+01 1.940758705139160156e+01
7.255934715270996094e+00 -1.503972434997558594e+01 1.991538429260253906e+01
4.578365325927734375e+00 -1.519153022766113281e+01 1.911065864562988281e+01
7.635677814483642578e+00 -1.371844387054443359e+01 2.043830871582031250e+01
6.573544502258300781e+00 -1.273247146606445312e+01 2.112725830078125000e+01
3.635702848434448242e+00 -1.513086891174316406e+01 2.149830055236816406e+01
2.501514196395874023e+00 -1.363235855102539062e+01 2.184724807739257812e+01
5.749762535095214844e+00 -1.641287231445312500e+01 2.197069168090820312e+01
3.444185733795166016e+00 -1.399777984619140625e+01 2.208528518676757812e+01
6.621949195861816406e+00 -1.578049659729003906e+01 2.471293449401855469e+01
5.859637260437011719e+00 -1.464814853668212891e+01 2.552522659301757812e+01
4.226171493530273438e+00 -1.601332092285156250e+01 2.499976158142089844e+01
3.840274572372436523e+00 -1.495448875427246094e+01 2.494692230224609375e+01
