9.609637451171875000e+01 2.546029090881347656e+01 2.261302757263183594e+01
9.721116638183593750e+01 2.655875968933105469e+01 2.249984931945800781e+01
9.402262115478515625e+01 2.725842857360839844e+01 2.320128631591796875e+01
9.488459777832031250e+01 2.917116165161132812e+01 2.630667304992675781e+01
9.484983062744140625e+01 2.276021385192871094e+01 2.569384384155273438e+01
9.613272094726562500e+01 2.249757194519042969e+01 2.464349365234375000e+01
9.566094970703125000e+01 1.918685722351074219e+01 2.401848411560058594e+01
9.513874816894531250e+01 2.012113761901855469e+01 2.339230537414550781e+01
9.424279022216796875e+01 1.966298103332519531e+01 2.593045997619628906e+01
9.749834442138671875e+01 2.896396064758300781e+01 2.875951004028320312e+01
9.798550415039062500e+01 2.621789169311523438e+01 2.545291900634765625e+01
9.534922790527343750e+01 3.070666503906250000e+01 3.008772850036621094e+01
9.467435455322265625e+01 2.452532196044921875e+01 2.753328323364257812e+01
9.372523498535156250e+01 2.713711738586425781e+01 2.750829124450683594e+01
9.627980804443359375e+01 2.267062759399414062e+01 2.795195960998535156e+01
9.606582641601562500e+01 1.918351364135742188e+01 2.739213180541992188e+01
9.468731689453125000e+01 2.035473442077636719e+01 2.823739624023437500e+01
9.728219604492187500e+01 2.544225502014160156e+01 3.028274536132812500e+01
9.800606536865234375e+01 2.878402900695800781e+01 3.142768669128417969e+01
9.564368438720703125e+01 2.419608306884765625e+01 2.923991012573242188e+01
9.468299102783203125e+01 3.038551139831542969e+01 3.269591903686523438e+01
9.417385101318359375e+01 2.691952705383300781e+01 3.051751327514648438e+01
9.549251556396484375e+01 2.636870193481445312e+01 3.128585624694824219e+01
9.851420593261718750e+01 4.505001068115234375e+01 3.140748023986816406e+01
9.888305664062500000e+01 4.692975997924804688e+01 3.241875457763671875e+01
9.753382873535156250e+01 4.696709442138671875e+01 3.005080795288085938e+01
9.703633880615234375e+01 4.520790481567382812e+01 2.994066619873046875e+01
9.880402374267578125e+01 3.092071914672851562e+01 3.311112594604492188e+01
9.534806060791015625e+01 3.206885528564453125e+01 3.222589111328125000e+01
9.570829772949218750e+01 2.893514633178710938e+01 3.301171112060546875e+01
9.627080535888671875e+01 4.598957824707031250e+01 3.194427299499511719e+01
9.478541564941406250e+01 3.016010665893554688e+01 3.357982254028320312e+01
9.683006286621093750e+01 4.693576431274414062e+01 3.420478057861328125e+01
9.882489013671875000e+01 4.586038208007812500e+01 3.401736831665039062e+01
9.871299743652343750e+01 3.030975151062011719e+01 3.411267471313476562e+01
9.645728302001953125e+01 4.316407012939453125e+01 3.743117141723632812e+01
9.585066223144531250e+01 4.569251251220703125e+01 3.765420150756835938e+01
9.427275848388671875e+01 3.366320419311523438e+01 3.473246383666992188e+01
9.726131439208984375e+01 3.292793273925781250e+01 3.389112091064453125e+01
9.999903106689453125e+01 3.272873687744140625e+01 3.418505477905273438e+01
9.594128417968750000e+01 3.474207305908203125e+01 3.502071380615234375e+01
9.838170623779296875e+01 3.416557312011718750e+01 3.645267486572265625e+01
9.559566497802734375e+01 3.675760269165039062e+01 3.870766067504882812e+01
1.008171310424804688e+02 3.268265151977539062e+01 3.692291641235351562e+01
9.611075592041015625e+01 3.053618431091308594e+01 3.593579864501953125e+01
9.395861053466796875e+01 3.320416259765625000e+01 3.827143096923828125e+01
9.730503845214843750e+01 4.598789978027343750e+01 3.799573135375976562e+01
9.586544799804687500e+01 4.611267089843750000e+01 4.079945755004882812e+01
1.001739654541015625e+02 3.202779006958007812e+01 3.864194869995117188e+01
9.627182006835937500e+01 3.684717941284179688e+01 3.788755035400390625e+01
9.466199493408203125e+01 3.666823577880859375e+01 4.127818679809570312e+01
9.773857879638671875e+01 3.438294982910156250e+01 4.078638458251953125e+01
9.678440093994140625e+01 4.445528411865234375e+01 4.099432373046875000e+01
9.785787963867187500e+01 3.559014129638671875e+01 3.900951766967773438e+01
9.478479766845703125e+01 3.246211242675781250e+01 4.034873580932617188e+01
9.657553100585937500e+01 3.230701446533203125e+01 4.036199951171875000e+01
9.616201782226562500e+01 4.210807800292968750e+01 3.901730346679687500e+01
9.614913177490234375e+01 3.955230712890625000e+01 3.985352706909179688e+01
9.705193328857421875e+01 3.712402725219726562e+01 4.168281173706054688e+01
9.620919036865234375e+01 4.087400817871093750e+01 4.203353500366210938e+01
9.364772033691406250e+01 4.404906463623046875e+01 4.486255264282226562e+01
9.426029205322265625e+01 4.173046493530273438e+01 4.359009552001953125e+01
9.528892517089843750e+01 3.509221649169921875e+01 4.188713073730468750e+01
9.636220550537109375e+01 4.447716140747070312e+01 4.625597763061523438e+01
9.492897033691406250e+01 3.627072525024414062e+01 4.367209243774414062e+01
9.684017181396484375e+01 3.726855087280273438e+01 4.366125488281250000e+01
9.342610168457031250e+01 3.985710906982421875e+01 4.583729171752929688e+01
9.472542572021484375e+01 4.633327484130859375e+01 4.551662445068359375e+01
9.533386993408203125e+01 3.777877044677734375e+01 4.734306716918945312e+01
9.322543334960937500e+01 4.096040725708007812e+01 4.625149536132812500e+01
9.385841369628906250e+01 3.957448196411132812e+01 4.990047454833984375e+01
9.384548187255859375e+01 4.770298385620117188e+01 4.953766632080078125e+01
9.609535217285156250e+01 4.019672012329101562e+01 4.917118072509765625e+01
9.143254852294921875e+01 4.318869018554687500e+01 4.820597839355468750e+01
9.619783782958984375e+01 4.180188751220703125e+01 5.194804382324218750e+01
9.095807647705078125e+01 4.265764236450195312e+01 4.996686553955078125e+01
9.111113739013671875e+01 4.539619827270507812e+01 5.196148300170898438e+01
9.539852905273437500e+01 4.085662460327148438e+01 5.143815231323242188e+01
9.440338897705078125e+01 4.664365768432617188e+01 5.350122451782226562e+01
9.113068389892578125e+01 4.238105392456054688e+01 5.303667068481445312e+01
9.652589416503906250e+01 4.399586105346679688e+01 5.473814773559570312e+01
9.389627075195312500e+01 4.894353485107421875e+01 5.374861145019531250e+01
9.178109741210937500e+01 5.084016418457031250e+01 5.562387466430664062e+01
9.396410369873046875e+01 4.081881713867187500e+01 5.346240997314453125e+01
9.164175415039062500e+01 4.893949127197265625e+01 5.338254547119140625e+01
9.099378967285156250e+01 4.741617965698242188e+01 5.343478393554687500e+01
9.066993713378906250e+01 4.644535827636718750e+01 5.440255355834960938e+01
9.209565734863281250e+01 4.269897460937500000e+01 5.586672973632812500e+01
9.142539215087890625e+01 4.458804702758789062e+01 5.664123153686523438e+01
9.491629791259765625e+01 4.599785232543945312e+01 5.703318786621093750e+01
9.508639526367187500e+01 4.282611465454101562e+01 5.677087402343750000e+01
8.930999755859375000e+01 5.299354553222656250e+01 5.654074096679687500e+01
8.864140319824218750e+01 5.015498352050781250e+01 5.586986541748046875e+01
9.399336242675781250e+01 4.986589050292968750e+01 5.767956924438476562e+01
9.049205017089843750e+01 4.662457656860351562e+01 5.694611358642578125e+01
9.427599334716796875e+01 4.840275955200195312e+01 6.104278182983398438e+01
8.735187530517578125e+01 5.511065292358398438e+01 5.964014816284179688e+01
9.411691284179687500e+01 4.435995101928710938e+01 5.747499847412109375e+01
9.251004791259765625e+01 5.192645263671875000e+01 5.998770904541015625e+01
9.151490783691406250e+01 5.415774154663085938e+01 6.114198303222656250e+01
8.804643249511718750e+01 4.991825866699218750e+01 5.890579986572265625e+01
9.142308807373046875e+01 4.552405929565429688e+01 5.821596908569335938e+01
8.656334686279296875e+01 5.327817535400390625e+01 6.084273147583007812e+01
9.338359069824218750e+01 4.600126266479492188e+01 5.925587081909179688e+01
8.935416412353515625e+01 4.831982803344726562e+01 6.284651184082031250e+01
8.958322143554687500e+01 5.537312316894531250e+01 6.035575103759765625e+01
9.397237396240234375e+01 5.019973373413085938e+01 6.266256332397460938e+01
8.628875732421875000e+01 5.747643280029296875e+01 6.067905807495117188e+01
9.278829956054687500e+01 5.167396545410156250e+01 6.382416152954101562e+01
8.499829864501953125e+01 5.547753143310546875e+01 6.157892990112304688e+01
8.649085998535156250e+01 5.286617279052734375e+01 6.484349822998046875e+01
8.916757965087890625e+01 5.804741668701171875e+01 6.258012008666992188e+01
9.292315673828125000e+01 4.854769515991210938e+01 6.476888275146484375e+01
8.487415313720703125e+01 5.965468978881835938e+01 6.238428878784179688e+01
8.302964782714843750e+01 5.842818450927734375e+01 6.173119354248046875e+01
9.108135223388671875e+01 5.547095108032226562e+01 6.420514678955078125e+01
8.206950378417968750e+01 5.724963378906250000e+01 6.340151214599609375e+01
9.178149414062500000e+01 4.792346572875976562e+01 6.429937744140625000e+01
8.068047332763671875e+01 6.007473373413085938e+01 6.540985870361328125e+01
8.297598266601562500e+01 6.148319244384765625e+01 6.299765014648437500e+01
8.819773864746093750e+01 6.040568542480468750e+01 6.607997894287109375e+01
9.159043884277343750e+01 5.466187667846679688e+01 6.582894134521484375e+01
8.958290863037109375e+01 5.003083801269531250e+01 6.571652221679687500e+01
8.084998321533203125e+01 5.901974105834960938e+01 6.702525329589843750e+01
9.023129272460937500e+01 5.902927017211914062e+01 6.702032470703125000e+01
8.830899810791015625e+01 5.251275634765625000e+01 6.811374664306640625e+01
9.215821838378906250e+01 5.176365661621093750e+01 6.547406768798828125e+01
8.122824859619140625e+01 6.356175231933593750e+01 6.690364837646484375e+01
9.114139556884765625e+01 5.113037872314453125e+01 6.639125823974609375e+01
9.115255737304687500e+01 5.584393692016601562e+01 6.960778808593750000e+01
8.599407958984375000e+01 6.316466140747070312e+01 6.593912506103515625e+01
9.098812866210937500e+01 5.901147842407226562e+01 7.002565002441406250e+01
8.824491119384765625e+01 6.271226119995117188e+01 6.868472290039062500e+01
7.880731201171875000e+01 6.164917755126953125e+01 6.831960296630859375e+01
8.215282440185546875e+01 5.730704498291015625e+01 7.092904663085937500e+01
9.029375457763671875e+01 6.090672683715820312e+01 6.925373840332031250e+01
8.611781311035156250e+01 5.542786026000976562e+01 7.255979919433593750e+01
8.335671997070312500e+01 6.547576141357421875e+01 6.822622680664062500e+01
8.668008422851562500e+01 6.531747436523437500e+01 7.069608306884765625e+01
7.797604370117187500e+01 6.371628189086914062e+01 6.891394042968750000e+01
7.918237304687500000e+01 6.514490509033203125e+01 6.878911590576171875e+01
8.288729095458984375e+01 6.818108367919921875e+01 7.201971435546875000e+01
8.090396118164062500e+01 6.770738983154296875e+01 7.106567382812500000e+01
7.732738494873046875e+01 6.327563858032226562e+01 6.962659454345703125e+01
7.694750976562500000e+01 6.650517272949218750e+01 6.958917236328125000e+01
7.822888946533203125e+01 6.744996643066406250e+01 7.003001403808593750e+01
7.955529022216796875e+01 6.125008392333984375e+01 7.213638305664062500e+01
9.088479614257812500e+01 6.323118591308593750e+01 7.114156341552734375e+01
9.042871093750000000e+01 5.479014587402343750e+01 7.140998077392578125e+01
7.513515472412109375e+01 6.770771789550781250e+01 7.005882263183593750e+01
8.888761901855468750e+01 5.432014846801757812e+01 7.244404602050781250e+01
6.968044281005859375e+01 7.037001037597656250e+01 7.222864532470703125e+01
7.135081481933593750e+01 6.771109771728515625e+01 6.960699462890625000e+01
7.238885498046875000e+01 6.923316192626953125e+01 6.927482604980468750e+01
9.145255279541015625e+01 5.999699020385742188e+01 7.501419830322265625e+01
7.426348114013671875e+01 6.585105133056640625e+01 7.087902832031250000e+01
8.024652099609375000e+01 6.931988525390625000e+01 7.237232208251953125e+01
7.326873016357421875e+01 7.031643676757812500e+01 7.082922363281250000e+01
8.996990203857421875e+01 6.515957641601562500e+01 7.245420837402343750e+01
8.951284027099609375e+01 5.517300415039062500e+01 7.437784576416015625e+01
9.172964477539062500e+01 6.246544647216796875e+01 7.292303466796875000e+01
7.107808685302734375e+01 6.647830200195312500e+01 7.295381927490234375e+01
7.806657409667968750e+01 7.002486419677734375e+01 7.340187072753906250e+01
9.119777679443359375e+01 6.531127929687500000e+01 7.437743377685546875e+01
7.434033966064453125e+01 6.543074798583984375e+01 7.324561309814453125e+01
7.767527770996093750e+01 6.421306610107421875e+01 7.897126770019531250e+01
9.052448272705078125e+01 5.846667480468750000e+01 7.823269653320312500e+01
8.728455352783203125e+01 6.675847625732421875e+01 7.252020263671875000e+01
8.604001617431640625e+01 6.868957519531250000e+01 7.451748657226562500e+01
7.420980072021484375e+01 7.252550506591796875e+01 7.324627685546875000e+01
8.293354797363281250e+01 5.809111404418945312e+01 7.419239807128906250e+01
6.936517333984375000e+01 7.269557952880859375e+01 7.321439361572265625e+01
9.019641876220703125e+01 6.841992950439453125e+01 7.292185211181640625e+01
6.912819671630859375e+01 6.840443420410156250e+01 7.485526275634765625e+01
6.832318878173828125e+01 6.936445617675781250e+01 7.379085540771484375e+01
8.106889343261718750e+01 6.069538497924804688e+01 7.580535125732421875e+01
6.679463195800781250e+01 7.187138366699218750e+01 7.474243164062500000e+01
8.820658874511718750e+01 5.601583099365234375e+01 7.734597015380859375e+01
8.273715209960937500e+01 7.178533935546875000e+01 7.342906188964843750e+01
8.460855865478515625e+01 7.038835144042968750e+01 7.490740966796875000e+01
7.375614929199218750e+01 7.527093505859375000e+01 7.676651000976562500e+01
7.849242401123046875e+01 7.269173431396484375e+01 7.470970153808593750e+01
8.298239898681640625e+01 7.343643188476562500e+01 7.362827301025390625e+01
8.025086212158203125e+01 7.479003143310546875e+01 7.366057586669921875e+01
8.891483306884765625e+01 7.102022552490234375e+01 7.670937347412109375e+01
9.119842529296875000e+01 6.859796905517578125e+01 7.453028869628906250e+01
6.947235870361328125e+01 6.815328216552734375e+01 7.859053039550781250e+01
7.013430023193359375e+01 7.619087219238281250e+01 7.768889617919921875e+01
8.611882019042968750e+01 5.709361648559570312e+01 7.759475708007812500e+01
9.151476287841796875e+01 6.750945281982421875e+01 7.683510589599609375e+01
7.737707519531250000e+01 7.577031707763671875e+01 7.528174591064453125e+01
8.569093322753906250e+01 7.127849578857421875e+01 7.582154083251953125e+01
6.503090667724609375e+01 7.162995147705078125e+01 7.806861114501953125e+01
8.260385894775390625e+01 6.083630371093750000e+01 7.859047698974609375e+01
7.439707946777343750e+01 6.666663360595703125e+01 8.018469238281250000e+01
6.517785644531250000e+01 7.260610198974609375e+01 7.659603118896484375e+01
8.719438934326171875e+01 7.164090728759765625e+01 7.705496215820312500e+01
6.719349670410156250e+01 6.929990386962890625e+01 7.831564331054687500e+01
8.429289245605468750e+01 7.588253784179687500e+01 7.646733093261718750e+01
8.589282226562500000e+01 7.533334350585937500e+01 7.800952148437500000e+01
7.140217590332031250e+01 6.689135742187500000e+01 7.889079284667968750e+01
8.416026306152343750e+01 5.898267364501953125e+01 7.886991882324218750e+01
9.151424407958984375e+01 7.002197265625000000e+01 8.064636993408203125e+01
7.931688690185546875e+01 7.776861572265625000e+01 7.634723663330078125e+01
8.182387542724609375e+01 7.756968688964843750e+01 7.694511413574218750e+01
9.119681549072265625e+01 7.078662109375000000e+01 7.804094696044921875e+01
8.915076446533203125e+01 5.710369110107421875e+01 8.149021148681640625e+01
9.143732452392578125e+01 6.596212005615234375e+01 7.969979858398437500e+01
6.760481262207031250e+01 7.611768341064453125e+01 7.889579010009765625e+01
9.204949951171875000e+01 6.168931198120117188e+01 7.957952880859375000e+01
8.443439483642578125e+01 7.854092407226562500e+01 7.686877441406250000e+01
7.462821197509765625e+01 7.704889678955078125e+01 7.949456024169921875e+01
7.940268707275390625e+01 7.991053771972656250e+01 7.964333343505859375e+01
9.078462219238281250e+01 7.264956665039062500e+01 7.830112457275390625e+01
6.444924926757812500e+01 7.567913055419921875e+01 7.915534210205078125e+01
6.312386703491210938e+01 7.470780181884765625e+01 7.925725555419921875e+01
8.276031494140625000e+01 8.006427001953125000e+01 7.920339202880859375e+01
8.833380889892578125e+01 8.198403930664062500e+01 7.953544616699218750e+01
8.881879425048828125e+01 7.583789062500000000e+01 7.936355590820312500e+01
8.663932037353515625e+01 8.217813873291015625e+01 7.973571014404296875e+01
9.122914123535156250e+01 6.581658172607421875e+01 8.427593231201171875e+01
9.129586791992187500e+01 7.473841857910156250e+01 7.826337432861328125e+01
9.043240356445312500e+01 7.954538726806640625e+01 8.044568634033203125e+01
9.252906799316406250e+01 7.473661804199218750e+01 8.129787445068359375e+01
9.186557006835937500e+01 7.238182067871093750e+01 8.259277343750000000e+01
6.487728118896484375e+01 7.707456207275390625e+01 7.991118621826171875e+01
9.169977569580078125e+01 6.390921401977539062e+01 8.120820617675781250e+01
6.439804077148437500e+01 7.116182708740234375e+01 8.479133605957031250e+01
6.572444915771484375e+01 7.019396972656250000e+01 8.486948394775390625e+01
8.943943023681640625e+01 5.816218185424804688e+01 8.267470550537109375e+01
8.358293914794921875e+01 6.097114562988281250e+01 8.281426239013671875e+01
8.605614471435546875e+01 8.254441070556640625e+01 8.134773254394531250e+01
8.902357482910156250e+01 8.441796112060546875e+01 8.221229553222656250e+01
6.938960266113281250e+01 7.838130187988281250e+01 8.191706848144531250e+01
8.253065490722656250e+01 8.055018615722656250e+01 8.087557220458984375e+01
8.114813232421875000e+01 6.316769027709960938e+01 8.277104949951171875e+01
5.998860931396484375e+01 7.662802124023437500e+01 8.155567932128906250e+01
9.080779266357421875e+01 8.278238677978515625e+01 8.120623016357421875e+01
6.119757843017578125e+01 7.474850463867187500e+01 8.257090759277343750e+01
8.744884490966796875e+01 5.698386001586914062e+01 8.297883605957031250e+01
8.598336791992187500e+01 5.828505706787109375e+01 8.467521667480468750e+01
9.300688171386718750e+01 8.072729492187500000e+01 8.238441467285156250e+01
7.481642150878906250e+01 7.937081146240234375e+01 8.299690246582031250e+01
7.206230926513671875e+01 7.910359954833984375e+01 8.411706542968750000e+01
6.120029449462890625e+01 7.700424194335937500e+01 8.131891632080078125e+01
9.338552856445312500e+01 7.782610321044921875e+01 8.102397918701171875e+01
6.960807800292968750e+01 6.885150909423828125e+01 8.238956451416015625e+01
5.479277420043945312e+01 7.815868377685546875e+01 8.354235839843750000e+01
5.667553710937500000e+01 7.672389984130859375e+01 8.129859924316406250e+01
5.707320404052734375e+01 7.830564117431640625e+01 8.053738403320312500e+01
5.914661407470703125e+01 7.620399475097656250e+01 8.217864990234375000e+01
7.817578125000000000e+01 8.060444641113281250e+01 8.301675415039062500e+01
6.525336456298828125e+01 7.795824432373046875e+01 8.189503479003906250e+01
5.958579635620117188e+01 7.832276153564453125e+01 8.243000793457031250e+01
7.882259368896484375e+01 6.596659088134765625e+01 8.361959838867187500e+01
8.843553924560546875e+01 8.503069305419921875e+01 8.475633239746093750e+01
9.330364990234375000e+01 8.503588104248046875e+01 8.223889160156250000e+01
9.052322387695312500e+01 8.602970123291015625e+01 8.269020080566406250e+01
5.542206192016601562e+01 7.952127075195312500e+01 8.400954437255859375e+01
5.948567199707031250e+01 8.010399627685546875e+01 8.531252288818359375e+01
9.125975799560546875e+01 6.724826812744140625e+01 8.694965362548828125e+01
9.016458892822265625e+01 6.192649459838867188e+01 8.554209899902343750e+01
8.308594512939453125e+01 8.219342803955078125e+01 8.949631500244140625e+01
6.205094146728515625e+01 7.856124877929687500e+01 8.416009521484375000e+01
9.611094665527343750e+01 8.833853149414062500e+01 8.240457916259765625e+01
9.375507354736328125e+01 8.733458709716796875e+01 8.243030548095703125e+01
7.217842864990234375e+01 6.962289428710937500e+01 8.640066528320312500e+01
5.967942047119140625e+01 7.520507049560546875e+01 8.497121429443359375e+01
9.539649963378906250e+01 8.954523468017578125e+01 8.248033142089843750e+01
6.802664947509765625e+01 7.898628234863281250e+01 8.537631988525390625e+01
9.402324676513671875e+01 8.080930328369140625e+01 8.402584075927734375e+01
9.491638183593750000e+01 8.391989898681640625e+01 8.345405578613281250e+01
9.512152862548828125e+01 8.358760070800781250e+01 8.478256988525390625e+01
9.215531158447265625e+01 8.802629852294921875e+01 8.476900482177734375e+01
9.414127349853515625e+01 8.990942382812500000e+01 8.383535766601562500e+01
7.492044830322265625e+01 6.811154174804687500e+01 8.432336425781250000e+01
6.767732238769531250e+01 6.980624389648437500e+01 8.513198089599609375e+01
9.415449523925781250e+01 7.792043304443359375e+01 8.610546112060546875e+01
6.129668045043945312e+01 7.302597045898437500e+01 8.930536651611328125e+01
5.642552947998046875e+01 7.634452056884765625e+01 8.323548126220703125e+01
9.809502410888671875e+01 8.959973907470703125e+01 8.535842895507812500e+01
9.663564300537109375e+01 9.135346221923828125e+01 8.578892517089843750e+01
8.859613037109375000e+01 5.750075531005859375e+01 8.542859649658203125e+01
9.469105529785156250e+01 8.189946746826171875e+01 8.698060607910156250e+01
9.150382232666015625e+01 7.193749237060546875e+01 8.689157104492187500e+01
6.505290985107421875e+01 7.898915100097656250e+01 8.894577789306640625e+01
6.265158081054687500e+01 7.925019073486328125e+01 8.900909423828125000e+01
5.499573516845703125e+01 7.718323516845703125e+01 8.641867065429687500e+01
8.053505706787109375e+01 6.654797363281250000e+01 8.773230743408203125e+01
8.374074554443359375e+01 6.219221496582031250e+01 9.062079620361328125e+01
5.213085556030273438e+01 8.022092437744140625e+01 8.571575927734375000e+01
8.096614074707031250e+01 8.152594757080078125e+01 8.966850280761718750e+01
5.868041229248046875e+01 7.532263946533203125e+01 8.823300170898437500e+01
9.337649536132812500e+01 7.633097076416015625e+01 8.973934936523437500e+01
5.255037689208984375e+01 7.831113433837890625e+01 8.632315063476562500e+01
8.635534667968750000e+01 5.786983489990234375e+01 8.766086578369140625e+01
5.397988510131835938e+01 8.116659545898437500e+01 8.695301818847656250e+01
5.990830230712890625e+01 8.041567230224609375e+01 8.757580566406250000e+01
1.114380416870117188e+02 1.093068389892578125e+02 8.567184448242187500e+01
1.099296798706054688e+02 1.101596527099609375e+02 8.468323516845703125e+01
1.095351562500000000e+02 1.091392745971679688e+02 8.529413604736328125e+01
9.917449951171875000e+01 9.233971405029296875e+01 8.740039825439453125e+01
1.106315383911132812e+02 1.083744049072265625e+02 8.723925018310546875e+01
1.109539413452148438e+02 1.107892837524414062e+02 8.626232147216796875e+01
8.864685058593750000e+01 5.964418792724609375e+01 8.977365112304687500e+01
9.231307983398437500e+01 8.960714721679687500e+01 8.765586090087890625e+01
5.692127609252929688e+01 8.050319671630859375e+01 8.746588897705078125e+01
8.835511779785156250e+01 8.688195800781250000e+01 9.046689605712890625e+01
8.563680267333984375e+01 8.445866394042968750e+01 8.989041137695312500e+01
9.599122619628906250e+01 9.217975616455078125e+01 8.790621185302734375e+01
7.354610443115234375e+01 7.954624176025390625e+01 8.784558105468750000e+01
7.215834808349609375e+01 7.894525909423828125e+01 9.006923675537109375e+01
7.700264739990234375e+01 8.120007324218750000e+01 8.903919982910156250e+01
9.051844787597656250e+01 8.925588989257812500e+01 9.001702880859375000e+01
9.946383666992187500e+01 9.354027557373046875e+01 8.672389221191406250e+01
1.011152572631835938e+02 9.503621673583984375e+01 8.704969024658203125e+01
1.001835708618164062e+02 9.551816558837890625e+01 8.556262969970703125e+01
9.854391479492187500e+01 8.926558685302734375e+01 8.839926147460937500e+01
9.870210266113281250e+01 9.583452606201171875e+01 8.724525451660156250e+01
1.003330917358398438e+02 9.706294250488281250e+01 8.806066894531250000e+01
1.016837997436523438e+02 9.685334014892578125e+01 8.865444946289062500e+01
4.867356491088867188e+01 8.067597961425781250e+01 8.863101196289062500e+01
8.722712707519531250e+01 5.771405410766601562e+01 9.018117523193359375e+01
4.043524932861328125e+01 8.464579010009765625e+01 8.661161041259765625e+01
3.888317108154296875e+01 8.526670074462890625e+01 8.858562469482421875e+01
3.952885818481445312e+01 8.339218139648437500e+01 8.711862945556640625e+01
6.751461029052734375e+01 7.916074371337890625e+01 8.996649169921875000e+01
4.369055938720703125e+01 8.281076812744140625e+01 8.912483978271484375e+01
4.888176345825195312e+01 8.154248046875000000e+01 8.903109741210937500e+01
9.021604919433593750e+01 6.697326660156250000e+01 9.235481262207031250e+01
7.514601135253906250e+01 7.067208862304687500e+01 8.928087615966796875e+01
8.197680664062500000e+01 6.545605468750000000e+01 9.006925201416015625e+01
6.487712097167968750e+01 7.026010894775390625e+01 9.131864929199218750e+01
9.664275360107421875e+01 8.543211364746093750e+01 9.065382385253906250e+01
6.970969390869140625e+01 7.062486267089843750e+01 8.852249145507812500e+01
1.098102722167968750e+02 1.122313919067382812e+02 9.074886322021484375e+01
4.303807449340820312e+01 8.203183746337890625e+01 9.016287994384765625e+01
5.289511489868164062e+01 7.810343170166015625e+01 9.119599151611328125e+01
4.052453231811523438e+01 8.569670867919921875e+01 8.943000793457031250e+01
4.368414306640625000e+01 8.368246459960937500e+01 9.007594299316406250e+01
6.711496734619140625e+01 7.072695922851562500e+01 8.950022125244140625e+01
5.997591018676757812e+01 8.027632904052734375e+01 9.061881256103515625e+01
5.425704956054687500e+01 8.142812347412109375e+01 9.038155364990234375e+01
6.225308227539062500e+01 7.030047607421875000e+01 9.148638916015625000e+01
7.106548309326171875e+01 7.304731750488281250e+01 9.429457855224609375e+01
5.863471603393554688e+01 7.625019836425781250e+01 8.963964843750000000e+01
5.600287628173828125e+01 7.747754669189453125e+01 8.953202056884765625e+01
8.873689270019531250e+01 6.097904205322265625e+01 9.339633178710937500e+01
4.624022674560546875e+01 8.208473968505859375e+01 8.773509216308593750e+01
4.591550064086914062e+01 8.112906646728515625e+01 8.862802124023437500e+01
4.691381072998046875e+01 8.312065124511718750e+01 9.006485748291015625e+01
9.810518646240234375e+01 9.649114990234375000e+01 9.025621032714843750e+01
1.083297653198242188e+02 1.076727294921875000e+02 9.044141387939453125e+01
3.909802246093750000e+01 8.284729766845703125e+01 8.936371612548828125e+01
1.105848617553710938e+02 1.117396163940429688e+02 9.146627807617187500e+01
9.946955871582031250e+01 9.125299835205078125e+01 9.141251373291015625e+01
1.083343048095703125e+02 1.074493026733398438e+02 9.115731811523437500e+01
9.513347625732421875e+01 9.285514068603515625e+01 9.259806823730468750e+01
9.438076782226562500e+01 8.114090728759765625e+01 9.530913543701171875e+01
9.027388763427734375e+01 6.922868347167968750e+01 9.430590057373046875e+01
9.079913330078125000e+01 7.220698547363281250e+01 9.520272827148437500e+01
5.021209335327148438e+01 8.168601989746093750e+01 9.065836334228515625e+01
9.617636871337890625e+01 8.439031982421875000e+01 9.497891235351562500e+01
1.026269836425781250e+02 9.895603179931640625e+01 8.926106262207031250e+01
1.050924224853515625e+02 1.016156005859375000e+02 8.752291107177734375e+01
1.036610031127929688e+02 1.026225357055664062e+02 9.043120574951171875e+01
1.062256393432617188e+02 1.007438278198242188e+02 8.867573547363281250e+01
7.879398345947265625e+01 6.993536376953125000e+01 9.273982238769531250e+01
8.011799621582031250e+01 6.955425262451171875e+01 9.408386993408203125e+01
1.009331893920898438e+02 9.376673126220703125e+01 9.197805023193359375e+01
1.075277557373046875e+02 1.032531280517578125e+02 8.949978637695312500e+01
8.480737304687500000e+01 8.421118927001953125e+01 9.351373291015625000e+01
4.563292312622070312e+01 8.071677398681640625e+01 9.141928100585937500e+01
1.070380477905273438e+02 1.048341903686523438e+02 9.015933227539062500e+01
1.030469360351562500e+02 9.826640319824218750e+01 9.009810638427734375e+01
7.569812011718750000e+01 7.194841766357421875e+01 9.239634704589843750e+01
1.078678665161132812e+02 1.093070449829101562e+02 9.306610870361328125e+01
1.014566116333007812e+02 9.938192749023437500e+01 9.061579895019531250e+01
6.105972671508789062e+01 7.333060455322265625e+01 9.158898162841796875e+01
9.161123657226562500e+01 9.122624969482421875e+01 9.344854736328125000e+01
9.691279602050781250e+01 8.604926300048828125e+01 9.422775268554687500e+01
4.413724136352539062e+01 8.400363922119140625e+01 9.325981140136718750e+01
1.076960067749023438e+02 1.029309768676757812e+02 9.205920410156250000e+01
6.100324249267578125e+01 7.914508819580078125e+01 9.178894042968750000e+01
7.368904113769531250e+01 7.898207092285156250e+01 9.107534027099609375e+01
7.716625976562500000e+01 8.053672027587890625e+01 9.245182800292968750e+01
4.853750610351562500e+01 8.020500183105468750e+01 9.127577972412109375e+01
5.655280303955078125e+01 8.032039642333984375e+01 9.075504302978515625e+01
4.186273574829101562e+01 8.180700683593750000e+01 9.403522491455078125e+01
3.738528060913085938e+01 8.637323760986328125e+01 9.302109527587890625e+01
5.959486007690429688e+01 7.792938995361328125e+01 9.196907806396484375e+01
6.098011779785156250e+01 7.666809844970703125e+01 9.188903045654296875e+01
8.036097717285156250e+01 8.136592864990234375e+01 9.451574707031250000e+01
1.029788970947265625e+02 9.788943481445312500e+01 9.205355834960937500e+01
6.484552001953125000e+01 7.777857208251953125e+01 9.060164642333984375e+01
8.725209045410156250e+01 5.823618698120117188e+01 9.367093658447265625e+01
4.979710006713867188e+01 8.153752136230468750e+01 9.205175781250000000e+01
6.221178817749023438e+01 6.975748443603515625e+01 9.498561096191406250e+01
8.298139953613281250e+01 6.597660064697265625e+01 9.611386871337890625e+01
5.852094650268554688e+01 7.917961883544921875e+01 9.238213348388671875e+01
8.883975982666015625e+01 8.826664733886718750e+01 9.612982177734375000e+01
1.049874496459960938e+02 1.063262557983398438e+02 9.606227111816406250e+01
1.050849151611328125e+02 1.051903152465820312e+02 9.334306335449218750e+01
1.079869918823242188e+02 1.053995361328125000e+02 9.089697265625000000e+01
3.710446929931640625e+01 8.515221405029296875e+01 9.225385284423828125e+01
1.079982299804687500e+02 1.094372558593750000e+02 9.491736602783203125e+01
4.146146392822265625e+01 8.592275238037109375e+01 9.431193542480468750e+01
8.630458831787109375e+01 5.788822555541992188e+01 9.280089569091796875e+01
6.917328643798828125e+01 7.677423858642578125e+01 9.421021270751953125e+01
6.603113555908203125e+01 7.169093322753906250e+01 9.407270812988281250e+01
9.249687957763671875e+01 7.499365234375000000e+01 9.355468750000000000e+01
8.297302246093750000e+01 8.225496673583984375e+01 9.507869720458984375e+01
1.062605972290039062e+02 1.005696716308593750e+02 9.270536041259765625e+01
4.903897857666015625e+01 8.048310089111328125e+01 9.285882568359375000e+01
5.618085479736328125e+01 7.928677368164062500e+01 9.191593933105468750e+01
1.061519927978515625e+02 1.072743225097656250e+02 9.534202575683593750e+01
5.346515274047851562e+01 7.846304321289062500e+01 9.251497650146484375e+01
6.213762664794921875e+01 7.437116241455078125e+01 9.299977874755859375e+01
4.639646911621093750e+01 8.072296905517578125e+01 9.404226684570312500e+01
7.474672698974609375e+01 7.778662872314453125e+01 9.326496124267578125e+01
5.345349502563476562e+01 8.087008666992187500e+01 9.337091827392578125e+01
3.707393264770507812e+01 8.447372436523437500e+01 9.407643127441406250e+01
1.027554702758789062e+02 1.038305816650390625e+02 9.278786468505859375e+01
9.021760559082031250e+01 9.065346527099609375e+01 9.540635681152343750e+01
1.096326293945312500e+02 1.144949798583984375e+02 9.297024536132812500e+01
1.090053710937500000e+02 1.112330932617187500e+02 9.312254333496093750e+01
6.567988586425781250e+01 7.539071655273437500e+01 9.322621917724609375e+01
3.084403991699218750e+01 8.788822174072265625e+01 9.290533447265625000e+01
3.156867599487304688e+01 8.943123626708984375e+01 9.045424652099609375e+01
2.883251190185546875e+01 9.002764892578125000e+01 9.485024261474609375e+01
7.096789550781250000e+01 7.784842681884765625e+01 9.373102569580078125e+01
3.207871246337890625e+01 9.027038574218750000e+01 9.155171203613281250e+01
3.384410095214843750e+01 8.862050628662109375e+01 9.302040863037109375e+01
3.276174545288085938e+01 9.089231872558593750e+01 9.404092407226562500e+01
3.907199478149414062e+01 8.333854675292968750e+01 9.451782226562500000e+01
1.001169509887695312e+02 9.945963287353515625e+01 9.444698333740234375e+01
1.033947448730468750e+02 9.882932281494140625e+01 9.409457397460937500e+01
3.439774703979492188e+01 8.746846008300781250e+01 9.330689239501953125e+01
6.814002227783203125e+01 7.292495727539062500e+01 9.383815765380859375e+01
9.242374420166015625e+01 7.740571594238281250e+01 9.647732543945312500e+01
5.300754928588867188e+01 7.943037414550781250e+01 9.367633056640625000e+01
9.483752441406250000e+01 9.456753540039062500e+01 9.749900817871093750e+01
9.890469360351562500e+01 9.080534362792968750e+01 9.534082794189453125e+01
9.716535949707031250e+01 9.675366973876953125e+01 9.528522491455078125e+01
4.938957595825195312e+01 8.096597290039062500e+01 9.316053009033203125e+01
4.701487731933593750e+01 8.295674896240234375e+01 9.441310119628906250e+01
6.145077896118164062e+01 7.167139434814453125e+01 9.442230987548828125e+01
3.439445877075195312e+01 8.651267242431640625e+01 9.498915863037109375e+01
8.421865081787109375e+01 6.154550170898437500e+01 9.820433807373046875e+01
7.858917236328125000e+01 8.024320983886718750e+01 9.522263336181640625e+01
1.108360137939453125e+02 1.144228134155273438e+02 9.371412658691406250e+01
1.106686782836914062e+02 1.134977188110351562e+02 9.552264404296875000e+01
7.693080902099609375e+01 7.513032531738281250e+01 9.371097564697265625e+01
8.761525726318359375e+01 8.668212890625000000e+01 9.686701202392578125e+01
6.369567871093750000e+01 7.033391571044921875e+01 9.697683715820312500e+01
1.057970962524414062e+02 1.022997894287109375e+02 9.886774444580078125e+01
4.181641387939453125e+01 8.204109191894531250e+01 9.689190673828125000e+01
3.659488296508789062e+01 8.698582458496093750e+01 9.441978454589843750e+01
7.677348327636718750e+01 7.817412567138671875e+01 9.378275299072265625e+01
1.068768920898437500e+02 1.074326248168945312e+02 9.533526611328125000e+01
3.517439651489257812e+01 8.806552886962890625e+01 9.509511566162109375e+01
6.304147720336914062e+01 7.331537628173828125e+01 9.465382385253906250e+01
1.090413970947265625e+02 1.138820953369140625e+02 9.636598968505859375e+01
7.090985870361328125e+01 7.694472503662109375e+01 9.507195281982421875e+01
3.192893791198730469e+01 8.725579833984375000e+01 9.585884094238281250e+01
6.589721679687500000e+01 7.283148193359375000e+01 9.459527587890625000e+01
1.017419662475585938e+02 1.016350402832031250e+02 9.461158752441406250e+01
8.146885681152343750e+01 8.098153686523437500e+01 9.789348602294921875e+01
1.026249160766601562e+02 1.042648696899414062e+02 9.491300964355468750e+01
8.960746002197265625e+01 6.657458496093750000e+01 9.779580688476562500e+01
8.868196868896484375e+01 6.149487686157226562e+01 1.043314971923828125e+02
8.030668640136718750e+01 7.569735717773437500e+01 9.534920501708984375e+01
4.678262710571289062e+01 8.182952880859375000e+01 9.586173248291015625e+01
1.101805648803710938e+02 1.150309219360351562e+02 9.658693695068359375e+01
9.022149658203125000e+01 9.233901214599609375e+01 9.819937896728515625e+01
4.442468261718750000e+01 8.175045776367187500e+01 9.565742492675781250e+01
6.765153503417968750e+01 7.406957244873046875e+01 9.414620208740234375e+01
1.017227935791015625e+02 1.011507873535156250e+02 9.683922576904296875e+01
7.232731628417968750e+01 7.439236450195312500e+01 9.506056213378906250e+01
8.095357513427734375e+01 7.426594543457031250e+01 9.637367248535156250e+01
3.791238403320312500e+01 8.595972442626953125e+01 9.579594421386718750e+01
8.207669067382812500e+01 6.901070404052734375e+01 9.937802124023437500e+01
9.098239135742187500e+01 7.353050231933593750e+01 9.678536987304687500e+01
9.795671844482421875e+01 8.954011535644531250e+01 9.797360992431640625e+01
2.782575416564941406e+01 8.963001251220703125e+01 9.635404968261718750e+01
1.022490768432617188e+02 1.040769958496093750e+02 9.819611358642578125e+01
9.791923522949218750e+01 9.696430206298828125e+01 9.811948394775390625e+01
8.636870574951171875e+01 5.800629043579101562e+01 9.980831146240234375e+01
8.718389892578125000e+01 5.874645614624023438e+01 1.014576873779296875e+02
8.553669738769531250e+01 5.830048751831054688e+01 1.002500305175781250e+02
3.045983314514160156e+01 8.755216217041015625e+01 9.798272705078125000e+01
3.793145751953125000e+01 8.486195373535156250e+01 9.606869506835937500e+01
4.443690109252929688e+01 8.336907196044921875e+01 9.657642364501953125e+01
4.101526260375976562e+01 8.590245056152343750e+01 9.694322204589843750e+01
3.956507873535156250e+01 8.411896514892578125e+01 9.779590606689453125e+01
2.830163955688476562e+01 9.134944915771484375e+01 9.760253143310546875e+01
9.588050842285156250e+01 8.669268035888671875e+01 9.879264831542968750e+01
3.211142349243164062e+01 9.102146911621093750e+01 9.956993865966796875e+01
9.024760437011718750e+01 7.121715545654296875e+01 1.002413024902343750e+02
1.037162475585937500e+02 1.057577819824218750e+02 9.866697692871093750e+01
8.641046905517578125e+01 8.354494476318359375e+01 9.742725372314453125e+01
6.295128631591796875e+01 7.170738983154296875e+01 9.782118225097656250e+01
3.495644760131835938e+01 8.709185791015625000e+01 9.615277862548828125e+01
1.019381713867187500e+02 9.797103881835937500e+01 9.703472900390625000e+01
1.032573623657226562e+02 9.984951782226562500e+01 9.662696075439453125e+01
8.317658233642578125e+01 6.687493133544921875e+01 1.015636749267578125e+02
9.869853973388671875e+01 9.218067932128906250e+01 9.737232971191406250e+01
9.327803802490234375e+01 8.135739898681640625e+01 9.974340820312500000e+01
2.643809509277343750e+01 9.154709625244140625e+01 9.654489898681640625e+01
4.192129135131835938e+01 8.282792663574218750e+01 9.824021911621093750e+01
1.011773757934570312e+02 9.977104187011718750e+01 9.715295410156250000e+01
2.776375007629394531e+01 8.908655548095703125e+01 9.946960449218750000e+01
8.381897735595703125e+01 8.170500183105468750e+01 9.743539428710937500e+01
4.052882003784179688e+01 8.495355224609375000e+01 9.868599700927734375e+01
2.502676010131835938e+01 9.166135406494140625e+01 9.686688232421875000e+01
2.502317810058593750e+01 8.999893188476562500e+01 9.766835021972656250e+01
9.253633880615234375e+01 9.395199584960937500e+01 9.967441558837890625e+01
8.230741882324218750e+01 7.787362670898437500e+01 9.800373840332031250e+01
9.455499267578125000e+01 8.331297302246093750e+01 1.006568984985351562e+02
9.047373199462890625e+01 7.594417572021484375e+01 1.003125076293945312e+02
8.884758758544921875e+01 8.966024017333984375e+01 9.980859375000000000e+01
8.428249359130859375e+01 6.035623931884765625e+01 1.023419265747070312e+02
2.840529441833496094e+01 9.148908233642578125e+01 1.003735275268554688e+02
3.187902069091796875e+01 8.755957031250000000e+01 9.929154968261718750e+01
1.057973632812500000e+02 1.055671997070312500e+02 9.807082366943359375e+01
8.266239929199218750e+01 7.584298706054687500e+01 9.892222595214843750e+01
1.027932586669921875e+02 1.016942138671875000e+02 9.889073944091796875e+01
9.526528167724609375e+01 9.462796783447265625e+01 9.918784332275390625e+01
2.268258666992187500e+01 9.247901153564453125e+01 1.015900421142578125e+02
8.377481842041015625e+01 7.686785125732421875e+01 9.947276306152343750e+01
3.271091461181640625e+01 8.935288238525390625e+01 1.003970413208007812e+02
9.995368957519531250e+01 9.667667388916015625e+01 9.857133483886718750e+01
1.051212310791015625e+02 1.036613845825195312e+02 1.012156066894531250e+02
8.779340362548828125e+01 8.493276977539062500e+01 9.837684631347656250e+01
2.531118774414062500e+01 9.297660064697265625e+01 9.989525604248046875e+01
8.435707092285156250e+01 7.831668853759765625e+01 9.911187744140625000e+01
9.826490020751953125e+01 9.564585876464843750e+01 9.994005584716796875e+01
8.629576873779296875e+01 8.102303314208984375e+01 9.850137329101562500e+01
9.638878631591796875e+01 9.382743072509765625e+01 1.002441253662109375e+02
9.394772338867187500e+01 8.342169189453125000e+01 1.017978897094726562e+02
1.040296096801757812e+02 1.047799911499023438e+02 1.015713653564453125e+02
2.517266273498535156e+01 8.954058837890625000e+01 1.013384628295898438e+02
8.395337677001953125e+01 7.203192138671875000e+01 1.021420974731445312e+02
3.077545928955078125e+01 8.802019500732421875e+01 1.013894653320312500e+02
2.258358955383300781e+01 9.181704711914062500e+01 1.032109985351562500e+02
8.924952697753906250e+01 8.769260406494140625e+01 1.019265518188476562e+02
8.835085296630859375e+01 8.037713623046875000e+01 1.017580337524414062e+02
8.960233306884765625e+01 8.483823394775390625e+01 1.021183242797851562e+02
8.895992279052734375e+01 9.409260559082031250e+01 1.021786575317382812e+02
8.322229003906250000e+01 6.871083831787109375e+01 1.028069992065429688e+02
9.440795898437500000e+01 9.205907440185546875e+01 1.036240463256835938e+02
9.448772430419921875e+01 8.735678863525390625e+01 1.010361404418945312e+02
3.097082710266113281e+01 9.006338500976562500e+01 1.027576065063476562e+02
9.107770538330078125e+01 7.963860321044921875e+01 1.018551330566406250e+02
8.971453857421875000e+01 7.282498931884765625e+01 1.020657577514648438e+02
2.459460830688476562e+01 9.294212341308593750e+01 1.039458923339843750e+02
8.886841583251953125e+01 7.482022094726562500e+01 1.032926483154296875e+02
8.376436614990234375e+01 7.467786407470703125e+01 1.017737579345703125e+02
8.826434326171875000e+01 7.890041351318359375e+01 1.027788543701171875e+02
8.613528442382812500e+01 7.596475219726562500e+01 1.019805526733398438e+02
2.291141128540039062e+01 9.338328552246093750e+01 1.019557418823242188e+02
8.923757934570312500e+01 6.940599822998046875e+01 1.027194519042968750e+02
8.406253814697265625e+01 6.253687286376953125e+01 1.057614364624023438e+02
9.193367767333984375e+01 9.267890167236328125e+01 1.034053115844726562e+02
8.957590484619140625e+01 9.381912231445312500e+01 1.033166580200195312e+02
8.641359710693359375e+01 5.814416503906250000e+01 1.036747131347656250e+02
2.477130508422851562e+01 9.076142120361328125e+01 1.048725051879882812e+02
8.908598327636718750e+01 9.057730102539062500e+01 1.029787673950195312e+02
2.862088966369628906e+01 9.015635681152343750e+01 1.025743713378906250e+02
8.867684173583984375e+01 6.405292510986328125e+01 1.059341125488281250e+02
8.879222106933593750e+01 7.693466949462890625e+01 1.041482696533203125e+02
9.228899383544921875e+01 8.691439819335937500e+01 1.025515136718750000e+02
8.465086364746093750e+01 5.751282119750976562e+01 1.071473312377929688e+02
8.828077697753906250e+01 6.038219070434570312e+01 1.080726089477539062e+02
2.028976631164550781e+01 9.299227905273437500e+01 1.027599563598632812e+02
8.835803222656250000e+01 7.041066741943359375e+01 1.038495864868164062e+02
9.082985687255859375e+01 8.271683502197265625e+01 1.033501815795898438e+02
8.974385070800781250e+01 8.959450531005859375e+01 1.055799560546875000e+02
2.073218154907226562e+01 9.492725372314453125e+01 1.030999526977539062e+02
8.746797943115234375e+01 7.335142517089843750e+01 1.039940261840820312e+02
8.444789123535156250e+01 6.884701538085937500e+01 1.060453262329101562e+02
2.095387458801269531e+01 9.531433868408203125e+01 1.046505050659179688e+02
9.254790496826171875e+01 9.065492248535156250e+01 1.043335952758789062e+02
9.166733551025390625e+01 8.469158172607421875e+01 1.026835098266601562e+02
1.914732170104980469e+01 9.403921508789062500e+01 1.039859313964843750e+02
9.065988922119140625e+01 8.718428039550781250e+01 1.035182723999023438e+02
8.597282409667968750e+01 7.121390533447265625e+01 1.045210418701171875e+02
1.989516639709472656e+01 9.235808563232421875e+01 1.056920471191406250e+02
8.955287170410156250e+01 9.135691833496093750e+01 1.043639297485351562e+02
8.791979217529296875e+01 6.781121826171875000e+01 1.064540328979492188e+02
2.355005836486816406e+01 9.338757324218750000e+01 1.056545791625976562e+02
2.327422904968261719e+01 9.169703674316406250e+01 1.054072265625000000e+02
9.072135162353515625e+01 8.965721130371093750e+01 1.064688949584960938e+02
8.339076232910156250e+01 5.752439117431640625e+01 1.124724807739257812e+02
8.769308471679687500e+01 5.886010360717773438e+01 1.095223159790039062e+02
2.292449378967285156e+01 9.238246917724609375e+01 1.069734344482421875e+02
2.148484039306640625e+01 9.538246917724609375e+01 1.071211547851562500e+02
8.681475830078125000e+01 6.773061370849609375e+01 1.075995254516601562e+02
1.708765411376953125e+01 9.498602294921875000e+01 1.077762298583984375e+02
8.590891265869140625e+01 6.862494659423828125e+01 1.071235275268554688e+02
8.437467193603515625e+01 6.548059082031250000e+01 1.076595916748046875e+02
8.436898040771484375e+01 6.253589248657226562e+01 1.087533111572265625e+02
1.708079910278320312e+01 9.385686492919921875e+01 1.085818176269531250e+02
2.026638603210449219e+01 9.235018157958984375e+01 1.089561691284179688e+02
8.797048950195312500e+01 6.309651947021484375e+01 1.082489700317382812e+02
8.567032623291015625e+01 5.727545928955078125e+01 1.102909774780273438e+02
1.775889778137207031e+01 9.514547729492187500e+01 1.093443832397460938e+02
8.390277099609375000e+01 5.652663421630859375e+01 1.104640274047851562e+02
2.129208564758300781e+01 9.489917755126953125e+01 1.094608993530273438e+02
8.696065521240234375e+01 6.342676544189453125e+01 1.093863143920898438e+02
8.553203582763671875e+01 6.273329544067382812e+01 1.099064407348632812e+02
1.746889495849609375e+01 9.435308837890625000e+01 1.096168289184570312e+02
2.098312377929687500e+01 9.393040466308593750e+01 1.107244186401367188e+02
8.414667510986328125e+01 5.993718719482421875e+01 1.121352310180664062e+02
8.706344604492187500e+01 6.036030578613281250e+01 1.122449188232421875e+02
8.418053436279296875e+01 5.543019485473632812e+01 1.135307846069335938e+02
8.560172271728515625e+01 6.051206207275390625e+01 1.125550231933593750e+02
8.542426300048828125e+01 5.767421722412109375e+01 1.130008926391601562e+02
8.202767181396484375e+01 5.467407608032226562e+01 1.148407287597656250e+02
8.464052581787109375e+01 5.757484436035156250e+01 1.140931243896484375e+02
8.372734832763671875e+01 5.639764404296875000e+01 1.165482177734375000e+02
8.259347534179687500e+01 5.298306655883789062e+01 1.155820999145507812e+02
8.363107299804687500e+01 5.345048522949218750e+01 1.183716888427734375e+02
8.123705291748046875e+01 5.447507476806640625e+01 1.185323715209960938e+02
8.197396850585937500e+01 5.304289245605468750e+01 1.190990371704101562e+02
8.322565460205078125e+01 5.410548019409179688e+01 1.212194137573242188e+02
8.204067230224609375e+01 5.481371688842773438e+01 1.214000625610351562e+02
