7.071067811865457742e+00 -1.731912112470981937e-15 7.071067811865492381e+00
1.529341333892668908e+00 6.556996747838773842e+00 7.393707374063374971e+00
6.123233995736766282e-16 -1.499759782661858046e-31 1.000000000000000000e+01
1.560588140302106019e-01 -6.766380798930586415e+00 7.361503686776700306e+00
-5.599970741928634865e+00 -2.770921190660295963e+00 7.807837309056392172e+00
6.123233995736766282e-16 -1.499759782661858046e-31 -1.000000000000000000e+01
2.928932188135683123e+00 6.435942529057561146e+00 -7.071067811863416708e+00
7.071067811865479946e+00 -1.731912112470988051e-15 -7.071067811865470176e+00
1.248034000536965893e+00 -5.403234348335359982e+00 -8.321506456794505624e+00
-3.967878093040448917e+00 3.119842356407322104e+00 -8.632643112624110771e+00
1.000000000000000000e+01 -2.449293598294706907e-15 3.307784318971030002e-14
6.662356226357304401e+00 -6.400652198990784747e+00 -3.826834323650878833e+00
7.675978308672237738e+00 5.199045003809382060e+00 -3.748237993131969148e+00
7.142719488593177068e+00 -6.349289610213772583e+00 2.944160279757654042e+00
6.712858179323909269e+00 7.131244153687792853e+00 2.020616709021719970e+00
-1.070077478114930924e+00 9.447905567603939403e+00 3.097097766695409149e+00
-4.799786694990634928e+00 5.121520272797643436e+00 7.122645419920441867e+00
1.334061463400078029e+00 -9.899496118550139556e+00 4.693150441671353201e-01
-8.080862176646466111e-01 -8.568250039326064993e+00 -5.092355832854704722e+00
-6.858189727945254610e+00 -7.180617949874808836e+00 1.184887975060042953e+00
2.879504663992713098e+00 9.390010315890727099e+00 -1.880467802837884062e+00
-7.951996288717131378e+00 5.944929745033824986e+00 1.193132578903534080e+00
-3.871633732556865048e+00 8.686694053755786626e+00 -3.090598430299810850e+00
-8.834276542230346863e+00 -7.475847030824123163e-01 4.625654017229977377e+00
-9.925854251964755903e+00 -2.688425173150684189e-01 -1.185386464254104988e+00
-8.008845716840683693e+00 4.261691792710886162e+00 -4.206705759591859106e+00
-7.265891603905410889e+00 -3.000204413391957203e+00 -6.181067276624668594e+00
