4.486341835732680222e-02 5.669862341138099879e-03 -8.891321968247460628e-02
3.839090806508230203e-02 9.523682140175099287e-03 -9.410847821499850052e-02
4.372358427574769835e-02 7.294850447838199976e-03 -8.950968161176570126e-02
4.030222399355479906e-02 6.167167390627100419e-03 -9.326709355858750494e-02
3.727851314879510047e-02 7.552479730561500147e-03 -9.587921263749869805e-02
3.975351420539929848e-02 7.029882771584799843e-03 -9.353145043070290598e-02
4.033955061114900126e-02 7.635744020728099657e-03 -9.276346973000210161e-02
3.211472711120139795e-02 9.693015102584400314e-03 -1.004519569708151039e-01
3.330462502631439947e-02 9.648788697912599396e-03 -9.931654329997739727e-02
3.035343294498460062e-02 9.886508189891700035e-03 -1.021948115751030034e-01
4.431654573332720337e-02 4.855585579217999888e-03 -8.980582720049309908e-02
2.750100686837519959e-02 1.173488285017220030e-02 -1.046935215886150988e-01
3.646785933643840322e-02 1.036200802296599957e-02 -9.577214857814900228e-02
3.063228184650760091e-02 1.206235121530409987e-02 -1.014155759333377066e-01
3.896474903064549994e-02 6.246896329779199654e-03 -9.459345732197020629e-02
3.529686911373269842e-02 7.423258872165599577e-03 -9.785930629331569819e-02
3.694957378337269949e-02 1.133556997817380084e-02 -9.486310077155479803e-02
4.367916479838909738e-02 6.488996278807899858e-03 -8.993842787458559973e-02
2.644847686027410050e-02 1.343242949441499946e-02 -1.054176111860058995e-01
3.154906099146610049e-02 1.254884015424720042e-02 -1.003045890219879943e-01
4.384333609712950247e-02 7.894863601579800091e-03 -8.910922595121199830e-02
2.600968057316059914e-02 1.235657461274180038e-02 -1.060447132330040038e-01
3.238340500967849811e-02 8.605852710010299458e-03 -1.004506481534547940e-01
3.040299987916660063e-02 1.022767720325029953e-02 -1.020771011888328000e-01
3.058240348071620054e-02 1.423885903484379926e-02 -1.007698617341432068e-01
3.122243647828600033e-02 8.658961288276100648e-03 -1.015266651781984997e-01
3.968372010368170083e-02 1.164776507570050058e-02 -9.176940409788869601e-02
2.811042905530310165e-02 1.596371351236839861e-02 -1.028989003874301034e-01
2.704836424790709945e-02 1.582200410316579944e-02 -1.041218266707133050e-01
2.747509461368299877e-02 1.637304599065990060e-02 -1.034486654975096953e-01
4.154762416922429952e-02 9.220813130157800783e-03 -9.094548454198299325e-02
4.077687213910499708e-02 6.333562047339900275e-03 -9.268320146252760627e-02
3.353647946814850012e-02 1.419719372990609942e-02 -9.745359738590760046e-02
3.647522150112429695e-02 6.171163463820399965e-03 -9.695928104643769530e-02
2.511780039234769862e-02 1.874955466352010158e-02 -1.053080981745466022e-01
2.266605742202359997e-02 1.898205967686010173e-02 -1.080671464975822005e-01
2.496153478342399978e-02 1.226101226806259985e-02 -1.069367787554966059e-01
3.274836571767809901e-02 7.237094788877100268e-03 -1.002773755679555040e-01
2.394880770980200094e-02 1.402606843526569939e-02 -1.078319089561148025e-01
2.457771256138130064e-02 1.319134430200460083e-02 -1.071613281459987965e-01
2.318788842304540104e-02 1.621582912351720099e-02 -1.081172838941170944e-01
2.758097761904739972e-02 1.709929541265430009e-02 -1.030511014293793021e-01
2.589953089960770130e-02 1.591984010666000135e-02 -1.052922492604508042e-01
3.711645693867630241e-02 1.341475814364469915e-02 -9.370494901047969616e-02
3.958925123387749961e-02 1.241260646325050010e-02 -9.140949693860979386e-02
2.105054774551360156e-02 1.930989261733090032e-02 -1.097034262421842932e-01
2.154037642858060153e-02 1.922968751031459839e-02 -1.089637545486610015e-01
2.187512749280169991e-02 1.497964012809300041e-02 -1.096072545201920018e-01
3.023788766597410027e-02 1.615213647143850031e-02 -1.003665421254140017e-01
3.134373682155269791e-02 1.701221388649359900e-02 -9.857416713083459736e-02
2.890281651712630143e-02 9.075547436472300791e-03 -1.035716393296084031e-01
4.213752849260279931e-02 9.940529060026199321e-03 -9.002063730824970411e-02
3.771516512216520345e-02 6.149925894991499845e-03 -9.560763387944599956e-02
3.704182858616349855e-02 1.544269720668899927e-02 -9.247347716554080166e-02
3.743849594311930012e-02 1.052568661139829942e-02 -9.418679055578130233e-02
3.738195722011630057e-02 1.400322145416939973e-02 -9.293415184083639313e-02
1.935163156017160116e-02 1.699756993981259984e-02 -1.117884285603309991e-01
1.964647182157540015e-02 2.194535038781349895e-02 -1.104978271270055934e-01
3.735742367461369895e-02 6.161377041649899675e-03 -9.577151963087969511e-02
2.868071752434879843e-02 9.258422572546699814e-03 -1.036176442482811960e-01
3.980294467235970246e-02 7.826086517571400128e-03 -9.297810366187060638e-02
1.618928018182329981e-02 2.338209524978649909e-02 -1.138536318086308952e-01
3.394409861514800092e-02 1.670223840851819963e-02 -9.555130035118959697e-02
3.925546511031360181e-02 1.272714250207220010e-02 -9.145540253744140202e-02
3.101640159271560129e-02 8.325095168109000049e-03 -1.010914294665354041e-01
3.024123541088200029e-02 8.982584282097800035e-03 -1.018579809043699963e-01
2.159126289981290123e-02 1.865474662469060116e-02 -1.090021304031195959e-01
2.246142221352440127e-02 2.156927156788759903e-02 -1.069232746213799046e-01
3.489068119490740250e-02 5.462591711612599724e-03 -9.811830440193600178e-02
3.873261103052699772e-02 4.242569077945199628e-03 -9.482758251802890503e-02
2.659707056983319842e-02 1.996566880592169982e-02 -1.027679062285570960e-01
3.981885087411460300e-02 1.087888290966879980e-02 -9.163388271817750341e-02
2.270654604178900041e-02 1.273010226509179929e-02 -1.087427090781147021e-01
1.779456797782329874e-02 2.442726022294650079e-02 -1.114434485215553966e-01
3.505102622849950306e-02 8.137145032231099875e-03 -9.706510372217279359e-02
1.713936354463639969e-02 2.062317178010170116e-02 -1.130081137286040038e-01
2.596889148888329932e-02 2.130477217457020164e-02 -1.027341626776844957e-01
3.316427545926890069e-02 5.801104194972499586e-03 -9.929031618133160597e-02
1.818773912947150087e-02 1.759466766982590094e-02 -1.124079842176825966e-01
1.438236383560100029e-02 2.455736769881679965e-02 -1.152571388869745028e-01
1.705232086613149914e-02 2.155485583710430031e-02 -1.127403729192336945e-01
2.036616511465180052e-02 1.343882758587609978e-02 -1.104584387352857966e-01
2.885144399243340027e-02 2.100625240750090064e-02 -9.888764068485039749e-02
3.494223139069060208e-02 5.422694033572999887e-03 -9.765358665963219664e-02
3.429960120088360043e-02 7.236588263559400394e-03 -9.772648202910259874e-02
1.697560330623019975e-02 1.651628035506999895e-02 -1.134463544294773973e-01
3.638433299660619874e-02 1.384449267424510063e-02 -9.342425212912529309e-02
3.343455896628270280e-02 1.105670020193010028e-02 -9.715770143774439538e-02
2.270039884164450072e-02 1.221062854957109985e-02 -1.082825743981813971e-01
3.946451800965349727e-02 1.357824461332409957e-02 -9.061943141330880414e-02
3.500766093574900206e-02 1.723958920015170038e-02 -9.363556373030229585e-02
1.433754655863229976e-02 1.687364633223430166e-02 -1.155648638995501049e-01
3.488229873054390223e-02 1.364847094542829924e-02 -9.459149227534169313e-02
1.550063944369019925e-02 2.413820306439970129e-02 -1.136124894567912963e-01
1.442701307321490010e-02 2.561608230951679943e-02 -1.149270170918228057e-01
2.326703681344000074e-02 1.173771526386950016e-02 -1.067599429616024054e-01
3.179822057281880138e-02 1.356282071818169961e-02 -9.745957993005299747e-02
3.853837131969759661e-02 1.583601658820290095e-02 -9.009387166750569553e-02
2.830696405049869940e-02 8.459351615368100596e-03 -1.031693126725769932e-01
2.862743776931429840e-02 8.630386879145699255e-03 -1.022597559285856050e-01
1.957044180523040064e-02 2.424358632076810058e-02 -1.088755621132121987e-01
2.390744712129230093e-02 2.382137159109900051e-02 -1.038551436200591954e-01
1.779429651603149989e-02 2.460448217428989892e-02 -1.108118714585231007e-01
2.570299073104459833e-02 9.534891677151999603e-03 -1.048536256828001001e-01
2.711324705807520094e-02 1.160903392752739988e-02 -1.027453826664340986e-01
3.369886390419549876e-02 1.915677366252839867e-02 -9.375719428412310208e-02
3.975688643171790271e-02 1.551085599131589964e-02 -8.867132227188530280e-02
2.915479418190609906e-02 1.166284355607940040e-02 -1.007147622918934948e-01
3.575425597525949684e-02 1.808058526009579878e-02 -9.177840617370229548e-02
1.332361449945369987e-02 2.259733174054540106e-02 -1.159998932710877007e-01
1.480315688471020054e-02 2.563250210869399970e-02 -1.137341477421713043e-01
5.906695129455699633e-03 2.375489675392649866e-02 -1.223591245608303957e-01
1.162767750296109931e-02 1.748194022726850053e-02 -1.175475309506168048e-01
2.159815636635889838e-02 2.639420887419240136e-02 -1.049938084471762068e-01
2.495535294676539881e-02 2.478072141618880078e-02 -1.011139174397541057e-01
3.108274580320539993e-02 1.619751157855369925e-02 -9.594098895199459909e-02
3.914212969753620014e-02 1.417441441561700065e-02 -9.006296528200150031e-02
2.046297702362129961e-02 2.609968844934220170e-02 -1.068924462832256950e-01
1.497473739795649947e-02 2.940570474504679982e-02 -1.118059099698384962e-01
3.838174638142170109e-02 1.711572097216240013e-02 -8.932261738560490216e-02
1.612851292964199990e-02 2.578524603211279978e-02 -1.120216738628768971e-01
1.594493380825839912e-02 1.497217622340400039e-02 -1.132612741151105967e-01
3.057875665274949889e-02 2.159452644293220064e-02 -9.561060896604800519e-02
1.720293224769340115e-02 1.473962853010130081e-02 -1.111235924300827960e-01
1.147957075609610036e-02 2.760831642162029850e-02 -1.162902407399285937e-01
1.216757159396660015e-02 2.526971555950109985e-02 -1.164322065676302032e-01
2.662573343915750068e-02 1.600275463534290080e-02 -9.985067569428450474e-02
1.873734283031140008e-02 2.929441050489419926e-02 -1.075815167892528040e-01
1.812727950835220023e-02 3.044705334801809868e-02 -1.079582247190770949e-01
2.077065548074579979e-02 2.863369428128230074e-02 -1.052113009560002033e-01
1.564423273819669918e-02 1.652224005135840071e-02 -1.114702502258566041e-01
3.600746448766400237e-02 1.612333644072450056e-02 -9.076175053976240359e-02
1.713890927891619995e-02 3.204629270568119803e-02 -1.082145876102770937e-01
1.776556870286679843e-02 2.950518073106059985e-02 -1.082030459996659033e-01
2.595513280955679888e-02 2.460956066262549868e-02 -9.965857563393140661e-02
1.698910149817040027e-02 3.230083213508549989e-02 -1.080943370187909952e-01
1.834008900074469983e-02 3.001826499750840163e-02 -1.067364534372146068e-01
3.524894273283860069e-02 1.553854556648379993e-02 -9.223833877414469584e-02
2.307842723089410103e-02 1.566626130922440033e-02 -1.029069271092736965e-01
1.343005359663249944e-02 1.611182137422949995e-02 -1.146991183549204013e-01
6.146297848571700105e-03 2.659760540859670147e-02 -1.218128887111901981e-01
3.712563202572199961e-02 1.789679298285479919e-02 -9.019900933333240001e-02
3.659940770856449921e-02 1.725574720302880047e-02 -8.955437508922159395e-02
1.435440802616400058e-03 2.627261159009279881e-02 -1.257876885328670091e-01
1.329771831684379950e-02 3.384673929256720032e-02 -1.123573129857290964e-01
1.671818631619180137e-02 1.690807380700929882e-02 -1.087991913314070025e-01
1.848232679873609841e-02 3.095814118180759827e-02 -1.065617333945851064e-01
2.110400279339860047e-02 2.815348034157939827e-02 -1.036297129593889976e-01
7.931101349653199920e-03 3.233398761144629791e-02 -1.180040558002700968e-01
1.004778033196900098e-03 3.145021720432510104e-02 -1.256160876389103009e-01
2.671245154766129989e-02 2.415099783375750098e-02 -9.796393247479069644e-02
1.274813646603860026e-02 3.509242340177989861e-02 -1.124338575466552054e-01
3.784923619830669883e-02 1.729199978520589917e-02 -8.921932109129210309e-02
6.037115027266799945e-03 3.053507950640359930e-02 -1.207247293839229935e-01
1.016051204380729982e-02 1.907028145229179919e-02 -1.160685629695591969e-01
6.453267334908400002e-03 2.087984271122600086e-02 -1.210968126933664041e-01
7.823306485590800566e-03 3.422808756082140053e-02 -1.178663570528044047e-01
1.990874629564479831e-02 2.946724691395450138e-02 -1.035697575646920970e-01
1.052771051439899998e-02 3.476872653122060203e-02 -1.146808879610076992e-01
1.676303068183599906e-03 2.496446100552239880e-02 -1.252058887400550879e-01
1.625903797195779946e-02 3.213868787856449805e-02 -1.077984578325866943e-01
1.869787725984820015e-02 1.901961754759000020e-02 -1.042563379228269027e-01
1.317152080817859949e-02 3.539782333330689784e-02 -1.113800567778255035e-01
1.340188159165650074e-02 3.521750908724100015e-02 -1.102286010237349956e-01
7.531531144866899889e-03 2.082574727998389927e-02 -1.169664991144330063e-01
-3.673223747272299795e-03 3.090192064296630112e-02 -1.299073279968396000e-01
2.286850320673920051e-02 1.942224378272600083e-02 -9.992151384267340675e-02
2.935678310239700148e-02 1.826803881052359996e-02 -9.419092102162089641e-02
2.338771721266300063e-03 2.354926456634130055e-02 -1.238484126712861982e-01
6.616390472318599801e-03 3.891650086620399712e-02 -1.174557334314910995e-01
3.481104113137679923e-02 1.950524211647140099e-02 -9.207815560920799836e-02
1.286589913512869998e-02 1.923694213621369997e-02 -1.102338923187105024e-01
3.731442871063520017e-02 1.800861774658810144e-02 -9.014182056500169571e-02
1.156224824698169965e-02 3.691744469173659920e-02 -1.120109809114424038e-01
2.681390877542700040e-03 2.287705362561700054e-02 -1.214856625618735975e-01
-6.401779231337500174e-03 2.976921717042730134e-02 -1.318307297956664015e-01
1.317663633895269949e-02 3.489657363390639977e-02 -1.098478277484317978e-01
1.233099654903900078e-03 3.596803590648169763e-02 -1.239555685969263993e-01
5.217291474382400318e-03 3.590448798098039990e-02 -1.205255923737738044e-01
3.008007046561540082e-02 2.209228398572269866e-02 -9.536720512662809346e-02
-3.960717482675200039e-03 2.676608812600629952e-02 -1.273042798401675113e-01
3.147914527904300055e-03 3.912760673327569938e-02 -1.217032185692231983e-01
1.204540451198530052e-02 3.712722483962770104e-02 -1.109330551918503022e-01
8.079555483551100620e-03 2.238128186851360071e-02 -1.124403901943011042e-01
2.387020524135500046e-02 2.631789780333619946e-02 -9.972854083480339749e-02
1.576048781979360117e-02 2.192672524430780076e-02 -1.037553435676059066e-01
7.485546035528699814e-03 3.986430636386369825e-02 -1.158103521351420973e-01
5.827033815462400422e-03 2.465570712041120077e-02 -1.124543029196657939e-01
3.645610743708079665e-02 1.910285629447189965e-02 -9.117326891952609591e-02
3.173282090829410151e-02 1.885965304035500112e-02 -9.164328183857860244e-02
2.262369772588530142e-02 2.740804477356559993e-02 -1.008610511331795023e-01
-3.189976620948400086e-03 3.636917953813059712e-02 -1.288662891059217941e-01
3.827012511158039976e-02 1.834875024045769937e-02 -8.968825688663879803e-02
-5.919848502354999736e-03 2.867148165335639889e-02 -1.311429154018952103e-01
3.001765283800129913e-02 2.259845026786599931e-02 -9.556476086445539475e-02
1.401144620214899925e-02 3.535901436120700292e-02 -1.077659916285397951e-01
-5.258465061862300366e-03 3.415507732794859780e-02 -1.309355109677881046e-01
-2.777816251228399855e-03 4.058588877172829984e-02 -1.285054329824291131e-01
5.539320266985100182e-03 2.295698160199139901e-02 -1.172482275152474940e-01
1.304774990025049999e-02 3.679985199572040344e-02 -1.093311400974811970e-01
3.824646425960399887e-02 1.767212233990980014e-02 -8.854434169350609840e-02
-3.997125407332500005e-03 4.362339466203649790e-02 -1.294980109109573063e-01
-2.446420331215999871e-03 2.603985405242949941e-02 -1.247103506166453019e-01
-4.620611076552000145e-03 3.914949117776519993e-02 -1.294448010395541082e-01
-7.426630784525599903e-03 4.197747837416079819e-02 -1.320150375667950016e-01
3.547295924481899676e-02 2.053689268793409961e-02 -9.310876247680960338e-02
-7.598080320388300203e-03 3.338133370079710005e-02 -1.324646492465716974e-01
2.208852290963920009e-02 2.796266393498030023e-02 -1.010547342707255047e-01
3.689447331835000315e-02 1.757316545069539937e-02 -8.790275126099089675e-02
4.162360531771010230e-02 1.711060035697179946e-02 -8.678291413948349686e-02
4.016111524956750278e-02 1.692120855666159884e-02 -8.678385134428620584e-02
1.029277051336299938e-02 3.995575369541440325e-02 -1.121587075735631933e-01
8.324587534069300548e-03 4.043437550962449695e-02 -1.145312691897260038e-01
-2.012432849811600193e-03 4.409945519606849745e-02 -1.263924942743201996e-01
4.201417497879050139e-02 1.882575646493120022e-02 -8.899761439150920272e-02
2.483669556381500054e-02 2.594347048630389965e-02 -9.919642428683060620e-02
-9.234034596778000620e-03 3.562301024054719684e-02 -1.337852534975141061e-01
2.625049697367920140e-02 2.593103204636899861e-02 -9.838304736106799619e-02
9.567758870158300441e-03 2.465704653903690036e-02 -1.062216403111618940e-01
-7.011416296728899614e-03 3.746443850272739712e-02 -1.322523515636717106e-01
4.568671132314900199e-03 4.223162341388859986e-02 -1.183542914832216020e-01
3.862883445424530188e-02 1.852584450297100130e-02 -8.687039817220920668e-02
3.039157843253369878e-02 2.003793097644999965e-02 -8.961347517610100677e-02
1.719462036122360038e-02 3.286492522395430271e-02 -1.043828714851570971e-01
5.603006167546999497e-04 4.366542499935199828e-02 -1.232118132219213041e-01
-2.964429841323799886e-03 2.708869508763630043e-02 -1.217912728819853935e-01
8.216284371817600060e-03 4.355074719639340231e-02 -1.144681842715229020e-01
6.798144259468200286e-03 4.376908966705519988e-02 -1.164694481387441999e-01
8.976116106168699829e-03 4.334757544574149857e-02 -1.128474409874867940e-01
-6.984026314014999716e-03 4.495620817762349675e-02 -1.324091033010645901e-01
9.023340040917199670e-03 4.256331915438939933e-02 -1.118590506463306017e-01
-9.296293692226899677e-03 3.241418827695240201e-02 -1.330420227031652025e-01
-8.074905178395000438e-03 3.008963735839920162e-02 -1.316988815460078122e-01
1.771621634281569935e-02 3.244997006630429698e-02 -1.039585983362271981e-01
2.142593999804269858e-02 2.871999481979869984e-02 -1.018461834160361984e-01
7.752884309225999658e-04 4.765658076115100034e-02 -1.220232100411279968e-01
1.973370679491900145e-03 4.824454475816070120e-02 -1.213278122498522016e-01
4.301778421155150189e-02 2.071234033864570098e-02 -9.026437438265580426e-02
4.082933043222779917e-02 2.065389291401399999e-02 -8.884922373066919676e-02
1.518871937149230029e-02 2.670848108634690105e-02 -9.511291449613419602e-02
1.273561424185659999e-02 3.721188043236969833e-02 -1.082443867160164941e-01
-9.499455624947399784e-03 4.140997668365099804e-02 -1.335892170072056906e-01
-1.923972733779400011e-03 2.926534837462919925e-02 -1.150888729392463006e-01
1.750992667783710099e-02 2.325987409502330155e-02 -9.837899924021080433e-02
-8.883936664458800744e-03 4.819916178911220345e-02 -1.352300738072287067e-01
2.847111981089860133e-02 2.276737948978529991e-02 -8.840384814511280387e-02
-1.145297266976359925e-02 3.886776421399849857e-02 -1.345823300292393887e-01
3.533777824464220257e-02 2.172326954334730109e-02 -9.421399214354400642e-02
-6.505333210192499986e-03 4.691591918912500075e-02 -1.325895513108008017e-01
1.019090268637859974e-02 4.103073880516199673e-02 -1.088299143207862030e-01
-1.417506818028609929e-02 4.286778526647330029e-02 -1.371742004709161911e-01
-6.468139356636299839e-03 4.864238753992110309e-02 -1.314553984490273997e-01
1.815251034063400035e-03 5.142938049566930098e-02 -1.204830413548946960e-01
2.652879195878729904e-02 2.796069843063970009e-02 -9.819320878138880493e-02
-9.474242336281600563e-03 3.334788000082510029e-02 -1.321971392016648983e-01
-1.164130080733370015e-02 3.605748639016320006e-02 -1.346199235593842913e-01
-7.278451232917099688e-03 2.911607203937719920e-02 -1.277011465125993950e-01
-3.165731435167600059e-03 5.079252625294650159e-02 -1.274409683356977907e-01
4.583816674607980174e-02 1.813793252729739916e-02 -8.596352268190080026e-02
4.958027587383100065e-02 1.732170104503080038e-02 -8.712098798721250315e-02
5.183631163426660055e-02 1.680230397334089854e-02 -8.603267063058689379e-02
2.104211973801200196e-03 5.322037430250849827e-02 -1.192171047209455992e-01
6.536256229031399585e-03 4.728311543881599799e-02 -1.140478729800732949e-01
4.731059483872999852e-04 2.745521766466110097e-02 -1.163121440737810985e-01
8.365174561871999842e-03 2.611890215131389831e-02 -1.052064396834423987e-01
-9.154987798627400170e-03 3.187987003351540338e-02 -1.293112257430450995e-01
3.034468817994270123e-02 2.489833415818579893e-02 -8.843186337087159676e-02
4.084394495592390262e-02 2.401420224097519998e-02 -9.236829567021230536e-02
-1.000428152091530076e-02 5.156579884990179774e-02 -1.354510854013213084e-01
-1.236303379722330023e-02 3.726452941406319802e-02 -1.339905568578955986e-01
5.008362724490920265e-02 1.905698397750120107e-02 -9.044218050896539463e-02
-8.112470521119500080e-03 3.328348074179739852e-02 -1.291591210585067984e-01
-1.362610583600339965e-02 5.096139609461750042e-02 -1.394747440989334009e-01
-6.624860451651599577e-03 5.502880427903100030e-02 -1.317941914144213911e-01
4.290281086555219892e-02 2.165796540487539834e-02 -8.792802728198259588e-02
-1.300800748863199926e-03 5.219016839401999924e-02 -1.253297609297162885e-01
-5.579224351055900311e-03 3.148287558147620097e-02 -1.244851372821357965e-01
-6.666065473218900361e-03 3.574350718861470100e-02 -1.244481361039219969e-01
-1.703977259571400060e-02 4.850198693613620021e-02 -1.407696183484503094e-01
8.510229689928599725e-03 2.834167998036640074e-02 -9.908338482632210453e-02
2.044810256886000002e-02 3.208478045104350140e-02 -1.019001914443933010e-01
2.218798055236340105e-02 3.053770816846319847e-02 -9.939104381306400338e-02
-2.545474148050099784e-03 3.369287850243189719e-02 -1.165899348096814947e-01
4.890352074044369834e-02 2.425961703908889947e-02 -9.464639336638210054e-02
-1.201539408550540006e-02 3.904261571336140046e-02 -1.320086198452727899e-01
5.389457748237799772e-02 2.049411722973280142e-02 -9.266782782027149779e-02
2.033977455361899844e-03 3.027590840909150094e-02 -1.079417105696336004e-01
-1.575960736985839925e-02 4.322899328573540090e-02 -1.362139044187742065e-01
-1.502476196966280077e-02 5.470202838872850054e-02 -1.409358767618157926e-01
-1.609873446118290086e-02 5.109054588164239907e-02 -1.401913659627780084e-01
-1.050303786834480037e-02 5.633022066632519670e-02 -1.366647781215775126e-01
4.838958737413529693e-02 2.177309406838109918e-02 -9.075593856906029322e-02
-1.307007137999199962e-03 5.548213175716650014e-02 -1.245149648482381938e-01
1.038291683202170052e-02 2.970795714078629940e-02 -9.248369468827630224e-02
3.429465216780330089e-02 2.347145798702490044e-02 -8.734019765438459648e-02
3.013576670662480167e-02 2.655705201340550006e-02 -8.700806330556069834e-02
2.996720038317590012e-02 3.555128763708550327e-02 -9.503328317821049809e-02
-1.276361459584049972e-02 4.115076736291629900e-02 -1.305063833960460051e-01
-3.753960959381000186e-03 5.673785619760349924e-02 -1.278289954515371973e-01
-1.716158907329999941e-03 3.266039733071399859e-02 -1.134664283037949001e-01
-5.342442482088900248e-03 3.702921186455999936e-02 -1.165361928084037990e-01
-5.819535025571099737e-03 3.739426923825019816e-02 -1.211195468567111966e-01
1.267958688724129916e-02 3.978406699748039677e-02 -1.051053228656755045e-01
-7.212771772728300383e-03 3.946775855017389811e-02 -1.189776691917430046e-01
3.677113232595449754e-02 3.704991569938789753e-02 -9.197056872022810192e-02
1.609555390694869872e-02 3.627236417636400118e-02 -1.032001243024324999e-01
-1.545022255212019982e-02 5.772322325652010089e-02 -1.421936880636706924e-01
4.796016916727999994e-04 3.236541643394019729e-02 -1.075325788650332015e-01
-3.384118958766000056e-04 5.795200584710429731e-02 -1.228259427126232040e-01
1.046128170956999977e-03 5.616116540836910143e-02 -1.194137846662428060e-01
-1.882376298605229967e-02 5.754176098322359711e-02 -1.439740234027055976e-01
-8.508752380249600539e-03 6.024273240856280187e-02 -1.337620791518573937e-01
5.646089030401300370e-03 3.263557368712349804e-02 -9.616809416645109854e-02
1.951904578520919850e-02 2.957967665387420050e-02 -8.763918268383709409e-02
-6.667472115928000081e-04 6.130344751445619689e-02 -1.219073664812667934e-01
6.259692570349500128e-03 3.275739271053439844e-02 -9.379421719244609990e-02
-5.349834300080400125e-03 4.061388722711879729e-02 -1.110162821115777965e-01
2.657836496520999889e-03 5.379790701966759986e-02 -1.158882951879860040e-01
4.607057781357679765e-02 3.781891936834640144e-02 -9.574120543842920550e-02
2.317415603721779960e-02 3.480474539666460199e-02 -9.574961942491450051e-02
4.289851383595250089e-02 3.532622034836299663e-02 -9.484843672478859844e-02
-5.564480603844399950e-03 3.704053339378880066e-02 -1.136568993582328935e-01
1.587820461940800051e-03 3.623542863621580234e-02 -9.900306271969580574e-02
6.923842021562200306e-03 3.494547526009830068e-02 -9.265521981094329562e-02
-1.615757579648929854e-02 4.431421590059689969e-02 -1.261275197634431910e-01
-2.742941520363399981e-03 6.170550323375670332e-02 -1.258063359545217863e-01
-2.521521287782660034e-02 5.471315557835679938e-02 -1.487080164706640062e-01
-1.611500982017050054e-02 6.398977225200219721e-02 -1.435294897406008963e-01
-7.699453241638500207e-03 6.227848394092910106e-02 -1.328119468404196091e-01
2.185320137295200093e-03 5.462379165810730269e-02 -1.124216954824247966e-01
1.787768378423490109e-02 4.340204909660270310e-02 -9.465090231203270033e-02
1.162950960971179983e-02 4.442253645594539807e-02 -1.029166692509022041e-01
4.472916312708999712e-03 5.267898073787859875e-02 -1.074211802852147041e-01
9.189046598290600415e-03 3.195343114414930102e-02 -8.972100231981980367e-02
-2.546644019434820064e-02 5.235848628757359957e-02 -1.464675880906654015e-01
8.193212906736099463e-03 3.698844251325530269e-02 -9.134555788430269441e-02
2.790266356638679973e-02 3.316558257697890116e-02 -8.638019797811580247e-02
1.804006465077809956e-02 4.632466747271200141e-02 -8.844973103205680531e-02
4.255245684540830131e-02 4.033552983909410167e-02 -9.375717021499950510e-02
-2.001894192484059837e-02 4.659792411092480297e-02 -1.355015440441817987e-01
-4.805240963236199689e-03 4.170522074088189868e-02 -1.077977868317460952e-01
1.986916711704719840e-02 4.555022329394369657e-02 -8.661010263998029923e-02
2.659468764608160021e-02 4.375140883300859818e-02 -9.005850770609659384e-02
-1.805302279255010037e-02 5.943984705514709921e-02 -1.450513364997974008e-01
9.651477720437199800e-03 4.550604174935730245e-02 -1.051880643364597051e-01
-5.303585284398299599e-03 6.877547107386300373e-02 -1.283782304896589899e-01
1.759972518964700045e-03 3.936170345576069790e-02 -9.674726304675110300e-02
4.202952089979499796e-03 4.120639392874100165e-02 -9.006227004546470127e-02
-6.036117948068999740e-03 6.648114724947970511e-02 -1.299387070890246909e-01
9.033323804082700817e-03 4.136604872379470027e-02 -8.286094268905939975e-02
4.022124808066900037e-03 3.522480800483580171e-02 -8.996574932447740092e-02
1.481789797029440039e-02 4.846311550144299929e-02 -9.689978940934189378e-02
3.202499068687809924e-02 4.486996851873210207e-02 -8.603314910590140197e-02
1.381487392682240016e-02 3.595161138882829732e-02 -8.414789650230139473e-02
-1.359192032268550024e-02 4.667553731962389985e-02 -1.173154136847641971e-01
-1.933870179349559890e-02 5.690052541129189678e-02 -1.416627846029213933e-01
-2.293801097043859927e-02 5.792178560277250199e-02 -1.448231494153943977e-01
1.541311740535710080e-02 3.607777623913570320e-02 -8.280166812114940489e-02
-2.142789414442299901e-03 6.522681538581659444e-02 -1.227005890657650033e-01
8.440926523636699610e-03 4.104503981280770153e-02 -8.023734650620889530e-02
-3.980335666548999798e-03 6.867284698204470517e-02 -1.256464228653086934e-01
3.774596328221049846e-02 4.767531509426699982e-02 -8.781040938811200680e-02
1.832982603257700014e-03 4.541774005477520332e-02 -8.381597470044960252e-02
1.201035907318719932e-02 4.486578554732639779e-02 -7.692177107190190100e-02
9.622977492226000851e-03 4.774819391584370076e-02 -7.150741837507010312e-02
3.559047993098400035e-03 5.744168352582690318e-02 -1.031909604905506955e-01
1.621816035189559829e-02 4.885595096327750159e-02 -7.929935227688389432e-02
9.981638750623699624e-03 5.702813298517730306e-02 -9.730056569676999445e-02
2.709072770126750088e-02 4.716978145789239851e-02 -8.450700043204049938e-02
1.283468305248719986e-02 5.093627784995109764e-02 -7.335684292763029746e-02
-9.476287967862200012e-03 4.784535026685250020e-02 -1.035293926519783997e-01
-2.726750436493749832e-02 5.597557265777729912e-02 -1.498238551241755090e-01
3.042462474904890010e-02 4.410491065863549748e-02 -8.290860608956049371e-02
-2.414322957188010099e-02 5.233334598790759934e-02 -1.382263543691522045e-01
2.290077143290680101e-02 4.899071039428010144e-02 -8.425955837260090675e-02
-1.278695668702299962e-03 6.061293258711940302e-02 -1.122204262364761007e-01
-2.618329401908780010e-02 6.640121253110820021e-02 -1.551158646139967068e-01
2.280721457167260088e-02 4.784318621704199831e-02 -8.182861335683350168e-02
-2.477236231466220170e-02 5.179697624783399790e-02 -1.424180877115261978e-01
-1.034698849439580001e-02 7.108729318557749366e-02 -1.360304425824593877e-01
1.512592568679770044e-02 4.544253695156359740e-02 -7.756918119815020551e-02
8.841535006315100545e-03 6.793388043482549710e-02 -7.297281918449979865e-02
7.735318659186399617e-03 6.304241632268940687e-02 -9.276091999426219759e-02
3.902235400660800102e-03 5.126014542494410076e-02 -6.318965276521019969e-02
2.065757539375030066e-02 4.375478803824420226e-02 -7.758306678671539336e-02
-1.404975211470639931e-02 7.035266735578629693e-02 -1.416633570298415079e-01
1.259234983568719921e-02 4.660929874833810022e-02 -7.477245111115130016e-02
9.243594617396700547e-03 7.121197247167819488e-02 -6.977229312745690526e-02
2.124182825947320066e-02 4.867621128775390105e-02 -7.717578956535929569e-02
2.516306409037119898e-02 4.511401064081960177e-02 -7.647623851715930343e-02
-2.250619197344149933e-02 6.989177607676380632e-02 -1.523723397737554996e-01
1.088988005943030031e-02 6.250041519739109319e-02 -9.057502975458220362e-02
1.116097600925049921e-02 7.125483684824550357e-02 -7.287476936678409511e-02
-3.576638027448399929e-03 6.463648952260030167e-02 -1.226741835888346954e-01
-1.542811915204100057e-03 6.197225382511990094e-02 -1.174594040298586051e-01
-2.431545636278540160e-02 6.111949742470910302e-02 -1.488909538539076038e-01
-1.807350672531700050e-02 5.146907498394170249e-02 -1.248318385067647973e-01
5.778437498822000399e-04 4.872308125982619670e-02 -8.298311787579840115e-02
-2.488777266534469845e-02 5.373236718360979713e-02 -1.429467671406000895e-01
-2.356040562843019978e-02 5.614575603581419688e-02 -1.399472667632792877e-01
1.279224880636489932e-02 5.996290963766520016e-02 -8.714962427424660651e-02
-4.829433692421499641e-03 7.016386672861679719e-02 -1.258474323066778033e-01
-2.974747490373630052e-02 6.603410755498009821e-02 -1.583964085014812895e-01
-2.464447602789649958e-02 6.179236799611229763e-02 -1.467952440791862045e-01
-1.339491160086219920e-02 5.278532048309789865e-02 -1.110171197058917036e-01
-1.833756024943680035e-02 7.113076855501350437e-02 -1.473392353485677986e-01
-2.065817797519819976e-02 7.935365307074519758e-02 -1.529277279349798013e-01
-1.554195385408609943e-02 7.522444039337369825e-02 -1.443928327411753976e-01
4.448119696859999879e-04 8.029926220740790654e-02 -6.190374458864759954e-02
-2.376876689112520161e-02 5.927253373071109804e-02 -1.405973836565478918e-01
-2.195673584163000073e-03 5.481130148117679957e-02 -8.401143944804090324e-02
-2.305095311558779878e-02 6.132100334749600312e-02 -1.422477640624819073e-01
-1.037453813852450002e-02 5.468962100680480054e-02 -1.022272986928455946e-01
-7.371201956660300425e-03 7.278295608986509735e-02 -1.311413210537537011e-01
-1.145828717097249934e-02 7.689236799686760548e-02 -1.373489906046571896e-01
-7.799596205232999652e-03 7.040215700390280162e-02 -1.278287199288357101e-01
-1.939812844206300095e-03 5.788003384058439810e-02 -7.471882860007629523e-02
-1.980088396644140089e-02 5.632007900195459826e-02 -1.319822210939775864e-01
-1.152263008002299936e-03 5.705505716790949811e-02 -7.576545263351160131e-02
3.227179999708299808e-03 6.400804644917100494e-02 -9.422264729332140154e-02
-3.195798014722400077e-02 6.686464763599349326e-02 -1.605653172541464946e-01
-1.258271095336909937e-02 7.380163417011149918e-02 -1.395992848319166924e-01
1.121773998710109965e-02 7.094130331873310658e-02 -7.415517493923569348e-02
7.929642966416799651e-03 7.366493077810780388e-02 -6.348277352091000192e-02
-5.050710625580300157e-03 6.712436721890739644e-02 -1.194884861762943035e-01
-1.250700890146200055e-02 7.656215368889890405e-02 -1.394833776717447904e-01
-1.296387682047129945e-02 5.609108121388389767e-02 -1.168058792604682039e-01
-1.306483128199070060e-02 5.820905452114279871e-02 -1.192681724860804038e-01
-9.162726727076599825e-03 5.871975483933940254e-02 -1.180057277578469982e-01
-1.606498538362539918e-02 6.070652698211270043e-02 -1.282815861715035921e-01
-8.809855081528499346e-03 5.892845786819830151e-02 -1.099687768568387014e-01
-4.541474876704700361e-03 6.103056008145729683e-02 -8.605735224607960476e-02
-1.675705091042000100e-04 6.338954246073129351e-02 -9.855294161948789655e-02
-1.157719116877760010e-02 5.811049699374670058e-02 -1.129340294449932003e-01
-1.367108228361499974e-03 7.095509604178569518e-02 -8.857622724167410477e-02
-1.310396885767000025e-03 7.075494495776089854e-02 -6.435466216769469838e-02
-6.897487786197500220e-03 6.028415961202959750e-02 -9.670921539138530032e-02
-3.049143968282300166e-02 7.827222893819109351e-02 -1.657724279645761967e-01
-1.592724542647510136e-02 6.513364354997000505e-02 -1.296955875039315920e-01
-9.234456498686999942e-03 6.436410989537749705e-02 -1.181143205151825998e-01
-1.008782703259209976e-02 6.739372648689109790e-02 -1.222685327816178946e-01
-5.104342715243900125e-03 6.248008776934099728e-02 -1.017425391780051036e-01
-2.367482189889300211e-03 6.539975807921820372e-02 -9.362962923241009705e-02
-9.407790880702600333e-03 6.381780653329900688e-02 -1.125253313689000001e-01
-2.268672380724299966e-03 6.454366024741800545e-02 -6.951980820838339625e-02
-2.754564414762580155e-02 7.114578605056989802e-02 -1.549619084661557067e-01
-1.251152776440980080e-02 7.531080865505219990e-02 -1.372228908826186866e-01
-6.743573860861200135e-03 6.508454727315710064e-02 -1.082721035527071940e-01
-4.854080559352800389e-03 6.393502108651630267e-02 -9.225751907874260582e-02
-2.976015826532920142e-02 6.781631278983360489e-02 -1.561225451211213922e-01
-2.104185943333999897e-04 6.909153791230869535e-02 -6.034646376137679791e-02
-1.018325289036950063e-02 7.666177056128190004e-02 -1.304099540412337888e-01
-3.135934009707769948e-02 7.416461154841509640e-02 -1.646310476629722075e-01
-2.234304045328619828e-02 7.100729103929730168e-02 -1.458017596337981003e-01
5.888426456330300360e-03 7.057672680954669986e-02 -7.180930466625309871e-02
-2.030464034226570069e-02 8.608297530060929348e-02 -1.552603628510453027e-01
-2.023346017262810104e-02 8.886566241817739353e-02 -1.570723133365987123e-01
-3.171746973747779919e-02 7.333436071688480273e-02 -1.634969125255522904e-01
-3.643518898886270035e-02 8.251779605543950458e-02 -1.761837544218493867e-01
-9.398846351013200040e-03 6.482497078361139364e-02 -9.046198475011379969e-02
-1.581373408793669902e-02 8.205912856947779332e-02 -1.464349080730328878e-01
-1.162025255489309954e-02 7.463069734714089520e-02 -1.343343295959157913e-01
-1.156492747462319927e-02 7.897161153397999622e-02 -1.363087024992921115e-01
-3.398588282729159832e-02 7.621519414248459356e-02 -1.689263544801845873e-01
-1.715934869674379942e-02 7.309354822420920106e-02 -1.388628624449808058e-01
1.027392211076260005e-02 7.202474721561449855e-02 -3.799234937861219880e-02
-2.362363636288120072e-02 8.848668019051500466e-02 -1.615087183069547905e-01
8.765564065694000581e-03 7.024985366748380533e-02 -4.188210134697099851e-02
-2.956318940723959982e-02 8.254167300061959756e-02 -1.668965294655606058e-01
-9.632052053989400078e-03 6.703406471297940206e-02 -9.641417309828169413e-02
-1.679522653675390165e-02 7.680329989625529763e-02 -1.436748050639947982e-01
-1.589142019842519973e-02 7.641161640623819751e-02 -1.415088248955100880e-01
-2.660554751773600013e-02 8.391192804394970173e-02 -1.635161565041015896e-01
-2.867293739453199986e-02 7.882468973047450367e-02 -1.639150962053718963e-01
-4.619054986888999925e-04 6.499613865070759389e-02 -5.305667476793719806e-02
-1.853076886824740060e-02 7.398106057088149612e-02 -1.432173594570826936e-01
-3.370183669951030275e-02 7.996913164759959780e-02 -1.715597339935968080e-01
-1.766342426260960122e-02 8.102578469366679415e-02 -1.500262373558668982e-01
-7.528647518780499752e-03 6.584145803249259743e-02 -8.612299580342150374e-02
-1.902469113866439923e-02 8.536224041776380167e-02 -1.544787570237388941e-01
-2.316500299103900137e-02 8.029509277477579754e-02 -1.569815787803107987e-01
-7.430208242377300300e-03 6.986187568088020328e-02 -9.643192632704959688e-02
-1.704594403835450050e-02 7.751866711811139510e-02 -1.436826126111369895e-01
-2.662989650598919858e-02 8.806708539032639949e-02 -1.706071999440652021e-01
-2.636718349417849910e-02 9.354758360912279747e-02 -1.690168593033689048e-01
4.994169000943999778e-04 6.900818702068170496e-02 -6.554179255116560077e-02
-3.429279144582859928e-02 8.650457667027740272e-02 -1.767840110052034119e-01
-1.454077637875520086e-02 8.066014279118680075e-02 -1.443619689768950998e-01
-3.034722588016329839e-02 8.403105311271190370e-02 -1.714390767318292041e-01
-3.370693268518819979e-02 9.013669020018430511e-02 -1.778268206108535032e-01
-2.462107661667720104e-02 9.492373826017970473e-02 -1.681093108413165005e-01
-2.902980895004069958e-02 9.132084594945409639e-02 -1.719806002132528988e-01
-2.340176905256539930e-02 9.480593216575350368e-02 -1.678673818471096979e-01
-2.561036544427069961e-02 9.423325328764950437e-02 -1.728313025409775050e-01
-3.390265183350389677e-02 9.563007732085360146e-02 -1.825674665612027070e-01
-3.631690592338179813e-02 9.392132266377289929e-02 -1.863729368767224059e-01
-3.065844849344399881e-02 9.961919421536430397e-02 -1.794114360093387872e-01
-3.456259636338639835e-02 9.553423315894170320e-02 -1.851324329491816911e-01
-3.105267714873599996e-02 1.059637509326147031e-01 -1.861972292886021896e-01
-3.286349837427769705e-02 1.061433020292597007e-01 -1.916973688385396890e-01
-3.701145078102990177e-02 1.045816063884696945e-01 -1.928675427435138090e-01
-3.743095007454930179e-02 1.032232566128746948e-01 -1.943801496974728038e-01
