-1.194477082199113943e-01 -3.040220062330564743e-01 3.775523250961362876e-01
-1.093849270229182991e-01 -3.040776397575903900e-01 3.613969778767708863e-01
-1.053236042848114951e-01 -3.346212359243815881e-01 4.195139963904678804e-01
-9.421153197057140216e-02 -3.348373233533408211e-01 5.006800731125424786e-01
-7.340685863673460099e-02 -3.225943539435855989e-01 4.786350906496557034e-01
-5.879013820163980081e-02 -3.450109705428294760e-01 4.420461986879259952e-01
-3.241091210625999912e-04 -4.039423149855148054e-01 3.976661852678218256e-01
-4.688769917967199746e-02 -3.790509081846655803e-01 4.675701728441702953e-01
-5.185105250768690111e-02 -3.665556382866856922e-01 5.102858860039096722e-01
-1.886767673201500059e-02 -3.432242843067769833e-01 5.233107146881270655e-01
1.771023596532000054e-03 -3.430681376055226828e-01 4.194479339498113912e-01
-3.535610955489189994e-02 -3.545328062717523210e-01 5.404916087081825804e-01
9.940095637284152019e-05 -3.780329067869012127e-01 3.929624646885550021e-01
1.571559952701459886e-02 -3.574004808313899773e-01 3.955420209070921178e-01
3.110505444244099794e-03 -4.036510958361398949e-01 4.344194600219907776e-01
2.995933017447309846e-02 -4.050718711756751134e-01 3.303430507185753928e-01
2.917076378368349890e-02 -4.074640461316895723e-01 3.920939683358676819e-01
1.147580388561219959e-02 -3.863430420936531107e-01 4.225537857939899999e-01
1.455546854447930041e-02 -3.463302271724177928e-01 3.870391800612357769e-01
3.844536419248879844e-02 -3.944559627747485919e-01 3.420939197458208181e-01
3.017568293778770047e-02 -4.096173157451774016e-01 3.534563044659221887e-01
1.842097256389079937e-02 -3.968532770482671168e-01 3.472791718935157035e-01
3.957147318911560102e-02 -4.259258941419235001e-01 3.666962693210741864e-01
4.328418497188499942e-02 -4.015853381063618777e-01 3.722378210683756072e-01
7.441496382063859938e-02 -4.276118705376776852e-01 3.516615463829794730e-01
3.819632144422459991e-02 -3.991998840961605843e-01 3.599381912357815239e-01
1.041546281128246931e-01 -4.599006252696353769e-01 3.729219531276544153e-01
7.110502193086840061e-02 -4.205670296557730836e-01 4.160699499500505882e-01
4.011590910813930128e-02 -4.158058815275760267e-01 4.472070129142504125e-01
6.417957487009859352e-02 -4.216755013644464256e-01 4.013045690057217008e-01
5.312933927421949892e-02 -4.351528529251695865e-01 3.983175589219691837e-01
1.205241966086709055e-01 -4.748432014717777760e-01 4.232713064705861949e-01
1.385936346144664988e-01 -4.739656508802871926e-01 4.642084488230913131e-01
4.158745457003980295e-02 -4.309978093333781124e-01 4.516660546915514107e-01
1.407374523137845113e-01 -4.602440832898153089e-01 5.384532981559482234e-01
1.344512482404255915e-01 -5.148531204995361321e-01 4.937915285284835143e-01
1.172352711924922047e-01 -4.509386920263001031e-01 6.420889501345163897e-01
1.638136907343558935e-01 -5.030063681436134360e-01 5.219747519147548420e-01
9.721736139323869375e-02 -4.818281832717214996e-01 5.788479347805497444e-01
1.005016180607170018e-01 -4.618381696718193985e-01 6.859736426441174206e-01
1.653609788796270019e-01 -5.166193977735691334e-01 5.452547291797942286e-01
2.100984605215469869e-01 -5.009225908679595385e-01 6.468138973535799696e-01
1.720065989117346983e-01 -4.651831414137435061e-01 6.902504861697391636e-01
1.459703435651517889e-01 -5.025141813001710034e-01 9.471114510376872353e-01
2.441103616201873994e-01 -5.124014385782729164e-01 8.675537365619032659e-01
2.593233571506756152e-01 -5.408182072351985781e-01 8.204015374116289117e-01
1.999333057524209922e-01 -4.999781742054837941e-01 9.510114438029864115e-01
2.243504943019103137e-01 -5.645690263975660095e-01 7.554540115246191068e-01
5.641942770208059343e-01 -5.302963697170177682e-01 4.357173319868631878e-01
5.749296153237011264e-01 -6.403366924362883239e-01 5.288735554858545740e-01
5.168134694469845858e-01 -5.381642425235835248e-01 5.115900608999774946e-01
1.726801040082611982e-01 -5.580732766151879076e-01 6.209911379498016526e-01
6.614631982342111804e-01 -6.271788956051396191e-01 5.170841962591357088e-01
5.647468508864008641e-01 -5.189068065877844305e-01 6.215538525179455931e-01
6.223878168452214865e-01 -5.380524732435700841e-01 6.169691583073277918e-01
1.442235506340908968e-01 -5.360241133473335751e-01 8.664272211331414120e-01
3.407970086984661862e-01 -6.071597678107272245e-01 8.366309281142936261e-01
5.283816200453259615e-01 -5.988419776751392476e-01 6.640100021454127255e-01
1.873252569717658023e-01 -5.956830819902396712e-01 8.064129703090177070e-01
2.155233953164513994e-01 -5.970292279925097922e-01 6.551596450754093581e-01
6.523242980418173520e-01 -7.382498499579117635e-01 5.311174024055520526e-01
5.250173314348685061e-01 -6.466479691883222358e-01 6.504545080011088221e-01
3.199599772998901748e-01 -5.976295715556276811e-01 8.594287174714698718e-01
7.218000561210256016e-01 -6.523234494155918384e-01 4.458617505129462977e-01
6.436272447504300942e-01 -5.741266130860953609e-01 5.442884921072586035e-01
3.259733206394148097e-01 -6.334029997789656363e-01 6.312756696385661837e-01
2.259307715121880999e-01 -5.809724011614783024e-01 9.489886919294135970e-01
7.325480012572072042e-01 -7.489747084999383020e-01 4.852487260865211982e-01
1.529911369709912872e-01 -5.871754531119570686e-01 9.504003781737857537e-01
4.484418501323594874e-01 -6.687897638584630045e-01 7.610932331160797926e-01
4.643240650598778885e-01 -6.180096693559762322e-01 7.691158883519904066e-01
4.252715144101339856e-02 -4.888005083350721036e-01 6.230990232884390245e-01
5.993823259019399885e-02 -4.903769291316172896e-01 6.808525899387891656e-01
3.981261057580379875e-02 -4.911008667543255157e-01 6.324741481980598046e-01
5.441655731607390051e-02 -4.850660631827166114e-01 6.569948892294923404e-01
5.973123424237283263e-01 -6.557162766920825447e-01 6.914525676242055940e-01
1.013648010487012974e-01 -4.952383093589677876e-01 7.443207358380119487e-01
3.910272543588628746e-01 -6.412594504285245023e-01 8.056903974404225899e-01
5.585041306428908392e-01 -7.352110797246478313e-01 7.029036511735193837e-01
1.129259834365570064e-01 -4.835369112681595083e-01 7.656981336468378085e-01
1.950484213044617887e-01 -5.996951929354636945e-01 9.695262089455339849e-01
1.062706391626108970e-01 -4.813030932122623895e-01 7.539060627108322699e-01
1.933956269983038989e-01 -6.140367928142218545e-01 9.270868240297518437e-01
3.311884980112684840e-01 -6.479944745267287587e-01 6.069272413314799053e-01
4.401786561249553809e-01 -6.458183052755561704e-01 8.261522954040547706e-01
3.944477069148413229e-01 -6.328443872952327354e-01 8.309197996738917347e-01
1.765949946597976938e-01 -5.915721272397509445e-01 9.719946090205248135e-01
4.478897444377569759e-01 -7.165972943351666125e-01 7.340519327169254815e-01
7.015323712091872110e-01 -6.709632915737451242e-01 5.654617219789823679e-01
6.933687398041128436e-01 -7.841364635659329174e-01 6.028300129537178531e-01
5.203769296919711351e-01 -6.509950401939055276e-01 8.209445579640199941e-01
1.181792718299921052e-01 -4.691516662436105989e-01 7.994800556036549821e-01
1.020002263834677986e-01 -4.719035694469226883e-01 7.628022547774102602e-01
3.046210523054010966e-01 -5.989780161907645173e-01 9.254152710825498396e-01
6.315442793963803592e-01 -6.677357282783007442e-01 8.436867647889501054e-01
4.709039417917240122e-01 -7.261566542755435449e-01 7.436363659331246545e-01
7.199575364874635230e-01 -7.665288012813387120e-01 6.382703858893898907e-01
2.389145637652239085e-01 -5.901159941726588087e-01 9.845714647317531654e-01
6.677070293208091645e-01 -7.063736500768196258e-01 7.189303595440692529e-01
1.357108109912164018e-01 -4.496452865475855099e-01 8.876894288175762870e-01
1.269601766486483096e-01 -4.542271558008206256e-01 8.716606097716685930e-01
2.594305464504046976e-01 -5.677699849981956426e-01 1.096102576941704099e+00
6.534109868004234212e-01 -7.693465791708686830e-01 7.576623089777190234e-01
8.086002896315058752e-01 -8.262295777140256092e-01 7.267914122696361723e-01
1.583336565658683970e-01 -4.403881468251408804e-01 8.807712199850308288e-01
1.936365912659940014e-01 -5.959498871411486043e-01 9.758810129114116050e-01
3.091790794794355146e-01 -6.333264509033669221e-01 8.836506066321871966e-01
1.414400314129418135e-01 -4.122755269252196264e-01 9.422911313010562395e-01
6.273404966189541909e-01 -6.213074794509316767e-01 9.001838762051381782e-01
5.667236130967927554e-01 -5.701323344463604670e-01 1.010423658265913849e+00
2.173153908222920094e-01 -5.669630286335340941e-01 1.011006467299973899e+00
8.271934181557696331e-01 -7.325260858214868165e-01 8.092964932374502318e-01
1.626231245753577137e-01 -4.328119739300628765e-01 9.010444752106051558e-01
1.382820547297687053e-01 -4.118141373154373119e-01 9.939446771338076303e-01
7.153802167857443717e-01 -7.677811172128983230e-01 8.666805779383304209e-01
1.638752065006338909e-01 -4.019767507344308988e-01 9.690354742586235748e-01
2.169022305926242011e-01 -3.508690069023359115e-01 9.600489509897663920e-01
9.274854634577756052e-01 -8.592894378655584475e-01 7.930067142793109092e-01
3.942971412501448114e-01 -5.525735116847290129e-01 1.216921131309222082e+00
2.740577476880043939e-01 -5.275462874913077194e-01 1.089809044317479048e+00
3.032230328504390005e-01 -5.460640144992949807e-01 1.015828900859561124e+00
2.147348676822153912e-01 -3.543936111218171092e-01 9.595235306129620279e-01
1.910461733376760118e-01 -3.200494516672556244e-01 1.001504497763380463e+00
4.074310466790218022e-01 -5.573746365521796697e-01 1.048772002960445704e+00
2.530795501636481926e-01 -5.222375587716099332e-01 1.013093914610566415e+00
1.741141259748877068e-01 -3.853989498960319060e-01 9.577617772900876014e-01
1.654280249646352952e-01 -3.354149867222079862e-01 9.625530126804096032e-01
1.009756449866246797e+00 -7.559121023241170967e-01 8.459851416544998948e-01
8.435043073328964969e-01 -6.612124425025402985e-01 9.120050641396776347e-01
2.814787185089595023e-01 -1.804283807804200890e-01 1.003490083430771396e+00
2.664339268837592201e-01 -5.139503429050717997e-01 9.845790466825999898e-01
2.818645968337825103e-01 -4.921274840696855946e-01 9.779933012405868098e-01
2.820211922092742962e-01 -4.545814118176227936e-01 1.014105843173050303e+00
2.616735970817827273e-01 -4.189474576730093935e-01 9.744616034833691876e-01
2.475343756054683986e-01 -3.966326594503017944e-01 9.666322962841158439e-01
3.533995320591922784e-01 -5.370605955041378721e-01 1.286076485060593910e+00
6.753360624949595881e-01 -5.484141527466017685e-01 1.208955523159201073e+00
7.331726293956448703e-01 -6.018645471863264262e-01 1.077770677171626446e+00
3.493978295921308930e-01 -4.329127937363521084e-01 1.069733862062765439e+00
4.754796022508469000e-01 -5.409815386656053882e-01 1.359830280322436469e+00
2.244623129038783027e-01 -3.637583926167446968e-01 9.409428701753580482e-01
4.017681326594497726e-01 -4.598183496189002795e-01 1.036470712385320292e+00
9.490092592567309637e-01 -6.675459675477020127e-01 9.730957481572556356e-01
3.579135897097664998e-01 -4.053251840964335884e-01 9.988971052126307537e-01
2.816209467396617039e-01 -3.636724003519242743e-01 9.576072963459674181e-01
2.870406297069247881e-01 -3.133677499826310053e-01 9.387527515184832527e-01
5.136101566466952928e-01 -4.204507884161419184e-01 1.193130026063500937e+00
1.048971516188019093e+00 -9.255464212255910539e-01 8.101533630502339989e-01
5.316661404501112909e-01 -4.153188962195111245e-01 1.401294246451198378e+00
8.451813400401828602e-01 -6.297763721653879543e-01 1.019061772057447079e+00
3.086672427364438032e-01 -3.356555450087057024e-01 9.498351952295728262e-01
7.425661916607255719e-01 -5.696759627856113894e-01 1.275041570675187419e+00
3.239596934190671074e-01 -1.903239342972851134e-01 9.141882503311563601e-01
8.710371829007841349e-01 -7.286720522724752236e-01 1.059306873200268395e+00
3.405048037372999103e-01 -1.606115145922543952e-01 1.041473239245341631e+00
3.132943189884520030e-01 -2.946310143297238837e-01 8.281961083469231433e-01
4.322213351859418018e-01 -3.673295828958468845e-01 1.146155049118348757e+00
3.701090095211040931e-01 -1.874143998839107872e-01 8.312633338874095834e-01
1.127517666423178966e+00 -9.680633321395711866e-01 8.537800321391126879e-01
8.411615186081304874e-01 -5.685474413380395831e-01 1.218254500816072561e+00
3.668665247550332853e-01 -2.045252678670927970e-01 9.894083150513591773e-01
1.044541137757482474e+00 -6.339849947470681535e-01 1.029908627990945291e+00
3.851316567920914924e-01 -2.743927991892868845e-01 1.044782024119133901e+00
6.108931309737393178e-01 6.984696023903190498e-02 1.612821008439898396e+00
6.564742191771808510e-01 -4.964543515712391830e-01 1.477820439595873614e+00
9.333347207930864364e-01 -5.872371484163623201e-01 1.123625398391959296e+00
4.362083932874074033e-01 -8.356774402451830341e-02 1.017866590466650623e+00
3.707719021566523998e-01 -1.613046773553286073e-01 8.376031124637972614e-01
1.388412347370322930e+00 -8.280398521909075882e-01 7.700914864974652829e-01
4.064213292535578947e-01 -1.018804181422522936e-01 9.146732556684473714e-01
7.248587202650509376e-01 -4.122227006148548867e-01 1.282781680718592554e+00
4.809934884109066111e-01 -2.389780013711549980e-02 6.973429072447250299e-01
4.300792911297898757e-01 -1.199681148638589018e-01 9.074475863781535923e-01
4.609587083690867004e-01 -9.733199694834519800e-02 9.823846817080668092e-01
4.070095297762694742e-01 -1.013610517230407043e-01 8.354826765056238003e-01
1.540739822249753921e+00 -1.059416213068990587e+00 6.779664114966956756e-01
4.572658834862117772e-01 -5.626014926570020031e-02 8.818316303175677273e-01
7.245763364494919312e-01 6.296937033400369643e-02 1.410241091129226909e+00
9.814462368867455933e-01 -4.845173745208795069e-01 1.025560907079091644e+00
5.241427128535569580e-01 1.706290987169899881e-02 8.754069314597001661e-01
8.189324066936489732e-01 -4.625433881236555855e-01 1.279134483144790169e+00
1.613124152029373759e+00 -6.571226257777906810e-01 5.812453746653585274e-01
4.264094971360696817e-01 -1.004574688291608037e-01 8.875500434519703052e-01
1.188211455937705052e+00 -3.583649966521385011e-01 7.964669391747536409e-01
6.830874065166796516e-01 1.627756159350298992e-01 1.387713074808497371e+00
7.747555052388277463e-01 -1.350579693316261987e-01 1.366730568683000246e+00
4.429966205224137865e-01 1.794272630482299929e-02 6.923035523025689031e-01
5.580041965321045350e-01 -2.146354580056160088e-01 1.225443235382834395e+00
1.156818424168520876e+00 -6.669334028549078752e-01 7.904453939861273426e-01
5.183876026452445274e-01 7.463993054371749480e-02 5.610656659886197328e-01
9.443530090995512216e-01 -3.867641628706461887e-01 9.309397276513089459e-01
7.365686657984471530e-01 -4.142387766131516158e-01 1.486574349145357132e+00
8.217421112403380246e-01 -3.636523539508793035e-01 1.079511149526993119e+00
8.267480005715328595e-01 9.622798291613410271e-02 1.027527497253029942e+00
7.270904641184012807e-01 -1.515051809143699024e-01 1.192870001820540926e+00
5.308116162008142958e-01 9.011641296159120240e-02 8.314964949330925226e-01
8.444526306688333595e-01 -2.899793568561834789e-01 9.754223455526004338e-01
1.582455161725643045e+00 -7.475595553178329133e-01 5.944570136401137184e-01
5.192344055070219344e-01 1.134950382949243969e-01 7.627411133609576233e-01
6.269486932563359538e-01 1.502662603409055109e-01 9.950374224763192110e-01
7.142168328609002081e-01 -1.963685422900156019e-01 1.056809200719028841e+00
5.190025775135103103e-01 6.893940030588510681e-02 7.342673942017239330e-01
5.400512167937574493e-01 1.041024061801393980e-01 6.869615750711577373e-01
6.449774733845528019e-01 1.205214617232014951e-01 1.070283115928806650e+00
1.687318106311929133e+00 -5.450205853403726763e-01 5.340735959849431946e-01
7.462596006744319777e-01 -3.194155958173613974e-01 1.409136157701273095e+00
8.122935451017456732e-01 -2.045992865822937878e-01 1.445973533182816295e+00
5.910390064720780767e-01 2.755639475806379024e-01 7.090238254675789165e-01
5.762008865530610091e-01 1.473639372678610115e-01 7.140600303747997035e-01
5.708504160474918709e-01 1.307719745048032123e-01 5.607893755616040199e-01
6.310263776915567835e-01 2.453941456669558874e-01 1.143384644668996586e+00
6.548985815611272354e-01 2.286334231152941932e-01 9.066993582198700219e-01
7.314157137214380988e-01 3.260716366814352951e-01 8.471337410755510611e-01
8.768173039578734951e-01 -1.190926649266428050e-01 1.222186844774722614e+00
5.789314934874616458e-01 1.836239721716426132e-01 6.269950042112988342e-01
1.925501739625588016e+00 -2.039996471633863939e-01 4.054901163830927913e-01
6.554447204193474263e-01 2.472646736258825029e-01 6.567011233351567334e-01
6.390455535934140840e-01 -4.308843068877594162e-01 9.561347376562071565e-01
5.934507677114846391e-01 -3.935369494575131077e-01 1.167198510717681659e+00
6.658799584995249710e-01 3.424378323446473082e-01 1.083258460355832842e+00
1.524547285623226944e+00 -2.135596452842793980e-01 5.990048505841090165e-01
3.146659753173774998e-01 -5.414719928757243395e-01 1.177945890380384553e+00
4.607228298296336955e-01 -5.156521905345874401e-01 1.183125886869959675e+00
3.008645585280596002e-01 -5.238833548953749641e-01 1.136122366267440009e+00
9.797548498244795789e-01 4.436682689771909160e-01 9.685042232252280003e-01
1.483167609149154798e+00 -8.467224753930620296e-02 5.564225713213111213e-01
1.023774098858915016e+00 -8.780510573945479735e-02 7.413646310469255152e-01
1.504835087325120113e-01 -5.792631619305237400e-01 9.989936392549894073e-01
5.862379523381731072e-01 1.857775975492756970e-01 7.035559428778801472e-01
4.905829997835037815e-01 -3.811173291074804736e-01 1.082685826622582503e+00
6.909830739870872485e-01 2.813278072604878943e-01 7.173315632859513791e-01
7.861590656147472433e-01 -3.705918052654996742e-01 8.180786670869650834e-01
2.037252353398838256e+00 -1.804182272547370097e-02 3.766766603696384830e-01
1.022729709289871058e+00 5.554641227407937087e-01 9.772806226064140178e-01
8.353123837196594348e-01 4.357486937848852881e-01 8.348953422951630454e-01
8.989436391117749947e-02 -5.564534756038073127e-01 9.509366326952402027e-01
1.521846192116644014e-01 -5.469587637606450059e-01 1.026404749790812643e+00
1.153870167112333922e+00 -1.390921469071758898e-01 6.891577200418901317e-01
1.767671231637383711e+00 -8.841442492729799374e-03 4.678033079279967921e-01
7.739730767092316555e-01 5.291105449152215812e-01 1.122209764073955673e+00
2.751790180908477157e-01 -4.801119502782835724e-01 9.374319822330647867e-01
6.545035567147488020e-01 -4.187814146076326849e-01 7.878471898890808678e-01
1.413481387928372079e+00 1.511093063236161882e-01 6.762486691652260795e-01
1.144691134429383528e+00 7.266839385080850477e-02 1.200383403763127355e+00
1.243882138718426011e+00 2.664151089641815240e-01 1.084352724065381635e+00
8.042604176387053716e-01 5.732091235319218825e-01 1.182607235084236708e+00
8.015169502829455617e-01 4.979036816285108968e-01 1.112423713933557101e+00
1.063910398271761260e+00 -1.127620159841544040e-01 7.406975553824650671e-01
1.912922800107376808e+00 -7.675167666547630385e-02 4.079886762552595858e-01
5.594936756087363072e-01 -3.090131733813432091e-01 1.118853982372730815e+00
-5.125411229175551586e-01 -8.918595499629050627e-02 1.160582676456558771e+00
-5.208779376524308447e-01 3.831118538316320016e-02 1.189960635002392797e+00
-4.196469604958901201e-01 -1.709621525258329944e-02 1.179635990204341844e+00
7.734488521681610607e-01 3.843272280254450002e-01 9.122377935569287999e-01
2.046530454370938834e+00 5.773389430050559490e-01 6.211408520156842528e-01
-1.124347783891169072e+00 -7.973994632127910653e-02 1.248135292184548106e+00
1.744943631258121908e+00 2.035152816901923956e-01 5.640015856540250283e-01
2.175800637433273899e+00 1.541281638034036894e-01 3.158484045965073150e-01
-8.972518114718060211e-02 -6.205818828153919497e-01 9.711108292550150178e-01
-9.447943749040191852e-01 -2.123998507015553983e-01 1.175566782774272401e+00
-7.938456525256172291e-01 -2.571781888038477959e-01 1.156549763641617989e+00
-6.162452381129293055e-01 -3.210739456548070136e-01 1.089679465839444195e+00
-1.741753634769709069e-01 -3.360018377636300180e-01 9.916736054188531879e-01
3.636047075155808272e-01 -3.530669565267955945e-01 9.507792349737598236e-01
3.148184016424269149e-01 -4.253657261106948972e-01 1.345989325046657914e+00
1.381936187591243703e+00 6.144085745618346195e-01 1.182239254762833092e+00
-3.896202391796688147e-01 -6.135596815991729847e-02 1.142952900204789790e+00
1.503306997990383254e+00 3.069750209955114939e-01 5.909175911065751574e-01
-4.356058371969444010e-01 8.634349097985699606e-02 1.223601721202664638e+00
-6.183045219770524348e-01 1.015422164852086001e-01 1.228631052318339245e+00
1.302834777251238751e+00 6.825043666371426454e-01 1.177480095573895769e+00
2.106586938419668265e+00 6.235566443116713486e-01 5.921421520115486281e-01
-7.402017317688973641e-01 -4.064383804082973839e-01 1.098101805147347676e+00
1.980774521852271208e+00 6.786313795044343067e-01 6.087926453718361941e-01
9.743259176021321633e-01 5.551995957048010411e-01 1.023585497183437276e+00
-2.841841789844887778e-01 -5.059340772470433123e-01 9.690545585094784142e-01
1.778727387935739923e+00 7.106581859378877652e-01 6.866184637920997869e-01
1.185083480916270471e+00 5.353022749722411433e-01 9.100800253771156312e-01
-1.615701189364218138e-01 -6.217570309514446336e-01 1.079437728230896454e+00
1.372716461415723233e+00 7.566415171998945866e-01 1.212669897870604752e+00
1.071808104642897552e+00 6.586460165632397334e-01 1.159943479500463948e+00
-4.066683655183234158e-01 -6.830491455028395720e-01 9.663785701955808216e-01
-5.179568113000845297e-01 -5.927019205191434992e-01 1.004135113507919952e+00
-5.529361094940512533e-01 1.346453467297931972e-01 1.249884307632946223e+00
6.801115564309987427e-01 -1.444694472366032101e-01 1.016820019116779772e+00
-8.713931270704118326e-01 -4.217875820356988825e-01 1.128118377901595970e+00
1.841958417115886482e+00 3.022524924988712058e-01 4.091940084989679760e-01
-1.142609909626141507e+00 -2.939453571820695998e-01 1.251777371702369024e+00
-1.433550774964494456e+00 -4.862934646461480187e-02 1.555612447019368405e+00
5.610926838366867564e-01 -2.899913840798307163e-01 1.236616023674591114e+00
1.274614317895252480e+00 2.137724985752562090e-01 8.240406616475950408e-01
-3.935170106353109987e-02 -3.365458774720449936e-02 1.158087792389425497e+00
-3.971190366164544794e-01 1.168181386912151981e-01 1.186423142506862316e+00
2.014943649463424080e+00 7.410202288853575681e-01 7.811496061465996732e-01
1.470445436393225780e+00 1.104933400473324889e+00 1.115474726956725116e+00
-5.814334179414040182e-01 -7.146612496759430222e-01 1.049130851918393059e+00
-3.964614576540999025e-01 -6.531841333850922915e-01 1.159413755437501692e+00
1.459442328214527906e+00 8.280161909830781042e-01 1.276970381774547691e+00
-9.798651146996963934e-01 2.078798189852726075e-01 1.231806734121807079e+00
1.578937386644214458e+00 4.564919263393356075e-01 1.247518265621161637e+00
1.389526866199065902e-01 1.935433575413627039e-01 1.344090702174571827e+00
-6.942391817387336683e-01 -6.366149188660181757e-01 1.059360317076134983e+00
-1.274403282704049678e+00 5.543488705493170021e-02 1.484059116697165503e+00
1.939639388068253645e+00 5.881060700271447672e-01 5.334018786315968264e-01
1.982990086611062797e+00 6.265435697813339644e-01 6.947197237842575035e-01
1.094880756787029563e+00 9.606103745931876547e-01 1.356124478025885205e+00
-8.367696336263500539e-03 -5.388147217282366341e-01 1.331937070837200476e+00
9.570845643195253771e-01 8.698322464212324689e-01 1.294359691570438509e+00
-1.473500356640550235e+00 7.305566632543750161e-02 1.543099213779824952e+00
1.623395523642602312e+00 8.213607390805552910e-01 1.311602739418426866e+00
1.061534869640859968e+00 5.141055529308760086e-01 1.401214433104492230e+00
1.747682354815074834e+00 4.865254251921066753e-01 5.983790220990869990e-01
-8.230917455601487465e-01 -6.410314419285656484e-01 1.197205825917627919e+00
-1.052800705902780631e+00 -5.472493170937040574e-01 1.200834504216540699e+00
1.830606480114742363e+00 9.634166047324735915e-01 1.068398097393896906e+00
1.327425335632408832e+00 1.119375286473787590e+00 1.442044307773775902e+00
1.309951582941996318e+00 3.061450608525717043e-01 1.627017057586553017e+00
1.204820653089869964e+00 1.192325009442509298e+00 1.448133877539056424e+00
-4.549174136991366857e-01 -6.371295284128826175e-01 1.305511568068599804e+00
1.563477316199394895e+00 1.152743106943893814e+00 1.506185615418743406e+00
1.494641819224638013e+00 8.334774260659205680e-01 7.102107403210744518e-01
1.420903794135801590e+00 9.637540131163255808e-01 8.706343647932377472e-01
1.505224475123567496e+00 8.281286683520581171e-01 1.144008287484745034e+00
1.685687698593172801e+00 1.098456765976974836e+00 1.564618159869894720e+00
-1.295634088852998245e+00 -3.297136890598721948e-01 1.427494155665768760e+00
1.429583009970389007e+00 1.152499759282551217e+00 1.126361830443031398e+00
1.117660054771578482e+00 9.820344847120305865e-01 1.643736147206176224e+00
1.411873196899764427e+00 1.146806494192420312e+00 1.496722094940481584e+00
8.060616643018216898e-01 -1.292612905871868001e-01 1.659095595944101609e+00
-8.679121702342285083e-01 5.368744236976881190e-01 1.847965037520236775e+00
-3.965767468795601824e-01 5.492086336775776623e-01 1.765950104957284994e+00
-7.646367043165336330e-01 -7.682214371300211120e-01 1.214202553555514763e+00
1.150130122479303907e+00 8.702388358722608075e-01 1.239614722969639038e+00
1.248104341662179095e+00 1.033245648369369496e+00 9.634377659685248174e-01
5.555546691314590113e-01 9.935735535441572175e-01 2.145962166114023795e+00
-1.422334040686631385e+00 -5.940872819227016599e-01 1.475182455567837225e+00
1.005637982853065937e+00 8.713948850661417111e-01 1.724857201177199206e+00
7.351409059968323501e-01 -6.278801448547309538e-02 2.055737344661009658e+00
9.324430675116576195e-01 1.108790509848692096e+00 1.501125527985541108e+00
-1.430166123764734509e+00 3.284301536538655752e-01 1.809676451985323009e+00
-1.010492439174469625e+00 -7.542826850409651840e-01 1.452834184094608627e+00
-8.003910831592455644e-01 -7.987531676211840903e-01 1.321518471707736175e+00
-5.965568704213664031e-01 -6.596638808478996197e-01 1.451567426989555543e+00
1.219590863600196862e+00 1.149444106821972289e+00 1.127820366071641933e+00
1.373271534905657676e+00 1.046203983534971904e+00 1.014748630453282896e+00
1.082953299509571976e-01 -4.438915149466033938e-01 1.782069858788317029e+00
1.349598952877391067e+00 6.125189952329255227e-01 1.855620015707674098e+00
9.235819430552724141e-01 1.531143813971541423e+00 1.742229955133754338e+00
-6.761066811113465302e-01 9.580943245238592310e-01 2.486889911716926527e+00
1.151581214542739762e+00 1.107489904565840177e+00 1.494326064584849068e+00
1.254253909480838480e+00 1.315862571739886633e+00 1.462786934802355221e+00
7.203951248757143322e-01 1.439283542361874169e+00 2.059183414713884996e+00
1.113335555604703542e+00 1.399411956097274867e+00 1.692188415267791513e+00
1.073812105066005440e+00 1.250105040883140006e+00 1.649109170144297698e+00
-2.601294969104310795e-01 -4.747589200775204077e-01 1.701152845121397528e+00
1.526089298914941050e-01 1.849832027116681932e+00 3.438591321049893068e+00
1.187278873992549943e+00 1.019983863319483097e+00 9.623983976303643884e-01
1.270182685991978921e+00 1.117311843333726795e+00 2.003970965013747385e+00
-1.539816179301411125e+00 -1.808725505855668103e-01 1.699419423174319377e+00
-1.413626488187137431e+00 -7.245003567560455160e-01 1.534310474563805426e+00
8.032481988947786089e-01 1.356092816398854595e+00 2.354447140474484890e+00
9.038222170619365503e-01 1.480532979189300491e+00 1.605991501411748956e+00
1.201308196110824289e+00 2.208038582915332615e+00 1.944893385501315075e+00
8.585352113105559901e-01 1.429639439223240105e+00 1.718971292963543895e+00
1.082461840674952436e+00 1.088193951860701780e+00 1.055250562353675203e+00
-7.757673785434857638e-01 -6.996363304960095952e-01 1.578353572775372804e+00
-4.769677159912921738e-01 -5.891093237208853139e-01 1.575408617187944893e+00
-1.863096000356293303e+00 -6.372510158739044250e-01 1.685155260732896787e+00
1.530341096583154759e+00 1.542293166924380454e+00 1.928332109593373200e+00
1.722954573342460882e-01 -3.735424334756807241e-01 1.918654038434363995e+00
1.018168907877801121e+00 9.937737752456108353e-01 9.648739848587459811e-01
1.116589107568704886e+00 1.081641989038476304e+00 1.049018474088393216e+00
-1.676616246760474604e+00 -3.979785718230139935e-01 1.667833838670320867e+00
9.693440650109096390e-01 1.077425572826735234e+00 1.068150581319501802e+00
1.293362955437346917e+00 1.214989602076683495e+00 1.239429052517434293e+00
-1.119833917964299097e+00 -7.337480773613194174e-01 1.597309416878335497e+00
-1.545689306963774046e+00 -7.975891726922421654e-01 1.667428657744519649e+00
1.404708430186307977e+00 1.855120507751169212e+00 1.908834622672052062e+00
1.024325442092390404e+00 1.262615978567691144e+00 1.267330411697997761e+00
-1.553418270305886084e+00 5.665174484138989913e-02 1.818474287555242430e+00
2.878698274662602752e-01 1.552122447956080009e+00 1.988478326885136038e+00
9.244940679516060467e-01 1.390060391563237907e+00 1.367317724563059445e+00
-3.451917923158491774e-01 1.345821489738641130e+00 2.218296611042418043e+00
6.615775063329205619e-01 1.499963734714746089e+00 1.888880423389750707e+00
-1.116380508896762880e+00 5.741605141232533072e-01 2.206369684597728309e+00
8.538843696687064000e-01 9.905513541402851674e-01 1.014650010166875838e+00
8.464944851774127699e-01 1.011304241202205523e+00 1.040446269595404205e+00
-3.186601793122236792e-01 1.564039131126922832e+00 3.177291894050439769e+00
-1.818463912828046425e+00 -8.197198461954133819e-01 1.660890248933262425e+00
1.073973700161629630e+00 1.309519477004956745e+00 1.283177951720732013e+00
1.191429859440794603e+00 1.342554167330114012e+00 1.395602699874849639e+00
-2.026778056782760018e+00 -4.652508804417525012e-01 1.721036171593139708e+00
-1.741830429338097064e+00 -8.816491960055343746e-01 1.717440516722770649e+00
-1.528288310797883520e+00 -8.103968322406065461e-01 1.474135726948996972e+00
6.778963390384169507e-01 1.485454793889614322e+00 1.886608344926907987e+00
7.561926572274730862e-01 5.421474546819613494e-01 1.988569169419742488e+00
7.876059338886987060e-01 1.702856234057075646e+00 1.868525490763597308e+00
1.048953868674286971e+00 1.441342757731822077e+00 1.654563602378428033e+00
-2.046308761019123068e+00 -7.654999089057463735e-01 1.795420296072915756e+00
1.863762751282616037e-01 1.635791851598625612e+00 2.957903151253941765e+00
4.946818357339689831e-02 1.515326569573870907e+00 2.665638849251762199e+00
7.854148662333231279e-01 1.164199282020250692e+00 9.949649810436768105e-01
1.024053182217433022e+00 1.228264844250635424e+00 1.160577734503057901e+00
7.871150841114948893e-01 1.059940459794539436e+00 8.954713811134191737e-01
4.679929192346417022e-01 1.568649669381330325e+00 1.982877080597486907e+00
8.992221931178583372e-01 1.392346436202866578e+00 2.087501681833137113e+00
-8.194142945000335576e-01 1.036198006150632178e+00 2.647789373757959197e+00
7.672534850946961527e-01 1.039956073720581520e+00 9.663344884934688128e-01
1.135235056199938697e+00 2.257764036428954402e+00 2.004141865741336126e+00
6.735577313779836928e-01 1.533201569852465695e+00 1.803614395323962505e+00
4.067584665946148981e-01 1.699184462093973891e-01 1.928589433416586507e+00
6.406798297574667345e-01 1.794871321390651531e+00 2.002704455946000106e+00
-2.206946027002222976e+00 -7.401908330730182506e-01 1.673702495169578919e+00
-1.760069698401439009e+00 -8.968132903711625303e-01 1.730980933706130376e+00
2.008726306659479877e-01 -1.964983614513572951e-01 1.742197249324745512e+00
8.546769962130376097e-01 1.470127629159896365e+00 1.613429395803051225e+00
-2.342725394577044096e+00 -4.334764199696556908e-01 1.131907543642321601e+00
8.707521688197641385e-01 1.781471596965646498e+00 2.095074338180634044e+00
7.333170913124045232e-01 1.250594535880789060e+00 1.166288410652922325e+00
-7.608371433526388561e-01 -7.462049285479541716e-01 1.292635532205919979e+00
-4.656255829972399951e-01 1.288923526410466813e+00 2.352224693654066723e+00
3.414949177060965790e-01 1.618403689466294315e+00 2.125521399456562488e+00
-6.471572965639671438e-01 1.071829945229358039e+00 2.474389975462180757e+00
-2.108482079531157183e+00 -3.739669494052613175e-01 1.220317832790131174e+00
-1.811649723692065006e+00 -7.345583764121457193e-01 1.098891126503067639e+00
-5.154935219512237765e-01 1.032939168066173918e+00 2.524399688592489088e+00
5.950501368215399545e-01 1.842788696540804905e+00 2.161329498103406355e+00
-1.744248008601039679e+00 -7.151615660902610472e-02 1.438234858469109589e+00
-5.344668791040700292e-03 1.312023305806578888e+00 1.560986115368419025e+00
-1.232394816568564977e+00 4.932766023447641146e-01 2.026753026934991819e+00
6.930889139537124155e-01 1.219159350499091410e+00 1.039994854319514106e+00
2.124701928869331957e-01 1.636282752265160845e+00 2.287093759338272747e+00
-1.173008513178384726e+00 -7.044602485774609235e-01 9.220239279959300260e-01
8.282433204305763574e-01 1.295504551222896872e+00 1.125178011514336163e+00
8.508093662148827896e-01 1.250101641193263502e+00 1.038141307203470642e+00
-2.052300343341729061e+00 -7.036044956723679356e-01 9.276818509119866274e-01
-1.197896609582180076e-02 1.509039003254541988e+00 2.269419964966671976e+00
2.696949051116558915e-01 1.255835064456569228e+00 1.697299228545111172e+00
7.525115268867770268e-01 1.114512322497550389e+00 8.219927585983770602e-01
-1.838405516128414297e+00 4.305255968841940201e-02 1.363344007050832918e+00
-5.923184901295124316e-01 -6.475761065952569950e-01 9.166291127258605620e-01
5.186836408107751151e-01 1.048078519486299154e+00 2.088887432559070945e+00
-4.772767563741044938e-01 -6.243178134072806529e-01 1.114462395232147074e+00
7.449043701391853123e-01 1.375283760282422385e+00 1.285867541773884293e+00
5.648703634747480606e-01 1.329136686943476420e+00 1.348889241163849784e+00
-2.246817810778812152e+00 -5.646857746605551398e-01 1.073586621835891819e+00
-2.257616255887608059e+00 -6.525209338165893769e-01 1.015508096584137654e+00
-2.007756402848833999e-01 -3.488748277752296012e-01 1.388925564188724593e+00
7.301196034299832771e-01 1.231632226605104075e+00 9.650844033239409647e-01
-1.284679787504880988e+00 2.152005903854412039e-01 1.646374443150917521e+00
-8.184625747512129512e-02 3.978666380477235975e-01 1.938685848372546872e+00
-1.417554237053125776e+00 -6.408282974818249045e-01 8.509891761112586828e-01
-7.236171853183870351e-01 -6.668275397924361414e-01 8.649272916591999039e-01
1.818042928408586945e-01 1.210694126088778244e+00 2.189193975498037403e+00
3.913016883614415242e-01 6.165241416612632364e-01 1.982454030254821919e+00
-2.199093466423356791e+00 -3.105564916553054111e-01 1.064281152001776087e+00
-1.661795116809930084e+00 -2.583939359803699796e-03 1.284898124433041078e+00
6.325216960365698249e-01 1.179957932219602101e+00 1.219047212415514059e+00
6.722780766612497239e-01 1.201194517239149828e+00 1.053972730689274107e+00
-2.176651043287667786e+00 -9.731076691000860313e-02 9.357144557760481707e-01
2.047242562946667011e-01 1.478147918652768400e+00 2.288916221134610574e+00
4.934317899062050095e-01 1.257270990514171682e+00 1.097498310017128498e+00
-4.533057430841758162e-01 1.044704694274087409e+00 2.100419540733188040e+00
-9.954360378102500295e-01 6.858424580103053003e-01 2.106423608941301318e+00
-8.407994623890941988e-01 9.014842399946889628e-01 2.304129989942480083e+00
-2.809098813768484137e-01 8.254025059757443827e-01 2.132716847088181211e+00
-7.308804185810451326e-01 9.597069147023532532e-01 2.217460985916077654e+00
-1.061448134700696766e+00 4.139747676091615758e-01 1.848749132953545704e+00
-5.092027816554902664e-01 6.222977860630898306e-01 2.023579694187403799e+00
-1.255414041980067230e+00 -1.988550652494140009e-02 1.345492737060717259e+00
-6.603203172140770238e-01 -4.423219975308735896e-01 1.033800368497176381e+00
-2.358429583787056139e-01 1.015465834728043415e+00 2.192726484164320144e+00
-1.979710295928118091e+00 -5.944171216955851378e-01 8.962879065050071148e-01
-1.982256755220460909e-01 1.321592493861864170e+00 2.341705002056614582e+00
2.136758972367840126e-02 1.153637385455211550e+00 2.188030283567882428e+00
5.061275651854142410e-01 1.076982690373215590e+00 1.385096536368825237e+00
-6.703944164833159913e-01 9.296325891429427779e-01 2.261394012210194759e+00
-1.865175701404474307e+00 -4.875499267433509032e-01 8.244645599543534153e-01
-6.281082497404624210e-01 -5.003966852245262942e-01 8.875102425376806270e-01
-2.539879580467351849e-01 1.148694976054309924e+00 2.232550574276475519e+00
-7.770172718382237775e-01 5.420641490697484244e-01 1.958401134197214510e+00
-1.159132132689967509e+00 -5.551852060052757665e-01 6.989940262214537903e-01
-8.055226396156029978e-01 -5.562919521095559539e-01 7.946702616026455335e-01
-1.939340629728051990e+00 -4.335784612890940248e-02 9.979139457237512500e-01
3.209676686884264107e-01 1.020238755135725706e+00 1.430077765334438977e+00
-1.700955423748462092e+00 -8.964759770360500313e-02 1.098401922210330728e+00
-2.029065279815299872e-03 9.547755904081848266e-01 1.928168803883106408e+00
-2.085651325951197954e+00 -7.313289686699059322e-02 9.134383279423665680e-01
-1.315179803828990801e+00 -3.239158390034594937e-01 8.970845769538147163e-01
-7.200541002797102852e-01 -4.435297916209103852e-01 9.035437040880693882e-01
1.205082053335824049e-01 8.328904470262932236e-01 1.919212568391302387e+00
-1.472837473332970992e+00 -2.678676261864988972e-01 8.549970191177973522e-01
-1.449241479217603823e+00 -3.681369381290409137e-01 7.719524678346356694e-01
3.019148276241561124e-01 7.304763054686356227e-01 1.835174006061229601e+00
-1.090867849398742040e+00 -4.661807940363891234e-01 7.999451191795772242e-01
-9.679573928926251680e-01 -4.246124313504839876e-01 8.662634639400061953e-01
2.297976439289448058e-01 7.957350684362074489e-01 1.625314817671630108e+00
2.277148038433254029e-01 6.262747974823534847e-01 1.794861163164306328e+00
6.736879310249280217e-02 5.033418357932779585e-01 1.468256741100600893e+00
2.321463326983498887e-01 6.391514974762357859e-01 1.639746079961807101e+00
7.745932979326790313e-02 3.960242537803315144e-01 1.552493339866938049e+00
6.679639743508179739e-02 3.403892917987327849e-01 1.531638763751903554e+00
