-6.748271747810886012e+00 4.942550450872632339e+00 -2.269485689949204499e+01
-6.264293875870464490e+00 1.989995412372413952e+00 -2.185284604230191263e+01
-5.550112246412728823e+00 4.790398316481773833e+00 -2.135065241232465638e+01
-9.482489638494238093e+00 3.822547429765505100e+00 -2.288044513310936878e+01
-9.947006841465462657e+00 2.713445996271088845e+00 -2.255443443419511595e+01
-8.580295008743819452e+00 2.920542351109597590e+00 -2.309792407433207018e+01
-7.347158351305354884e+00 3.007584245607642259e+00 -2.257758097461281466e+01
-1.087506796637024387e+01 -5.509338493307042173e-01 -2.366599608538878385e+01
-1.032044274283257224e+01 1.220366705186560097e+00 -2.193620581026775085e+01
-1.227040302152278883e+01 -1.354293922550927343e-01 -2.283647825884072802e+01
-8.610729917279368095e+00 6.077509356025995402e+00 -2.198986648088701656e+01
-1.224286756918142949e+01 -1.422698100548265288e+00 -2.232824813279466980e+01
-6.378886392525133786e+00 4.290838925120254443e-01 -2.260059392592189909e+01
-9.301864361219898569e+00 -1.695046471472370919e-01 -2.109554094214427522e+01
-1.076872587139171777e+01 5.187638135496039027e+00 -2.110211413298114991e+01
-1.189479308144779068e+01 3.688818074317111950e+00 -2.132277004237730011e+01
-4.575744689674879240e+00 2.981162551645599179e-01 -2.197915951800788292e+01
-7.203568054287304179e+00 6.633133607637450524e+00 -1.995003249830915593e+01
-1.097589183991218675e+01 -1.949220969019378913e+00 -2.135031736094186527e+01
-7.855963146039783851e+00 -1.822210042585564460e-01 -2.080750368570167552e+01
-4.521458082207313822e+00 4.464889397140398231e+00 -2.123042659350492301e+01
-1.284374224966365574e+01 -6.339045213879296314e-01 -2.081542009470273058e+01
-1.251996091719491133e+01 2.082098379718066994e+00 -2.174635900386634546e+01
-1.199800886535520839e+01 1.061479088641238633e+00 -2.127552566381090315e+01
-6.235675359428219267e+00 -1.475963687084846043e+00 -2.064269147733472920e+01
-1.346256723637327646e+01 3.004703835479560325e+00 -2.055811541029538603e+01
-2.333743670948564386e+00 2.557544295227067721e+00 -1.957541961161741995e+01
-5.981915072195917560e+00 -2.961264927997641294e+00 -2.046912509667649260e+01
-6.753117784891497166e+00 -4.798087049699324425e+00 -2.237518277027422897e+01
-5.541245246115076739e+00 -4.987354390075013910e+00 -2.215907839572211913e+01
-5.139971884192592100e+00 6.353666995381134441e+00 -1.772699666252049866e+01
-9.716128683585992576e+00 8.126749249608375081e+00 -1.802968919816662918e+01
-3.637929394250113191e+00 -6.948297389864634965e-01 -2.018065977414372014e+01
-1.273245807470248891e+01 5.332518514538039156e+00 -2.066718213566069551e+01
-4.772218301139634633e+00 -5.232845942467827527e+00 -2.014968637881419511e+01
-6.766360679791111110e+00 -6.166883819381977716e+00 -2.063852750416359783e+01
-1.384121411676686897e+01 1.360975840759273581e+00 -1.869308599445373886e+01
-1.411694130865976327e+01 4.386300701051084161e+00 -2.038066906868318995e+01
-1.242223535061539330e+01 -1.957537866844580421e+00 -2.059331126381451327e+01
-1.299097957656215385e+01 7.970870156696499009e-01 -1.849097518617822544e+01
-1.027816461249248192e+01 -2.490537138710955389e+00 -1.925881880672126556e+01
-4.972622631847505303e+00 -2.978411521161442366e+00 -1.946757403538934028e+01
-8.272229550826466493e+00 -1.968286121120756960e+00 -1.924175541454365401e+01
-1.654980610894270399e+00 7.890582856514266608e-01 -1.966551471768723758e+01
-1.086609398172555530e+00 1.977171002611932238e+00 -1.953614407030286770e+01
-8.079734707686615280e+00 -5.053101644553079197e+00 -1.908096921908886401e+01
-7.816541937109017013e+00 -3.112813912572082842e+00 -1.723812177456819228e+01
-1.298416258460436623e+01 -8.215270842295119280e-01 -1.843553880359245767e+01
-3.881450440123332513e+00 -1.843616850230526794e+00 -1.935994333961076563e+01
-1.735514721697429152e+00 -9.037230260961113260e-01 -1.770819330775583467e+01
-1.470741767908834241e+01 3.839829112271067046e+00 -1.904810021904152251e+01
-3.343982314036693992e+00 5.020398044776579027e+00 -1.864499423960317159e+01
-1.200995996762929963e+01 7.862135090537325510e+00 -1.805602061300542260e+01
9.326136564746522195e-01 2.770529834428979044e+00 -1.557819220427735729e+01
-6.479186431577632632e+00 7.511376364101632674e+00 -1.494568157967931654e+01
-1.256234695268592105e+00 4.059214059772040528e+00 -1.555120041008058251e+01
-1.257240042074695729e+01 -1.856340056517401749e+00 -1.760738054586990131e+01
-5.921081238902301536e+00 -6.335850364944217716e+00 -1.805177056272270875e+01
-1.219547357760712458e+01 8.877632782070946860e+00 -1.689450427719923908e+01
-1.456970127863043629e+01 4.845787200648718596e+00 -1.780334756368187499e+01
-8.469218814360843339e+00 8.473517652984856596e+00 -1.636547528078589409e+01
-7.402095612854065365e+00 -6.070184322444305280e+00 -1.630283945639359189e+01
3.550171836848043938e-01 -2.444397174439903453e-01 -1.751503067046837714e+01
-1.792611276070106285e+00 5.793870330978634797e+00 -1.500893873231039066e+01
-1.369441694801665932e+01 7.986392970076556352e+00 -1.544966511415891830e+01
-1.356105496057300464e+01 6.907422945305047080e+00 -1.600566562098005363e+01
-8.519131584085050335e+00 -2.367148714450138414e+00 -1.696646405972440874e+01
-3.804103605023414048e+00 -3.302427987572126966e+00 -1.551719491921366512e+01
-1.458975836665665504e+01 9.223533575598331424e+00 -1.671572732844978759e+01
-1.357765475621800810e+01 1.028011384593341404e+01 -1.696310227123873204e+01
-2.006709289674917684e+00 -2.590055683962022570e+00 -1.648380275730277589e+01
-4.235232742906402947e+00 7.577753386999024343e+00 -1.481564339657315799e+01
-1.476625677182930474e+01 3.059139232361527405e+00 -1.632775401584081010e+01
-4.498411696518026304e+00 -5.389508401092971468e+00 -1.488716595218366479e+01
-1.110538323890821921e+01 9.322616972913090549e+00 -1.465887368984277828e+01
-9.777149271709269840e+00 -2.255371367480762501e+00 -1.487614879213436581e+01
-6.954242168790366607e-01 -2.566732957088735390e+00 -1.520927484260932516e+01
-1.501152204198457873e+01 1.042116536963686713e+01 -1.495534176118865588e+01
-1.246489884686906358e+01 1.374547952380708316e-01 -1.503176814504531933e+01
-7.499597547968598121e+00 -5.277637704475255376e+00 -1.442928301779322453e+01
-8.634688706965899740e+00 -2.328615994916679810e+00 -1.417623410155692909e+01
-1.519473507695077785e+01 4.470221645426452284e+00 -1.411290175233391864e+01
1.872209007011232273e+00 -4.587952831988833524e-01 -1.326086540862918639e+01
-1.427992860295989530e+01 1.106130610162634653e+01 -1.476582356194039392e+01
-1.248518396508329609e+01 1.057590876843934069e+01 -1.391644634592070418e+01
-1.430513457278019551e+01 2.160347056569669633e+00 -1.376611340002273920e+01
-2.432443153041601747e+00 6.924629214048756864e+00 -1.255528967723898859e+01
-8.256409953973170346e+00 9.184099951239527826e+00 -1.240737937349584996e+01
-1.483019915254995702e+01 5.610880157510752753e+00 -1.410812044976439239e+01
-2.826526914248557731e-01 6.117348023818646396e+00 -1.385586486903537917e+01
1.964538162301410651e+00 2.294794101224077565e+00 -1.417787933814436485e+01
-1.533724116590474651e+01 3.356234360290974550e+00 -1.209439806244691340e+01
-3.756192454077073251e+00 8.063293894834588471e+00 -1.148172604427729482e+01
-6.757487203116124164e+00 -3.394039640029472338e+00 -1.298822911238159605e+01
-6.167693310107937421e+00 -5.873519507290092534e+00 -1.414874049365432285e+01
-1.394874262200003656e+01 8.748808752556350044e+00 -1.134566489596453209e+01
-5.972988270821224077e+00 8.464643142983806712e+00 -1.096239640854333430e+01
2.867523585553096055e+00 5.627717272691718620e+00 -1.193076731832277915e+01
-1.492435836492899348e+01 9.279606125907360337e+00 -1.368313204308029185e+01
-1.400962920743332241e+01 1.074739514975756371e+01 -1.209205257972008951e+01
-2.886783508695257794e+00 -3.376206643324007217e+00 -1.307937936918108335e+01
8.949018361784517595e-01 -3.378589374029628445e+00 -1.366638089282660218e+01
-4.090435817467122703e+00 -3.557474213122951312e+00 -1.287019984142922624e+01
-1.481990476683731472e+01 1.011199003083730830e+01 -1.178224944630047588e+01
-1.141233510957034269e+01 9.491397814139929778e+00 -1.107907613980754746e+01
4.069650001446920129e+00 1.721342046832999628e+00 -1.272717146277777545e+01
3.327134720751786290e+00 8.088247596103620651e+00 -9.523559208319248626e+00
-1.004627226117698058e+01 9.543990495533618557e+00 -1.118174751528261623e+01
4.372779898370279028e+00 3.947467916269006949e+00 -1.120371402171325315e+01
-1.014783113250982360e+01 -1.403920750878167922e+00 -1.218030138405477913e+01
-5.453127160040338595e+00 -3.636988280743478796e+00 -1.193474759836472998e+01
-1.335211790203851301e+01 9.498727341829731330e-01 -8.609571305652139017e+00
-1.584716939586129669e+01 4.609611647563694348e+00 -1.020856906873137859e+01
2.291630562219630463e+00 -3.409660974536452116e+00 -1.116562174576407074e+01
3.843711456462390430e+00 -1.380770712147043611e+00 -1.032489550313311355e+01
-2.511083248840959570e+00 8.777926751996034227e+00 -8.268469255858732936e+00
3.717324414632069973e-01 8.110861731310148315e+00 -1.109117494953493122e+01
5.499088636355597970e-01 -4.078220360836546377e+00 -1.218655476928127257e+01
-5.289804098684314226e-01 -4.713446506253488266e+00 -9.748758310177358055e+00
5.365547350019117090e+00 6.992622980341058891e+00 -8.524342110488632329e+00
-4.007660892893111892e+00 -3.403470239502555117e+00 -1.161621021146053323e+01
-1.514931061276156576e+01 6.911135639815933374e+00 -1.015768914581921223e+01
5.271384382568276905e+00 1.595155956420349241e+00 -9.920640935809309724e+00
-1.367791215716881048e+01 8.684872265554027138e+00 -8.722043544822660976e+00
-5.695133016219001476e+00 -3.310557205200083786e+00 -9.817244677995788038e+00
-7.921733738373074374e+00 -2.544618160951118924e+00 -1.104491140120874348e+01
-5.537803549702932315e+00 9.518189529842862484e+00 -7.614735147587595065e+00
3.079658773418080031e+00 -5.806768020830554988e+00 -1.115206279425507319e+01
3.913285808789968456e+00 -6.781405878628300243e+00 -1.122388782829573728e+01
4.479646788445833749e+00 -5.623320956597623876e+00 -1.164230446349262138e+01
-1.214291175175887361e+01 8.670705627807706151e+00 -7.345322636700466035e+00
1.165951550562493111e+00 1.029950956690947450e+01 -6.847228616079313213e+00
4.993996094642685790e+00 -6.836227442340705451e+00 -9.834465236108812292e+00
2.499270724266221322e+00 -4.621610713586566277e+00 -9.555779568826814341e+00
4.944017819729722873e+00 -6.656270673929469694e-01 -9.508591261485982216e+00
5.231260646908326706e+00 -6.502740976946945750e+00 -9.197965743573966790e+00
4.057714440502209641e+00 -3.968439166795704409e+00 -8.232903750800495857e+00
-3.843526467084608100e-01 9.382487626987382257e+00 -8.351810367887914310e+00
-7.773615374648988663e+00 1.045278479158266194e+01 -6.833789571762594051e+00
-1.469071251689897295e+01 7.809569329461387710e+00 -8.275897734382752446e+00
-1.054624666174615477e+01 -1.315810217200350962e+00 -8.541190215676522257e+00
5.754666849829677133e+00 6.227558276747503285e+00 -8.363384739313801219e+00
3.166748056924262755e+00 1.130787941205898584e+01 -4.691620891965442297e+00
-1.313383277056212961e+01 1.108518080683415619e+00 -6.338925792017974459e+00
3.040133875161936672e+00 -7.165796872615391777e+00 -8.505294019528697902e+00
-1.008425398928195271e+01 9.988499069595583535e+00 -5.930306168412705858e+00
5.265030025773345557e+00 -5.485040222313065428e+00 -9.214539600521050033e+00
4.917122507889834182e+00 -2.143838821599338473e+00 -7.669545774360756241e+00
-3.115471494170366284e+00 -4.159945828062381779e+00 -6.611630173506569008e+00
-8.975752271527349890e+00 -2.568109805149800806e+00 -5.734560503685052879e+00
6.268573318094292190e+00 2.339867026047258491e+00 -5.490378979166685269e+00
3.957127704566014259e+00 -7.438784529723220018e+00 -7.740030235873071263e+00
4.273502159782291088e+00 1.070247361752202231e+01 -4.915337313492415205e+00
-6.475312830041092482e+00 -3.179579161139958643e+00 -7.139944604719616450e+00
-1.259660523502650520e+01 7.756741179889791837e+00 -5.990805825695389331e+00
-1.458421541094878293e+01 4.792003251982466239e+00 -7.196763240305671161e+00
-1.399722498491826173e+00 -5.449311016900848514e+00 -6.318497498715402116e+00
6.148329576068594093e+00 -1.332182266330674381e+00 -4.950549852474360080e+00
1.570275764065119262e+00 -6.103732917603300834e+00 -6.512481333517648352e+00
-1.364317728885076164e+01 2.720086464560820261e+00 -5.848301782599918397e+00
4.832409703255160949e+00 -3.943731921404882712e+00 -6.116880775184881713e+00
-5.940226893095376326e+00 1.002486373375852757e+01 -4.408426469606176568e+00
4.911214676478344643e+00 -6.919800941467718403e+00 -6.872675852218499415e+00
5.344970122711041327e+00 -5.385164513770424932e+00 -5.120010915324272105e+00
-1.140971051902603151e+01 8.162027720241409767e+00 -4.208846343779960364e+00
-1.181498589922334652e+01 -5.002890707587061003e-01 -4.139573770867933433e+00
-3.092136274701585918e+00 9.709873865792003400e+00 -4.431700040148825792e+00
-2.886342649952134964e-01 1.084434359270456660e+01 -4.456052149964492060e+00
-1.363247549066887032e+01 4.760342782632747571e+00 -5.054793809094626056e+00
2.276784933334257133e+00 -6.757272807300299888e+00 -3.817854655398043917e+00
6.403837702050566349e+00 7.416299561269303453e+00 -4.710046714874344786e+00
-8.913781287144168175e+00 1.017837466796629187e+01 -3.853144039031967338e+00
5.600476278686221221e+00 8.886031536447760004e+00 -5.328198480263488079e+00
5.197605987565829366e+00 -6.152149442210118835e+00 -4.621505762405583084e+00
-1.219687305248183229e+01 7.332591847784552641e+00 -3.234996748072127559e+00
-1.326575637060096646e+01 1.992854749358842881e+00 -2.655966080976696730e+00
5.021815971971276937e+00 -4.186489382176640461e+00 -3.926102920369281435e+00
-4.578838349624881232e+00 -4.577911167889904931e+00 -4.073947986886111039e+00
-1.998931191801984752e+00 -6.169532695399146505e+00 -5.672047847317621461e+00
6.661631336182168184e+00 5.220433176777470763e+00 -3.939582836611613459e+00
-1.223682032899390570e+01 5.826467778799834463e+00 -1.504342043435748622e+00
-5.974111412773019936e-01 -6.899141054765747683e+00 -3.846891235460702774e+00
6.114195367890891575e+00 -5.724206717573702363e+00 -3.851063956528520293e+00
-7.771850559262542646e+00 9.553480601326521437e+00 -1.879817528332118570e+00
7.229902958232077737e+00 2.121972385413199547e+00 -2.814007000383753621e+00
-3.937288456653472934e+00 9.928212011194014863e+00 -2.125119078766580571e+00
4.070768512649298287e+00 -6.746238465395169470e+00 -3.005125003624399938e+00
-6.441454326810758246e+00 9.065045721768848708e+00 -5.332785624392428758e-01
6.650182246505684347e+00 8.830100819246132104e+00 -3.773009397154389433e+00
1.916404389778838535e+00 1.161595704989094102e+01 -3.221501060387772952e+00
7.102136770693414647e+00 6.335506848873961872e-01 -3.881058909943604363e+00
-7.318996842313087114e+00 -4.299176360317826351e+00 -3.468361232724696208e+00
6.052243361195564830e+00 1.057429128564084841e+01 -3.495468095448650558e+00
-1.353851071459122224e+01 3.012857892557287087e+00 -2.560648740444619875e+00
7.216935434667835381e+00 6.102652256572797640e+00 -2.143299021423537454e+00
6.979905668461670487e+00 -3.270054947049315430e+00 -1.966088612020385540e+00
-1.003104963327475296e+01 -2.110895925174492760e+00 -3.114381870602187519e+00
-4.025934936002204978e+00 -7.324693308921142787e+00 -3.103122437376960363e+00
-9.862082101546979729e+00 7.830510749759950428e+00 -2.855538537421253409e+00
7.120753819846539656e+00 -5.026814993280158461e+00 -3.106106290396553504e+00
4.563612293727377534e+00 1.218809563003033958e+01 -3.462968560824975839e+00
-2.566949405451888211e+00 -8.554267459219799363e+00 -2.029397732056587245e+00
-1.123288656010172382e+01 6.912174001696472558e+00 -1.122482030971717393e+00
-5.806354104881483735e+00 -5.013604910982879304e+00 -2.028429590887881773e+00
-5.452818762589945578e+00 -5.856597827564559822e+00 -7.118624925915142398e-01
8.117040723527045643e+00 8.498480313098090377e+00 -1.771027315829165616e+00
-1.114497295825007583e+01 -1.206218841155557442e-01 -1.857221605347035620e+00
7.990221018789766205e+00 8.371179492934092137e-01 -2.446652001421604439e+00
3.380567464117300247e+00 1.376014118150294152e+01 -2.782416549021000662e+00
5.580581201142905456e+00 1.363413883674613203e+01 -2.896064024903033385e+00
4.534287435134821465e+00 1.378583638494826324e+01 -3.156725848872362405e+00
7.134305717595882612e+00 -6.716009955990864810e+00 -2.741630009606033980e+00
5.468564951608776425e+00 -6.865418895974750413e+00 -2.636997213479887137e+00
-5.262125742797126859e-01 -8.117716188114478371e+00 -1.342344175411405161e+00
7.363815837423858923e+00 1.287870143548104451e+01 -1.460777533062163513e+00
8.221729433906100226e+00 3.666850996502539317e+00 -4.694386325292470019e-01
-1.033653887468466870e+01 -1.126136127866752545e+00 -1.073388880225571995e+00
8.397035256495163580e+00 5.199195058688214743e+00 8.942666270545204243e-01
-3.929172017741169753e+00 1.006107977603122450e+01 1.569755134955245213e-01
-8.492870333533057092e+00 -3.660721243794025526e+00 -2.016585962098339735e+00
3.509235476399648945e+00 -7.098341878173025421e+00 -1.647273511453924755e+00
4.847313660351462161e+00 1.505894351570658429e+01 -1.239091839441130105e+00
2.382315044161293471e+00 1.421004514075428204e+01 -7.846590655767967659e-01
8.910275331725969750e+00 -1.190868380707136964e+00 -3.158436406616402792e-01
1.191330449847711748e+00 -7.865364535632972220e+00 -1.429013324032773369e+00
-8.871894292817398053e+00 8.102560573139394151e+00 6.892044250931732563e-01
8.062480352975333275e+00 -9.010630351741594879e+00 -2.816289511480995600e+00
6.731130476870552215e+00 -9.257604392083432998e+00 -2.878000324298412238e+00
8.865397586748258618e+00 -7.983114025811582692e+00 -1.729550712853331618e+00
-3.556162865043873467e+00 -8.410666464857044389e+00 -9.066870883970423733e-01
8.423084886366600799e+00 -6.087373375944487464e+00 8.244492386290859509e-02
-1.164847552342855508e+01 2.028147449385350853e+00 -6.176336259822789998e-01
-1.232506289651140285e+01 3.724443694670410920e+00 -8.348970760497920196e-01
9.631394194858440727e+00 -3.357663359048413398e-01 1.104870446959488106e+00
9.373004652461421671e+00 2.106092545784154169e+00 1.272320662859293350e+00
4.335719536630385562e+00 -8.862613156482501253e+00 3.045243470744268266e-01
5.712064961560839649e+00 -1.005434315513197596e+01 -5.409421272828112137e-01
8.033203998658573042e+00 1.378740068720143874e+01 2.378171440289805483e-01
6.869717269885352806e+00 1.466807191506977581e+01 2.548124123834513144e-01
6.497410789524860064e-01 1.206837546564445240e+01 2.520171528405477090e+00
7.682943591536778527e+00 -3.444696202529666351e+00 -5.350672278834665008e-01
-6.709900284940133020e+00 -4.578629486359561795e+00 4.485826796288708285e-02
-5.333510810502334110e+00 8.596730176865840178e+00 2.653772897690636512e+00
-1.119149457095966582e+00 1.132348990034014058e+01 -1.314477232168229093e-01
-2.926580889484283077e+00 -1.049947978565961826e+01 -4.875049983239065909e-01
3.480521090437729725e+00 1.536831887027347676e+01 1.414389344718351538e+00
-8.636967003126306608e+00 -1.732009835502188011e+00 7.714108335564234809e-01
8.636563631210950831e+00 8.866975306591687200e+00 -3.092895893105590543e-01
-2.157890402103625149e+00 -1.026492032348665617e+01 -1.229254456858896560e+00
8.275279937720558365e+00 -3.329167272593153371e+00 2.310825885544936398e+00
-7.567278991977893554e+00 -3.416712159344122313e+00 2.134184051100739055e+00
-6.732813937130205373e-01 -9.823730239718379664e+00 2.608009210738302386e-01
7.781948498409551718e+00 -1.025754297820794392e+01 1.163286089351892372e+00
8.817476706082322480e+00 6.098061959569555768e+00 2.667630393895002783e+00
-1.053228899300766841e+01 2.065739666576142497e+00 1.052435809988737370e-01
-1.013544825423750950e+01 3.994206629744069814e-01 6.341181674325895301e-01
-1.033607579162598356e+01 6.426010050158273756e+00 8.255685139602704226e-01
3.158167114252698582e+00 -1.078968541716746365e+01 5.849918929924271538e-01
7.301056672605454878e+00 1.676575565408491286e+01 -3.809745662304847569e-01
8.759256064753225601e+00 1.550180065154551912e+01 -1.043776490306548510e+00
8.943045913990223639e+00 1.688066148060908134e+01 -7.875776111022361192e-01
9.128492761778488784e+00 -9.896311180873272662e+00 2.483040623855714557e+00
9.493571053897488454e+00 -7.724591789193752334e+00 1.257314217130705458e+00
-6.570962822396339220e+00 8.138963587110461972e+00 9.051593563229474171e-01
-3.054309824675188523e+00 1.002557340044232959e+01 1.198216368963713307e+00
-9.603836727605756352e+00 4.698846308326972476e+00 1.370886542468319647e+00
4.931005203011485705e+00 1.515535621227097884e+01 2.392623396333718233e+00
8.446373920847037198e+00 1.295605346310523309e+01 1.674536892890273521e+00
-1.221434354305339198e+00 -1.053800233927265673e+01 1.623036735223983840e+00
-9.048953609969098366e+00 5.814413463543708360e-01 1.680157273151564823e+00
9.749270905992467817e+00 1.472728128054732544e+01 8.332322550356970059e-02
-9.076858083619264050e+00 2.817634591200171457e+00 7.176404313821365122e-01
-3.803841598084538589e+00 -9.760041335228624604e+00 2.068852310878483536e+00
3.114081459357308290e+00 -1.232823382999831274e+01 1.920890354102546382e+00
7.585699899488599129e+00 1.762518312714803770e+01 1.832070618500488024e+00
5.546111594728431626e+00 -1.167515052984816748e+01 4.654235559495562002e-01
-7.928509464982159471e+00 4.825790107484552394e+00 1.146988032044646388e+00
-6.030553699750562657e+00 2.293097528261002438e+00 2.076267405735677585e+00
-6.074298378552745348e+00 -6.038527470156148880e+00 3.683491331740050612e+00
-7.434037350584539183e-01 1.135759773771962422e+01 3.416892567322115326e+00
9.751828565215344469e+00 2.998179035898431266e+00 4.059085278373721906e+00
8.542183669944453328e+00 4.275513275032476912e+00 3.050313889353439833e+00
-4.277914164638772831e+00 4.627397102135244467e+00 2.604960291401866357e+00
1.025984102074044380e+01 1.422651200503957725e+01 2.296534837178661803e+00
-7.341719678753474199e+00 1.769817857162987174e-01 2.596718005597232093e+00
1.018490177200142099e+01 1.652333606669262167e+01 1.591896047378092760e+00
-2.892595739417807010e+00 8.517994490562411869e+00 3.171016848466621241e+00
-6.946253915841538173e+00 -1.687756409775177602e+00 3.896632069549731625e+00
-2.409975628668881598e+00 -1.066082645977045118e+01 3.640658638084985910e+00
-4.384528872095460272e+00 -7.606626682054148603e+00 3.973934839481557901e+00
1.105215922893679092e+00 -1.269197128537615527e+01 2.656928628555668581e+00
8.950286064119740814e+00 1.739362596882423873e+01 2.081878901442536289e+00
7.581462386782899188e+00 -1.190122105427798971e+01 2.048695894450467847e+00
1.241736318969778097e+00 1.368294816099820821e+01 5.003078286512895545e+00
5.688561963263994770e+00 1.654607735398311874e+01 2.160187640098911288e+00
5.640119210920492065e+00 1.683199032532883521e+01 3.584594662677105248e+00
9.331315886601437626e+00 8.821740366921753562e+00 5.311972026880383169e+00
-5.895498866976211616e+00 9.116280452092868913e-02 4.008194101833446155e+00
6.309099852212005644e+00 -1.248840717859243554e+01 2.433730681672486185e+00
-3.794784567873394465e+00 6.233114155570460113e+00 3.187583519434852519e+00
-3.415502745597933654e+00 3.727788870678036659e+00 4.246767945375189868e+00
-4.305575585135434480e+00 2.030963047276275191e+00 3.040544939074685260e+00
9.139181623935581200e+00 -1.004903800167131322e+00 4.184701996775437749e+00
-3.288764848112450068e+00 2.248699850453860449e+00 4.680459376859282372e+00
9.082882239198513119e+00 1.267718472710075517e+01 5.599401349004381245e+00
9.523385440381558098e+00 8.268448286424590066e-01 4.262480093440487394e+00
-1.190715773165523572e+00 -1.217367345185334315e+01 4.203049765915821467e+00
-2.386675931145241236e+00 7.660293673422465588e+00 4.009836596092242189e+00
9.855577611358517842e+00 -1.242090598823248548e+01 2.648290790838402131e+00
9.691038079159726593e+00 -9.521425008602861340e+00 4.416462966279802060e+00
-2.560873886200774052e+00 -9.598382082400565452e+00 6.253011030613407684e+00
4.640168119873168351e+00 -1.312195293104358562e+01 4.188850683299314426e+00
2.621509525309964062e-01 1.018352306300597121e+01 5.348043388835257872e+00
3.687815382912894790e+00 1.515140394118024147e+01 4.747542530420410856e+00
1.103691565024934462e+01 -1.150227992650898123e+01 5.072255479130305389e+00
8.164830931631534838e-01 1.135614835340389384e+01 5.890761504090512801e+00
-1.533845026827851399e+00 3.121527430928290769e+00 6.087307444542474855e+00
9.390366500436950759e+00 -7.221988015984482701e+00 5.350584330544435829e+00
1.045462370128769791e+01 1.488440991515692069e+01 5.649043149725144985e+00
8.435896743622667060e+00 6.057994766911557250e+00 4.837035891591931147e+00
1.008223471836476115e+01 1.356071779902267949e+01 5.088390069592350073e+00
-2.931513577283531902e+00 4.778066458076406064e+00 5.141845324610272883e+00
-1.951791818821906610e-01 7.053307152574204153e+00 5.901505245690948698e+00
1.193406629153825449e+00 9.075881945291836672e+00 5.841266117316742168e+00
-3.900073953817729588e+00 1.800400565387901608e+00 7.734523496471908288e+00
9.780093018867820120e+00 -1.318228253387561821e+01 4.066468234510566049e+00
-5.856627528246479031e+00 -5.833690736938732968e+00 7.847351878091103572e+00
1.552954614126972999e+00 -1.357744012887104468e+01 6.481407090917358005e+00
6.243044889562316513e+00 -1.366791942255321146e+01 4.649373607663974894e+00
8.433041071174892878e+00 -4.994635394132908246e+00 7.452872570264645447e+00
8.906915769721734932e+00 4.071158740075606630e+00 6.950833163697488715e+00
9.467383789700043906e+00 -4.723143881923395071e-01 6.374175119994703209e+00
8.428787415214076262e+00 -3.185246071904943577e+00 7.738887527905703223e+00
2.068657077527856103e+00 1.431809005834141502e+01 6.299001894256107903e+00
-6.059722421639660794e+00 -3.531306884653588440e+00 8.322326280927889286e+00
1.977214652459043265e+00 7.257111256691722190e+00 5.784491291328343721e+00
6.807868064262187602e+00 1.740215361968635222e+01 5.940281674885653729e+00
7.957948569136862105e+00 5.551041063804499132e+00 7.432588801225023190e+00
9.833609089841013784e+00 1.608699499944358635e+01 6.560543996319424309e+00
-5.279024488494664880e+00 -2.068298794054631295e-01 7.485122998192146326e+00
-8.371552566034949905e-01 3.135230392020789125e+00 6.725422218203654268e+00
7.634211379794049179e+00 6.940104361477537509e+00 7.289157605184726663e+00
8.803202201073816013e+00 8.830672909992676622e+00 7.012195883010456043e+00
-1.709961382320138057e+00 -1.196605854314260675e+01 5.477783822801960412e+00
9.166316326048074004e+00 -1.705417353407503001e+00 5.999197311640102726e+00
1.063898066306765244e+01 -1.294952458538365647e+01 7.691096943460536295e+00
6.860500239792307609e-01 5.319209325373485342e+00 6.479774133590211704e+00
1.910398473444654854e+00 5.415814910621856271e+00 7.158427109837347757e+00
9.312367126070485668e+00 -1.347443624929593042e+01 6.448724165225428351e+00
3.166300894299688196e+00 7.237287946611978384e+00 7.398929599913479649e+00
1.660890940230125068e+00 1.254819954707954288e+01 7.778427671848618274e+00
9.997625057394122550e+00 2.066048393058816046e+00 8.189971167011556474e+00
8.594795834192737516e+00 1.261601407252263840e+01 7.701440052645807555e+00
4.061121411554996286e+00 1.446225833593716814e+01 7.489238295819475866e+00
-1.819727932400017067e+00 1.775320981235944728e+00 9.096086380748829470e+00
-2.407373999187294444e+00 -7.274371122995690442e+00 7.679214290592391023e+00
-3.142083165923441612e+00 -6.260902028789317342e+00 9.178179665831187606e+00
4.728935074802818050e+00 1.585008744268200687e+01 7.636197717712590816e+00
1.112141525501915140e+01 -1.062637493784904663e+01 7.719061476821686085e+00
3.216927960367630845e+00 1.052252277723956553e+01 8.687348407888322299e+00
1.122298175387202512e+01 -1.160641985016150990e+01 8.535491158006273338e+00
9.679288397974593394e+00 1.403548258895901313e+01 8.094880211034251261e+00
2.176356097761338759e+00 4.778012706943203014e+00 9.063384609711171436e+00
4.397187017703558354e+00 8.115390954919885047e+00 8.244219471909055130e+00
4.147560046431435055e+00 7.330001459296703104e+00 9.262967145223562682e+00
8.581862385090266443e+00 -2.439773587470266847e+00 9.819588122761402360e+00
6.405483697613858496e+00 7.324583699834127160e+00 8.201389887225069231e+00
1.075864744838197140e+01 -4.221620675820682012e-01 1.015104862406153075e+01
8.177092253580173775e+00 1.075376043392371272e+01 8.002223956599209487e+00
5.547124043098873969e+00 7.138619478686132780e+00 9.037120604582135286e+00
1.867959953158943726e-02 2.678713785172858408e+00 1.029958969456725981e+01
-5.463450480133980491e+00 -4.941356046604918006e+00 9.336196233071625272e+00
8.142022639580591914e+00 1.621962103919867459e+01 8.711645150624306666e+00
-3.801647912112773753e+00 -9.234874338125074189e-01 1.049033848022557436e+01
7.987561892801315011e+00 8.845538600103752813e+00 8.073444794959918624e+00
7.911114397440428547e+00 -4.702659352874306364e+00 1.016701827463022312e+01
-2.285461353024825115e+00 -1.153920295922182149e+01 9.965332247873796234e+00
7.344728563143450017e+00 1.004062959368774521e+01 8.189459304733986755e+00
-5.036145405374965023e+00 -1.952682432016326075e+00 9.291127024898337083e+00
8.095008274261951797e+00 -1.371858269735397329e+01 8.887098066939024932e+00
5.181976015713653183e+00 9.365412667871973795e+00 8.284293001419037239e+00
8.207367917452604189e+00 3.551213585482432933e+00 1.202028127017096892e+01
1.047781378698194032e+01 -6.029741027469822656e-01 1.193320477061853069e+01
3.151233473193629564e+00 5.734091432808977373e+00 1.279666027704436004e+01
6.232841050888135115e+00 1.345398160993765835e+01 9.269388445054104864e+00
5.563306109549111866e+00 -1.466283023974870581e+01 8.430308536280705312e+00
4.933048282452874744e+00 1.133124961094316241e+01 9.994466211608575179e+00
7.746032821149379188e+00 5.434315362211668443e+00 1.184175152584226964e+01
6.768194361981397122e+00 1.158745928471304687e+01 9.348285979538644597e+00
7.161953339664101748e+00 1.425275847322626888e+01 9.695024348946219561e+00
6.500625464870992687e-01 -1.381952682591298220e+01 9.799579640817064785e+00
1.086613547026939131e+01 6.420674303684421602e-01 1.151872939834600373e+01
1.071482766302096934e+01 1.860238062670694248e+00 1.416704298576016896e+01
9.289665816501360140e+00 -8.818069198953962129e+00 9.160676760930208218e+00
9.067003483250811513e+00 -6.802172071431227707e+00 9.416205299339281964e+00
-2.838803152056755152e+00 -8.085692941540134626e+00 9.577409285709080677e+00
-1.745702095401769682e+00 8.927000914965788070e-02 1.060923226366608674e+01
2.589948332870365633e+00 3.708628991751769632e+00 9.939844984236017922e+00
-4.432603093252502902e+00 -2.728781728122786632e+00 9.763820124338892015e+00
-2.821262956516491727e+00 -3.025925786704053877e+00 1.079337563973086134e+01
9.608440060696013418e+00 2.643814723907684794e+00 1.040564536626530412e+01
1.068483254598287147e+01 -1.036418328598134408e+01 1.028539886743697451e+01
-3.504881847614917945e+00 -9.766742915760449506e+00 1.123542244678416324e+01
-2.013321500869205138e+00 -6.404917245803936510e+00 1.115985110296671223e+01
2.834224805099623823e-01 9.578779174908493843e-01 1.170106612461783868e+01
3.363768743919264281e+00 -1.432381246874967395e+01 9.566048253970279802e+00
5.064783888217428753e+00 -1.528609339130181333e+01 1.279863801455769590e+01
6.474254684634683343e+00 -1.478458829611785674e+01 1.064732278920706676e+01
6.794625682025838387e+00 5.908500079315562203e+00 1.387951204215451639e+01
-1.755014046203259070e+00 -3.706524842901979255e+00 1.188718887122626455e+01
3.335192126632511744e+00 2.252538504850317480e+00 1.166683065497334582e+01
-1.182739783491259189e+00 -5.235118167489906327e+00 1.169133988242189304e+01
1.573931344315393943e+00 1.171027754818755540e+00 1.237955466084084577e+01
1.041784738019666001e+01 -1.257318071273337701e+01 9.945373876700152493e+00
8.916084399291429818e+00 -1.168994379838496833e+01 1.289480032427571388e+01
8.476315050706388021e+00 -8.754459369485354969e+00 1.200838839738073460e+01
3.666310747916291746e+00 4.938165773739266129e+00 1.498855460127052908e+01
-1.216538769441600110e+00 -2.482036940422483795e+00 1.110358677915016301e+01
3.788361801780816052e+00 2.965173305153749439e+00 1.266754738305984773e+01
8.960450118537305997e+00 -1.297078322111619997e+00 1.247406329478431530e+01
-3.516907330504279727e+00 -8.517387709846916621e+00 1.263283544721118545e+01
7.674649783400878889e+00 -1.402239454045147049e+01 1.013561586409386450e+01
1.017199006359549962e+01 2.455929134434455818e+00 1.333104673698703380e+01
8.790040810874131694e+00 3.387758520560822717e+00 1.394683884360555481e+01
8.344617792182036808e+00 -6.370061873930994878e+00 1.208341716873093219e+01
8.455730867990627786e+00 -1.301320434869147213e+01 1.196189506318518880e+01
1.102347865008447059e+00 -1.414041269707746906e+00 1.124591079554421924e+01
1.694364577745108846e+00 -2.426758415647924494e+00 1.148022866894458360e+01
3.314722475680760283e+00 -3.734800934171280673e+00 1.045790197945650846e+01
1.385382668386821337e+00 -4.054333298457340362e+00 1.174143601178992213e+01
3.285948703191786890e+00 -1.850539358484645902e+00 1.169461572631698942e+01
4.360801618995365558e+00 1.210795574729894852e+00 1.354449875432130312e+01
7.670105733476491494e+00 -1.867035624623008871e+00 1.239918398922768006e+01
2.154999909585006534e+00 -1.422724821571621945e+00 1.198294647897785836e+01
8.803965075609529123e+00 -6.215577737931141655e-01 1.755976781267531805e+01
5.459816407466039578e+00 5.579304635204342944e+00 1.527946877075466858e+01
3.890576562735652999e+00 4.194967774686197970e-02 1.310085014129806780e+01
9.053480060638827154e-02 -1.408617078711405490e+01 1.427890301759206437e+01
2.880817005824745536e+00 -4.852204727726885380e+00 1.318777973140475979e+01
5.107665510694916478e+00 -4.312093581297249401e+00 1.255419078660151655e+01
5.812638899499390277e+00 -5.223955207686692859e+00 1.338747897240637030e+01
5.428291996701259947e+00 -1.617800478446174139e+00 1.274886151813400659e+01
6.849776282305960251e+00 -1.004816063186956043e+00 1.378546544828223830e+01
4.631021229047275867e+00 -2.814761333176173608e+00 1.324565090001537726e+01
5.038748859967908444e+00 3.115892584884258909e+00 1.492943019636925328e+01
3.609435128138152593e-01 -7.415966736074674159e+00 1.507662740885562158e+01
7.655321323645502218e+00 -1.005626477575656885e+01 1.360769211766230313e+01
5.903294420523904407e+00 -2.763706594236852609e+00 1.349238822054397247e+01
5.402138831733127589e+00 -1.972467804710245909e-01 1.395864484755944090e+01
-1.525273597443796092e+00 -6.856045190811240531e+00 1.409072556126315590e+01
5.947641239273098179e+00 3.823113897760331170e+00 1.511870207444663095e+01
8.513410649697521038e+00 -6.069192225715573485e+00 1.696812939837575840e+01
-1.496038700486787221e+00 -1.244863011196232705e+01 1.349869807678771139e+01
2.350051044477133644e+00 -6.608083685675790520e+00 1.516703393372557684e+01
1.022773500696170146e+01 5.666545921717140999e-01 1.666508339552905937e+01
7.198882619331806509e+00 -1.501639028367155859e+01 1.561624213196096633e+01
7.848690203920389408e+00 -1.427707824627322886e+01 1.713545774647785436e+01
-9.060142541384177406e-01 -9.088292455079013621e+00 1.525574117798958440e+01
-7.733817121784073434e-01 -1.345244390438401361e+01 1.709490198471389277e+01
4.814796061791076554e+00 1.798697265209575846e+00 1.768786786449305026e+01
8.099023912396438263e+00 -1.222716023178208467e+01 1.518560778601876393e+01
7.722545892769813847e+00 -8.767159501932644261e+00 1.416770290947879118e+01
8.695989889725083799e+00 -7.413176787819047320e+00 1.701142117115793440e+01
-1.363363534041891256e+00 -1.106763036402401923e+01 1.548548305408915127e+01
4.864167803555453418e+00 -6.584619388177157973e+00 1.565222142710580044e+01
9.526122081900801675e+00 3.420323535286293293e+00 1.697521985460087990e+01
6.256676504017978147e+00 -1.565539645274405522e+01 1.671115668696648271e+01
9.674035415750264377e+00 2.713797627028689874e+00 1.803494208688545086e+01
1.910984992126573800e+00 -1.444491651791734910e+01 1.580162840339576746e+01
5.292778073678432449e+00 4.302391101746340651e-01 1.736474839404039017e+01
6.038011005915638663e+00 -9.040811446197494661e+00 1.544409184227487231e+01
6.293861520933166531e+00 -8.383469212451183594e+00 1.565841984026562272e+01
3.607013522535364558e+00 -1.490671249975146040e+01 1.573742092387919911e+01
2.113340135572997269e+00 -8.917511293545892670e+00 1.751639610679755776e+01
6.675568730335051271e+00 3.312141076165966425e+00 1.880525974674085177e+01
4.547724323752602160e+00 -7.799956546240641941e+00 1.529492160233490949e+01
1.974749866780989571e-01 -1.065700176984165815e+01 1.733585794483941100e+01
6.841161782493982102e+00 -7.207458311833432774e+00 1.868616684736092992e+01
5.829349175357195989e+00 2.109128496835593225e+00 1.930775784831278941e+01
7.336546102013191017e+00 -1.116368694628877911e+01 1.766070297515399545e+01
4.470616563628833973e+00 -9.270522587584110852e+00 1.739370430378804855e+01
6.915746080362358938e+00 3.514013158359095002e-01 1.916973285333603627e+01
6.226488144096411048e+00 -5.834183012111624933e+00 1.821074853973261298e+01
4.973259954110465841e+00 -1.069667431628203680e+01 1.992161119910378630e+01
6.226766590309532390e+00 -1.572032284638355293e+01 1.907889459394370135e+01
8.277415920806344474e+00 1.950822070802114894e+00 1.962490506108652966e+01
1.361357237736605441e+00 -1.326293790532435146e+01 1.863183262717839028e+01
7.902726069324369718e+00 -6.494628629791820984e+00 1.881261778261001893e+01
2.691402556682092495e+00 -1.037562280125740521e+01 1.888955030315098327e+01
2.362755984642692653e+00 -1.481441386216797973e+01 1.922976023078074803e+01
7.231313638654318865e+00 -1.494480061171540619e+01 1.974727498176122253e+01
4.549335516977693672e+00 -1.510020938171167870e+01 1.893867804541662991e+01
7.612276045431077165e+00 -1.362363793837868009e+01 2.027044133397320280e+01
6.547934136814030026e+00 -1.263823821277680359e+01 2.095442699824027244e+01
3.601800196600944304e+00 -1.503523883442231046e+01 2.131573308580696136e+01
2.465197290472492142e+00 -1.353843722836161767e+01 2.166087514051585572e+01
5.719104086601770831e+00 -1.631325312023776064e+01 2.179128024489886428e+01
3.409623137431779583e+00 -1.390224561303246453e+01 2.190015275381839643e+01
6.590896518713080354e+00 -1.567453284635742428e+01 2.452673726472995241e+01
5.826773762062734008e+00 -1.454200523465286921e+01 2.533352922417903841e+01
4.189160042749243473e+00 -1.590873931646309281e+01 2.480689403867738463e+01
3.802843622297887194e+00 -1.485126549765958615e+01 2.475254215254862089e+01
