6.436758858951918683e-01 4.553801266815398208e-01 -2.318260474257428427e+00
6.596339449995127779e-01 3.131263683643688012e-01 -2.334443346258858298e+00
7.849429551290825202e-01 4.526212057996374938e-01 -2.618818423052687194e+00
6.702799063723148265e-01 6.687288393721821933e-01 -2.862672229224601850e+00
5.406786367524603065e-01 5.121228872041534430e-01 -2.936565715171372659e+00
7.508998288767827489e-01 3.921533922832907137e-01 -2.991698447888856194e+00
1.022290013268331910e+00 6.519294176864534052e-01 -3.503245285024542355e+00
1.018584188936557666e+00 7.294998207648113464e-01 -3.308140949424544175e+00
9.197922452662226078e-01 8.570161280927877101e-01 -3.393585980833620397e+00
7.142817235802567666e-01 9.149040489088875461e-01 -3.760676273925296798e+00
5.836134071553829017e-01 5.977338693040472606e-01 -3.518544408947294144e+00
8.293301786671065656e-01 9.425537814986100216e-01 -3.648263438354871102e+00
7.904566460734656630e-01 4.105434059917136835e-01 -3.272203904665181184e+00
5.494278480597074577e-01 1.091369655588376730e+00 -4.208717253523534652e+00
1.206928469988667985e+00 1.034217322395491578e+00 -4.015688147912108263e+00
1.081046081557531124e+00 1.416948487450220506e+00 -4.765098832560884290e+00
1.177439500177598575e+00 1.078387728963686953e+00 -4.108263254451792079e+00
1.039187111792045926e+00 1.293152368082118642e+00 -4.683882209611535785e+00
5.414732023159274377e-01 6.723959300689692498e-01 -3.628850770187095787e+00
5.883471717675945456e-01 7.942663635220874596e-01 -3.687857798237892837e+00
7.748650588005716600e-01 7.006530284298477795e-01 -3.582838435912073294e+00
8.146873519256416785e-01 1.403140390476153243e+00 -4.754591304929062900e+00
9.208833448704751845e-01 9.336635823394487943e-01 -3.767897615457979299e+00
8.727064064319729753e-02 1.492757716828091219e+00 -4.277358940987078029e+00
1.407813286851080092e-01 1.367466858758088932e+00 -3.998570959966729177e+00
1.136179136125036848e+00 1.327239783634286852e+00 -4.561364390967854732e+00
2.083914547722542920e-01 1.404348021578304184e+00 -3.995601320057887040e+00
9.339133846140156292e-01 1.123863870911343099e+00 -4.139982945198108055e+00
7.991384068304699384e-03 1.604998827277395179e+00 -4.447266865823705118e+00
9.267794175272570101e-01 1.201095268130828231e+00 -4.344736557222640627e+00
7.298178148580802826e-01 1.273139363360517251e+00 -4.425248835188718033e+00
3.833732027185590141e-01 1.346764285150960916e+00 -4.208201529241627270e+00
-3.814184611439372929e-01 1.850478877688988888e+00 -4.257250204308402175e+00
3.554105426665614131e-01 1.407125212107338319e+00 -4.445527709386752235e+00
-6.650689247012735450e-01 2.009990184421969417e+00 -4.386009208538137472e+00
7.115591593609451593e-01 1.035539103669556482e+00 -4.595103593484090254e+00
-2.695571545727091234e-01 1.612556594668411947e+00 -4.535044342546029839e+00
-7.170279320297359704e-02 1.612225421040005102e+00 -4.391999819621663192e+00
5.194635414957247121e-01 9.981897515731752435e-01 -4.581614353435199405e+00
2.208188694868624125e-01 1.076625907508844904e+00 -4.583355618777423146e+00
2.532514239185842952e-01 1.364145018412909138e+00 -4.540056934913481612e+00
-5.330323265065715077e-01 1.817478807256467599e+00 -4.343829402049230737e+00
-4.907986561206030274e-01 1.734430947174377513e+00 -4.476814172988145657e+00
6.289773118994901324e-01 1.896673338835198896e-01 -4.961459683954043243e+00
6.320927432395249956e-02 1.248377933165130571e+00 -4.717195497974120855e+00
3.254041464936099914e-02 1.396060420018770509e+00 -4.658352302090020380e+00
3.994230593533529827e-01 7.077460921993470322e-01 -4.851357588431280732e+00
4.821786880684725829e-01 1.159594552523795841e+00 -4.913136301435637066e+00
3.451331591946799927e-03 -2.688152257154711733e-01 -2.148477229726797333e+00
2.933889629835845780e-01 -2.252222166675678927e-01 -2.934603215485308780e+00
-5.430345379363640118e-02 -1.028005347146141030e-01 -2.375081100778812626e+00
8.413567847503031771e-01 7.468151262084745667e-01 -4.821223612318991769e+00
1.881600231798472023e-01 -4.704446729751197154e-01 -2.421950312830848162e+00
9.183909261105320521e-02 -5.430465576128966632e-01 -2.877445309787262318e+00
1.022720679629570972e-01 -7.035562279680860343e-01 -2.796801755969028136e+00
8.028541266791364706e-01 -2.399733964006850115e-02 -5.056100291052104012e+00
4.200514531371197791e-01 1.618620751108856837e+00 -5.481392574013700170e+00
2.758296658279562052e-01 -3.190307205680689151e-01 -4.107193866797825166e+00
9.823024711624271932e-01 -9.050121389987700327e-02 -5.393451661657579166e+00
8.885638166013336559e-01 6.818266582420200450e-01 -5.025948277048254198e+00
3.899387036296956821e-01 -4.331856767898791816e-01 -3.252645908441028411e+00
3.603357052959950124e-01 -1.547902446872163884e-01 -4.031005370482237282e+00
6.041474951563543527e-01 1.540391574562193000e+00 -6.075600058159301042e+00
1.138349811855902949e-01 -7.872772616723011652e-01 -2.913941211382824026e+00
4.836172953463339919e-02 -8.796145155391634773e-01 -3.434788203693432962e+00
5.692430715379259709e-01 1.643096324738472447e+00 -5.460741280830600175e+00
8.985534481217030134e-01 9.386561786014620268e-02 -5.700029407132724657e+00
2.320147086229837896e-01 -4.606776933808767183e-01 -2.739982091109480322e+00
1.142946950832367525e+00 -1.532306878537944783e+00 -5.661260158246655294e+00
3.712995027659359848e-01 8.677936134414316882e-01 -4.852112443444539736e+00
3.361261917186197934e-01 5.169202836477921892e-01 -4.865497749320523369e+00
2.116026638688083494e+00 2.181055097459630332e+00 -5.489154208079945363e+00
1.855500894269766832e+00 2.632712984092265174e+00 -5.741332062299878913e+00
1.887686129995955975e+00 2.518134743052691249e+00 -6.133357286685001242e+00
2.187100085509143810e+00 2.284005486560268139e+00 -5.312303911603856399e+00
1.391634178881986095e-01 -1.264117116416763054e-01 -4.026813767229086238e+00
1.429562725364576181e+00 2.858671821425780024e+00 -6.195247927126482423e+00
3.914789124485479888e-01 1.657855879597271098e+00 -5.551908565156162823e+00
2.959771249163907214e-01 5.866392135648546002e-01 -4.209637397670199732e+00
2.020602860692576996e+00 2.866928462119297194e+00 -6.512317629326155100e+00
1.081298887823123778e+00 -3.895590466667187002e-01 -5.637254103025284735e+00
2.345182310859001973e+00 2.606125512186714843e+00 -5.973519367818944659e+00
9.057324773174287857e-01 7.517642870040539549e-01 -4.920683759224464993e+00
5.171041487165837225e-01 1.759571334652331842e+00 -5.456252449030429830e+00
3.525324509050165034e-01 1.583312714216855710e+00 -5.774847808088651391e+00
4.273873143629315918e-01 2.230221708543776771e+00 -6.681410110132095070e+00
1.143671128807511650e+00 -1.195923455600766294e+00 -5.782886921519125423e+00
2.359107426845241107e-01 1.818582012369212464e+00 -5.009327778229270223e+00
4.997354634346599933e-02 -4.860300369915150909e-01 -2.968973108082536783e+00
2.400095243925761124e-01 1.257884536692762956e-01 -2.940157401178270291e+00
2.489076115744807971e-01 7.374189759821661028e-01 -4.755715225708588179e+00
1.838538203378931701e+00 2.792440613538278882e+00 -5.269531450539075124e+00
2.213680010402584220e+00 2.543222232755664169e+00 -5.341416701381382026e+00
7.898193763951155688e-01 8.189728270312066627e-01 -6.294201565606819315e+00
5.311669775263396787e-01 1.105952509785073090e+00 -4.356985739013136794e+00
7.946912942702509530e-02 1.610837347717676948e+00 -4.289295850483675565e+00
1.961792312405918892e-01 2.411785520075397926e-01 -2.760083070621494272e+00
1.049150003276139387e+00 -2.406557487861178124e-01 -5.765908169385882687e+00
2.145550270925297986e-01 3.683568045842413041e-01 -3.309905930878603186e+00
2.375024720206482698e+00 3.255312837561127992e+00 -6.017509251780321478e+00
2.423010498937941293e+00 2.958863653355926715e+00 -5.656864099139420787e+00
1.245059981462929954e+00 -1.898109719600782064e-01 -4.764413183789718786e+00
2.259859886783033012e-01 1.145187078599803954e+00 -3.633492669256330299e+00
2.874857632768623161e-01 8.347894904562558338e-01 -2.526747550813796650e+00
2.129914961385765082e+00 3.405583137195460353e+00 -5.714491793330918057e+00
9.704405673693088374e-01 8.695556388612502019e-01 -4.352667439238445013e+00
2.857379167385828977e-01 1.257870376982975102e+00 -3.606770414870274166e+00
2.168793623740413068e+00 3.036837890744852331e+00 -4.672888054786701773e+00
8.070556173651368681e-01 9.904722317998527759e-01 -4.738379347893506122e+00
1.143583788911939791e+00 5.464831698577299335e-01 -4.543426339680605608e+00
1.119125272408894034e+00 1.088859170948176081e+00 -3.638786998329872180e+00
6.450708662861188714e-01 8.577462400879554139e-01 -2.829135065799128768e+00
2.038534699167598774e+00 3.213781180989752073e+00 -5.025065255201374370e+00
2.310783342554998399e+00 3.070415570880623779e+00 -4.668083540061500614e+00
3.663982495053232924e-01 8.402400553876141487e-01 -2.106087562186324647e+00
2.266116184648524268e+00 3.174113185840582219e+00 -4.419279940133671758e+00
2.268770041975955110e+00 3.025525534993391830e+00 -3.942223055870561765e+00
3.781725672972413022e-01 7.166768909072906979e-01 -2.032851898112919997e+00
1.464325431600968841e+00 -1.071648613893074059e-01 -3.999038956554092916e+00
1.451137739135532456e+00 1.072327063845367690e+00 -3.271114753618704185e+00
7.952620268085013322e-01 1.337314194491142416e+00 -2.515459310618693323e+00
2.165873185570973192e+00 3.146138598712632017e+00 -4.222829353018797249e+00
2.075087884744192479e+00 3.102177084974261589e+00 -3.853003864805893741e+00
3.246989863084479011e-01 1.135596387461905499e+00 -1.993803390860033664e+00
1.445184572131068990e+00 1.714292422904055258e+00 -2.949740249117898117e+00
2.049934153351500754e+00 2.913862599446986223e+00 -3.711629718285879065e+00
1.980048487682211089e+00 2.760046097164646994e+00 -3.394106663574874005e+00
7.691320111550794536e-01 6.789981960846986908e-01 -2.119474891052724796e+00
1.151229851602124876e+00 7.877118204875053209e-01 -3.153867263582213809e+00
1.992841852292031035e+00 2.643534086405789907e+00 -2.675070837027764270e+00
1.377050784973988584e+00 1.994571812643513908e+00 -2.604386297119976490e+00
1.421243804857226900e+00 2.262030380949553887e+00 -2.375619242330541780e+00
1.904302229139602787e+00 2.438936384685252534e+00 -2.803813922724544216e+00
1.827501908131694108e+00 2.667381265271313140e+00 -2.782086541867764495e+00
2.110804942260614325e+00 2.782481795398567215e+00 -3.261144733220996628e+00
1.702168145710828639e+00 -2.477259282708380028e-02 -3.327374121751336844e+00
1.700751431840500927e-01 1.149473042933390587e+00 -9.102770543246964108e-01
1.415463084087804191e+00 4.581143776598821105e-01 -3.522034285049231883e+00
2.089878098579447396e+00 1.872513853902422420e+00 -2.548904619348004275e+00
1.968343209033264429e+00 -4.771467187017889855e-01 -2.790576506516516009e+00
1.839733331178905251e+00 2.741338336712544788e+00 -2.964475902800007390e+00
8.065974076596660325e-01 1.712136100407150474e+00 -1.743781325797355564e+00
1.132326269305991673e+00 5.273670653511928208e-01 -2.112059296740962822e+00
1.123989477158602313e+00 2.362395209990136635e+00 -1.609160901225710205e+00
2.156697499993754263e+00 2.561745219854675071e+00 -2.868947466537798974e+00
2.187574041930020030e+00 2.527526108197356791e+00 -2.903614723257827990e+00
4.774147961862240108e-01 1.348633471099955017e+00 -1.411469942123364296e+00
2.838717537822503800e-01 6.031382674015439704e-01 -1.279307424608084887e+00
2.548405262921647818e+00 -2.887891244444524830e-01 -1.692825108242218102e+00
1.352900884842625828e+00 5.083854533645499885e-01 -2.765334958613479444e+00
1.362407433084797503e+00 2.471176638370941703e+00 -1.821381375090469268e+00
1.745327318429900743e+00 -4.322193350095204778e-01 -1.751683870420801981e+00
1.810966544208810092e+00 2.460051217666716639e+00 -2.198615513832578472e+00
2.159270551944985073e-01 1.070512426997030309e+00 -2.871300326702233008e-01
2.013474909631383980e+00 2.663160843217180940e+00 -2.795239912789469372e+00
2.116529372145578236e+00 1.337286202847323580e+00 -1.588644465875360012e+00
2.309805640047216002e+00 8.869035444344390839e-01 -1.839360121698929262e+00
1.590170938955822066e+00 2.247436414137184091e+00 -1.510378020623686979e+00
7.363417741865410648e-02 8.597611377883076500e-01 -5.008685764502587290e-01
1.551882486686707807e+00 -8.024148417702683389e-01 -2.930830234563082115e-01
2.058211819700773049e+00 2.179595008311444815e+00 -2.768409803268950142e+00
9.601973065001061514e-01 -9.438799363664779341e-02 -3.478700809488106116e-01
1.090288209060275904e+00 2.296398426152190808e+00 -1.302055081272655679e+00
8.366103918905025694e-01 1.488297302711561798e+00 -3.430959837721356820e-01
2.543326308739552122e+00 -1.358637575993821400e+00 -7.675337683581400228e-01
1.257261753948142768e+00 -3.199341709760509800e-01 -3.488390276608476781e-01
1.970543670383278823e+00 2.244144014639598339e+00 -2.225710756993438011e+00
2.052427405324863230e+00 9.660499895675798143e-01 -1.338902673406112243e+00
3.217761376527050743e-01 -7.595795998511430114e-02 7.469580100128679623e-02
1.944379443677178410e+00 2.309677757571105161e+00 -1.925201188787932338e+00
2.784589143240054909e-01 9.359952707984328102e-01 -1.810462878392442021e-01
1.879560644375686707e+00 1.510921057482683239e+00 -7.949831776894935587e-01
2.101014326478860994e+00 1.638849628418977522e+00 -1.912975323077057643e+00
1.975792388808059963e+00 1.822189506586468832e+00 -2.143970240438536123e+00
1.849788983423167110e+00 2.206837493102625558e+00 -1.609394610246384971e+00
-7.117645565168109756e-02 3.460519970970600823e-01 1.490641128543039942e-02
2.021638613294442166e+00 2.077874852182727494e+00 -1.626644557744858943e+00
2.214304531073024995e-01 6.601883563340322780e-01 5.990283616952680745e-01
5.297665248725422771e-01 -1.017598525973642865e+00 1.805273959579981158e+00
1.560369769718505495e+00 1.314369295543158955e+00 -4.622050406802706846e-01
1.775010792711782415e+00 -1.851438097414266792e+00 1.590286366566672882e+00
-2.554871952005441926e-01 -9.042463265264047978e-01 1.422904997309668573e+00
1.898841305415544412e+00 1.625345324463403074e-01 -9.450321265030687812e-01
-6.409161352624153096e-01 -1.035441815948651367e+00 3.408743868824782197e+00
5.586290682059598112e-01 8.361553052872636727e-01 4.124564291002865146e-01
1.784412963363990912e+00 -1.946325249375987942e+00 7.486449919598356928e-01
2.101478351410008827e+00 1.654988829198757117e+00 -9.089932262952373776e-01
2.213590084796067003e+00 -7.316733479055486100e-01 -7.857628149034514564e-01
-2.524183590661265852e-01 -1.253477195549023981e-01 7.414182250615724001e-01
2.319626039543777551e+00 1.175941878618989023e+00 -6.003260347353034376e-01
-6.067910616903873233e-01 -1.427793936214893700e+00 3.548880623495637820e+00
2.713899543378147428e+00 -2.021206104767972800e+00 1.038464850499465797e+00
2.687775046455556094e-01 -1.400857079661630422e+00 3.271083144812344301e+00
6.148827354316495075e-01 -2.048372186645292192e+00 6.781623689067259875e-01
2.313859262454789900e-02 4.242013823955161911e-01 7.134471765688701339e-01
1.879984306514757009e+00 6.116431549280996194e-01 -8.417096133642196776e-01
-1.309133704331202075e-01 -4.369265756693643254e-01 1.114521116475032159e+00
-3.086029361982127739e-01 -7.044416385945133641e-01 9.380348553797723810e-01
2.202176006442670086e+00 1.597298744697990713e+00 -8.065619992812465000e-01
1.106230970636971511e+00 8.348065115728182661e-01 3.993403106900209748e-02
-2.010190105667674920e-01 -3.179361313791770338e-02 1.081970477443150003e+00
2.134256746195604126e+00 1.391842021503283178e+00 -8.897275720757704676e-01
1.812262048090132804e+00 6.980786589644871754e-01 -2.454214147001909097e-01
-6.503748018960199551e-02 6.887099294725693710e-01 5.987566172921638952e-01
-4.698877223459874131e-01 -1.350813503212513922e+00 1.428582054470961538e+00
2.060663092531626717e+00 -1.798067901703635840e+00 2.392381103390416541e+00
1.333008115684293671e+00 -1.782957806954101443e+00 2.323596090395308789e+00
2.284878428037445008e+00 1.146775591651454818e+00 -1.647435909601372983e-01
1.981148903459626354e+00 8.554663125905754839e-01 -6.056268549571299786e-01
2.256327879516164092e+00 8.464331559816891115e-01 -3.989895954784152821e-01
-1.006362267608039929e+00 -1.112084133461408025e-01 1.335250634245838341e+00
5.148033620472176608e-01 5.544346378024478383e-01 2.075622178293484998e-01
1.279277692837297309e+00 -3.367822125726505078e-01 -2.468620615866984891e-01
3.161099424457062823e-01 -2.131771661159465037e+00 2.574298376693796797e+00
2.289146926923137926e+00 1.035726459670421207e+00 -4.265568911967835830e-01
-1.347798717457152406e+00 -1.390881808984982371e+00 2.875570895556673889e+00
1.941348102700061196e+00 5.699096752002574817e-01 -2.622825665307768062e-01
-6.566324479330774011e-01 -1.098896687893894608e+00 3.981780093280065103e+00
1.152439365255219172e+00 -1.344828523968857104e+00 3.035535909764501383e+00
-1.060501085674331989e+00 1.150623808729847042e-01 9.773647337899228349e-01
-1.217873553365961925e+00 -1.235818992979972109e+00 3.758816467643712134e+00
2.142449093480337297e+00 -1.564873955231476321e+00 2.308906921417261060e+00
1.690974269923799511e+00 -1.363942236042628764e+00 2.953006218688770446e+00
1.521074401775535989e+00 -1.556925358376698876e+00 2.453737970157127801e+00
-1.622811956543444012e-01 -2.134374760859298448e+00 4.200455214760125955e-01
-6.746770592617110651e-01 -1.500991847585954497e+00 1.609455423356233927e+00
-5.614821297043022241e-01 -7.647945850693993464e-01 1.175987957281236618e+00
-9.020630334043744369e-01 -1.535585203712923175e+00 3.600769012703977978e+00
1.651808768912758296e+00 5.148997743219680956e-01 -1.155073464518671933e-01
-6.447641870033749001e-01 -1.838935871014406365e+00 3.642607725116533857e+00
1.651892969914257492e+00 3.839125552453133139e-01 -7.087692521435680348e-02
-1.780498763585086408e+00 -1.304072480628807540e+00 4.680199350511131229e+00
-1.357788758887153113e+00 -1.680571913838846854e+00 2.762415701919692879e+00
9.363555899366809987e-02 -1.347997360870717642e+00 1.882325892759162123e-01
1.046827338444785704e+00 -1.629512373830586114e-01 1.028342217722161972e-01
-1.865345367026662871e+00 -1.584982139594167450e+00 4.127009024548044636e+00
-1.226122252977603688e+00 -2.017369255119440652e+00 3.690974879071060144e+00
-2.025599254302591135e+00 -1.533855624121841288e+00 5.203557636530142361e+00
-8.996974147920298037e-01 -1.838983240782251949e+00 2.041451355395402345e+00
-1.225329633052950840e+00 -1.162685396137263183e+00 1.671111278381648191e+00
-1.904899642325005971e+00 -1.306163607173530750e+00 4.382487877927289333e+00
-2.772086972789792991e+00 -1.502319909525340336e+00 5.413569809336394201e+00
-2.152906546535547250e+00 -1.951687316578788023e+00 5.516780347581622834e+00
-1.634621153819097117e+00 -1.985801503878512841e+00 3.891855414488695875e+00
-1.327180028522349176e+00 -2.310684303479565216e+00 2.911837892164300001e+00
-1.561511259216785907e+00 -9.146499267841540215e-01 1.498381613449645045e+00
-1.306462584717706932e+00 -3.834520443181475002e-01 1.050507395295912971e+00
-2.751052043568677163e+00 -1.583249975558118194e+00 6.096879810906486341e+00
-1.549096941262291693e+00 -1.290527344121738196e+00 3.834124114823119100e+00
-8.360488585705923015e-01 -1.928556315260848919e+00 3.698768603799252208e+00
-1.129568158594622895e+00 -1.131969846602860486e+00 2.039824089640064120e+00
-1.075440524429609690e+00 -1.022609480665934711e+00 2.007424011524499008e+00
-1.143110717353494010e+00 -9.768521628593483941e-01 2.292544471154720043e+00
2.822608298847910091e-01 7.827984696860210145e-02 2.879136308610821260e-01
-1.298564691583209196e+00 -2.377725680535469621e+00 3.254693413905535238e+00
-2.048328847579484080e+00 -8.572037886000067886e-01 2.199510091489031538e+00
-1.856705854176198045e+00 -1.849998886983328816e+00 4.841180681954938336e+00
-1.507523558904352967e+00 -1.568864110667085754e+00 3.464637587094919979e+00
-2.108130169547308697e+00 -2.030153355265852611e+00 4.072584679451704659e+00
-1.583545353308721815e+00 -1.299006036793766583e+00 1.904092223162273001e+00
-1.490140284499460899e+00 -1.393542570819647608e+00 2.046910510418264995e+00
-1.975444935412269620e+00 -1.338253641657495052e+00 3.060919781637934989e+00
-2.667247193726808518e+00 -1.325620254554515043e+00 4.320938475061200990e+00
-2.704883427308459432e+00 -1.291685627345756870e+00 5.044906148496700382e+00
-2.522213628121249940e+00 -2.570391096897527206e+00 4.652824144039520604e+00
-1.505697364181941111e+00 -2.879386175456957631e+00 1.483047193623214355e+00
-2.003855701147585933e+00 -8.760950812001162546e-01 3.257245013317103144e+00
-7.184355493707528240e-01 -1.673160232154330629e+00 1.869768105520215551e+00
-1.799275589547534082e+00 -7.535087108233682329e-01 2.992948297369575794e+00
-1.486610951398688485e+00 -9.262737311126619799e-01 2.278918490141919051e+00
-1.063227651567672183e+00 -2.632624889229528975e+00 6.467142404325620930e-01
-1.563800534810894760e+00 -2.328300916526867770e+00 3.873797402852169114e+00
-2.079866972401219982e+00 -1.415021338464210743e+00 3.350192467475853420e+00
-1.578526664530585100e+00 -2.516302756503318250e+00 4.142337709816917624e+00
-3.652315824032540958e-01 -6.205140139452822723e-01 4.913341169912435191e-01
-2.437706357271139712e+00 -1.655999436922286350e+00 4.106453756241783992e+00
-1.980707189365944032e+00 -2.748031385724740261e+00 5.124897720921058664e+00
-1.022337743747812056e+00 -1.760444579475592297e+00 2.069244058100551786e+00
-2.606604089174766159e+00 -2.531130192802294232e+00 4.378747188314321193e+00
-1.299306020518656624e+00 -2.300822695904006565e+00 7.450113263417499354e-01
-1.512924489947891971e+00 -1.116715244436090160e+00 1.104597401155686498e+00
-1.994671015588522778e+00 -2.100914029713977005e+00 3.714956076021834974e+00
-2.353272396820131007e+00 -1.816928410203086486e+00 4.015282004382051184e+00
-1.884570496098177506e+00 -6.920631710319966601e-01 2.926189105960986581e+00
-3.024358333473969651e+00 -1.374109938521517194e+00 5.816060031193558189e+00
-2.334530385614357328e+00 -1.256058689902090464e+00 3.747658935866872820e+00
-6.031491268481090628e-01 -1.749673688269247407e+00 1.974875214158021919e+00
-2.639641207923972388e+00 -5.692535376513774281e-01 3.653924035342476895e+00
-3.004540374946202519e+00 3.849307551842215958e-01 4.023155479032858750e+00
-1.660246407143574743e+00 -2.027865568039552091e+00 4.224997237295095687e+00
-2.642713683115403001e+00 -1.865271135576985984e+00 6.613987601160992824e+00
-2.590522195521117066e+00 -9.037299046787623524e-01 4.495516436846010322e+00
-2.294475248964857883e+00 -5.820129194388030669e-01 3.714573959921970925e+00
-1.618160472117892823e+00 -2.495831608713167782e+00 3.810405178454316921e+00
-2.422901561414505078e+00 -3.122751202132536985e+00 6.454427537440924567e+00
-2.462949337170670105e+00 -2.114947637715712148e+00 4.279141931378404706e+00
-2.732521861993320034e+00 -2.303440230932970678e+00 4.575719896206223325e+00
-2.207000607501299783e+00 -2.400254758701969138e+00 1.789249924759999999e+00
-2.444984162221032875e+00 -1.792087769054120094e-01 3.158541755074345758e+00
-1.972234144622973195e+00 -2.562010503494693836e+00 3.124616535534094908e+00
-2.532236386829595176e+00 -8.104610993120751061e-01 4.893220901617688412e+00
-2.532671217046413403e+00 -1.721324710495892418e+00 4.313973581258956358e+00
-2.553876625969792258e+00 -1.876333067462638005e-01 2.661845354825895793e+00
-1.667631920641071019e+00 -2.450557359571011062e+00 4.365741145014794711e+00
-1.169032008670114919e+00 -2.377451649143946355e+00 3.054276312806731397e+00
-1.643465342111653626e+00 -1.699777595237023098e+00 2.119425026167469639e+00
-2.802512143265090572e+00 -2.801969554946296626e+00 4.628826727056438273e+00
-1.273216163441560411e+00 -1.591186533594953545e+00 2.154338350579585892e+00
-2.820387986559296678e+00 2.546748179462277051e-01 3.019254003022485033e+00
-2.153283984474199997e+00 -2.760411862813562323e+00 1.805296686184931554e+00
-2.464371523808893016e+00 -1.385428893535500805e+00 6.494325720957924375e+00
-6.640431802455566412e-01 -1.867949890409871694e+00 2.168274976959680078e+00
-2.617778469750874137e+00 -1.373625684824276050e+00 4.636915546852954151e+00
-2.548229715149375796e+00 -9.609719954279576370e-01 4.302023722416326024e+00
-2.015598994774933317e+00 -2.598475448362599138e+00 4.797206572048565931e+00
-1.779201696393471366e+00 -1.906659402491882815e+00 2.254091256566418622e+00
-2.035670665680356706e+00 -2.409407276034887246e+00 3.959126300313836833e+00
-2.770338830842121070e+00 -2.636354423198675079e+00 7.746370973208730248e+00
-2.761133932360479548e+00 -2.004583530457633600e+00 4.811152698248783111e+00
-1.970172411321584827e+00 -2.320634774234779485e+00 2.694045360392010480e+00
-1.837121940973019951e+00 -2.790924460432652410e+00 4.671256643413535414e+00
-2.129162718499828078e+00 -3.079934445111650376e+00 5.423078458388950196e+00
-1.281903944906986226e+00 -2.180540670230794120e+00 2.866984700356205007e+00
-1.892306485831426466e+00 -2.393507131897354867e+00 2.722694228187152010e+00
-2.902409680071542653e+00 -9.698251752563799219e-03 4.398468979036871396e+00
-2.393970479004281060e+00 -3.154223470683074737e+00 6.344993872425369830e+00
-2.758345988937236370e+00 -1.810866265392359509e+00 7.815554019535504437e+00
-2.165784612058331504e+00 -2.457410880843415413e+00 4.440360561140963114e+00
-2.261947124538721710e+00 -2.421079585889017949e+00 4.476841357476242678e+00
-2.767672796232858445e+00 7.754158556363670296e-02 4.582689287093636210e+00
-2.599145081935290591e+00 -3.225446073672593172e-01 4.870437828773024336e+00
-2.303481459202686210e+00 -1.733691092311179682e+00 4.556512666287339641e+00
-1.229104828612264555e+00 -1.904767110662149099e+00 2.537082799137422739e+00
-2.213331370927136277e+00 -2.876058453029454398e+00 5.338029327615277708e+00
-2.588922247873227889e+00 -8.998375668530051996e-01 6.333904345448829076e+00
-2.641015489718768094e+00 2.638828526325198154e-01 4.795194177690376591e+00
-2.488625037058653788e+00 -1.397577739270008834e+00 6.938267004256712056e+00
-2.448864850165819007e+00 -2.382698609606002549e+00 5.102739905580190083e+00
-1.244558090155408081e+00 -1.568047751890951247e+00 2.303052026389870832e+00
-2.865108946287449054e+00 4.667062432340358114e-01 4.131577211275669015e+00
-2.392235537922061894e+00 -5.275973262900741645e-01 4.965175209061790440e+00
-2.186716733141622182e+00 -1.506165745702130465e+00 4.637321346081108686e+00
-2.649484418872646074e+00 -1.359770519358882490e+00 4.991778716293840290e+00
-2.401002155853149134e+00 -3.009911705035104745e+00 5.991539943590332484e+00
-2.130062998004320196e+00 -2.558101875263449898e+00 5.483989340740794916e+00
-2.875314282133132338e+00 -1.966126240207326958e+00 5.256508466542840097e+00
-2.016611013319618451e+00 -2.498707788278302200e+00 4.277667652204350190e+00
-1.240110308945162387e+00 -1.744330882004781813e+00 2.767091252277616320e+00
-2.830997202667077772e+00 1.273602953962330864e-01 5.388755147033570836e+00
-1.641598014234574299e+00 -2.238688855417300783e+00 3.176944022785214372e+00
-2.683085477815581044e+00 -1.558107364393915617e+00 7.558557391893010902e+00
-3.051825704820544161e+00 -2.088626513051284661e+00 8.486937182235855914e+00
-2.850524969645107820e+00 -2.129366348735388215e+00 6.335421054127635898e+00
-2.016095018686428375e+00 -2.408219614282316456e+00 3.668869329693147829e+00
-2.887551174886169747e+00 -1.112721924267393803e+00 5.476854238607625547e+00
-2.721200056040828485e+00 -4.135920500649027942e-01 6.526113460982404746e+00
-2.160401854948162281e+00 -2.630665133585981863e+00 5.062846465839790255e+00
-1.617670831531938802e+00 -2.476418530491567793e+00 4.643976925770285646e+00
-3.053255371969811449e+00 7.476814864485774592e-01 4.988017502116875335e+00
-2.521584603086409970e+00 5.151502685610758192e-01 4.928521198430203754e+00
-2.822872930523288915e+00 -1.263711737698830717e+00 7.490288529638895909e+00
-2.437787792890304672e+00 -2.598310801401801040e+00 7.570068421476057630e+00
-1.090707965158287607e+00 -1.881627753410284765e+00 3.365768394827156840e+00
-1.334947001045634352e+00 -1.875927202627817092e+00 2.878337106213507468e+00
-2.320365682555404874e+00 -2.864467820655480779e+00 5.305094096254769909e+00
-2.603910437683680357e+00 -5.763185651554530303e-02 5.324976307901497563e+00
-2.715134697145686005e+00 -2.881589425760111012e-01 5.626039058556283834e+00
-2.768374509987040710e+00 1.383039030947973203e+00 4.865279316580423341e+00
-1.405867718839147074e+00 -2.274529446784168130e+00 3.800975020494789192e+00
-2.699090955733765895e+00 -1.647548620807175013e+00 5.423391750238309328e+00
-2.143291465545274832e+00 -2.588943705216177005e+00 4.625349842169466541e+00
-2.253490881540130886e+00 -2.418293139816299231e+00 5.302511199007696518e+00
-2.956779613750597946e+00 9.709632125324425544e-01 5.056855750937053529e+00
-2.304089269856120836e+00 -2.720950923432948088e+00 5.015671098841207431e+00
-2.413185902914847247e+00 -2.194584420190107465e+00 6.525565972147263416e+00
-2.643650519638242713e+00 6.279611451858428950e-01 5.324973211510261706e+00
-2.610667120023123733e+00 1.274977830668881040e+00 4.981605116870731820e+00
-1.373383860879613394e+00 -2.186216831684757000e+00 3.757030442080512955e+00
-2.536802575008948679e+00 -2.787035950702875908e+00 6.311209600749187132e+00
-3.197376751915783188e+00 9.796364374631529870e-01 5.626569614628252225e+00
-2.667944139464481168e+00 -2.428644966601162025e+00 8.103595082993813037e+00
-2.314708947861304988e+00 -2.346657553787693029e+00 7.552218467001171831e+00
-2.575226477277169579e+00 -1.890571743121753912e+00 8.167637243826309401e+00
-1.861044765932490463e+00 -2.361132994955532638e+00 3.787197920480686264e+00
-3.087061541699540612e+00 5.675782172877426035e-01 5.550709714433093467e+00
-2.060742002241340742e+00 -2.504034461970296110e+00 4.455236242579736938e+00
-2.118896707923767053e+00 -2.657886643773544222e+00 4.478974858414741078e+00
-2.869537908442737262e+00 -7.407088427093450056e-02 6.685741365267254821e+00
-2.569110746375372401e+00 1.683690980307197549e+00 4.585411463964973677e+00
-2.468702848211364653e+00 -2.294430487479822034e+00 6.847119003505362400e+00
-2.512139770590351873e+00 -2.108108947896894847e+00 7.181479391031892590e+00
-3.034836077017644129e+00 1.502649591670341067e+00 5.383861605340712231e+00
-2.577492961251209636e+00 1.925958097138704028e+00 4.718980326560728855e+00
-2.508202914386004068e+00 1.685065776475376476e+00 5.451262098806623158e+00
-2.106355654810045053e+00 -2.466198587685958898e+00 4.087344615531851133e+00
-1.562521253864503024e+00 -2.229836013063842159e+00 5.330879236966616475e+00
-1.242059717628791304e+00 -1.866997501728721920e+00 3.121779261089528745e+00
-2.926710179534666167e+00 -1.866392332419682498e+00 7.471722576808179639e+00
-2.835140864116709736e+00 1.991267206825146019e+00 4.850383200570366427e+00
-2.987931307593100883e+00 -1.003590760399070803e+00 7.779224297809726352e+00
-2.963247618000281136e+00 -1.410367201232752166e+00 8.168568746922879598e+00
-2.423673233948960615e+00 -2.752557353342080404e+00 5.618873800137489383e+00
-2.488820754547930392e+00 -2.257130873474114452e+00 6.249735840627707262e+00
-2.081796663957788951e+00 -2.414983077238940012e+00 5.048730996957768724e+00
-2.472951863374788672e+00 -2.439209965442454831e+00 5.859378734696921498e+00
-1.319405063625822327e+00 -2.541083183042953664e+00 5.388200143647861040e+00
-3.016288306438184463e+00 3.815517162106054072e-01 6.357028662007216724e+00
-2.061869912371406599e+00 -2.632824277306905714e+00 4.770204866507118169e+00
-1.000555097629671764e+00 -1.949714635627280757e+00 3.674071993949560966e+00
-2.634248260994183966e+00 -2.194122231274313606e+00 7.147909810025605992e+00
-2.120306811487978393e+00 -1.887051486326949634e+00 5.783253890265129371e+00
-1.275429481016260302e+00 -2.023561038320533356e+00 3.702064255223788791e+00
-2.709148165300973687e+00 1.816676160247528315e+00 4.966195637792623074e+00
-2.516909289838196173e+00 1.981340656010516454e+00 4.863915877197207749e+00
-2.269671645372710600e+00 -1.474648674379707813e+00 5.687666525025644404e+00
-2.354281196301883483e+00 -2.203101544589578964e+00 7.553690770784932340e+00
-2.765799281975859003e+00 1.647063106411913225e+00 5.961897513979874219e+00
-1.264439178736097125e+00 -2.450795947553984888e+00 4.956638300347297132e+00
-2.619409104579176528e+00 -2.624840339239007392e+00 6.398770768081700311e+00
-2.466493957829641204e+00 5.556177161505218010e-01 5.641896530219212558e+00
-2.640789336145388688e+00 -1.654776794934786466e+00 8.190269116205879385e+00
-1.747622559910979589e+00 -2.328501612706794788e+00 4.843196269375106056e+00
-2.691754067532201589e+00 -1.209084197259745252e+00 8.075871523815646214e+00
-3.041890121903861655e+00 1.568943581751959693e+00 6.155675639230203444e+00
-2.392757266792131077e+00 1.894451113740376780e+00 5.765776565838642398e+00
-2.903591399704879450e+00 -5.602801726988069220e-01 7.636149424316727163e+00
-1.171344186108882468e+00 -2.315287662881495123e+00 4.823906734587374956e+00
-3.271608287041232188e+00 1.218211467227398481e+00 6.494423717723798006e+00
-2.110348341942028583e+00 -1.871514511616883647e+00 7.664113073249723129e+00
-3.146011039940646015e+00 6.428672500075442997e-01 6.737157581699584341e+00
-2.501261038236436196e+00 -2.629690287918382552e+00 6.156851815333745037e+00
-1.229585338425152941e+00 -2.182186569521725072e+00 4.974342366993816711e+00
-2.394776894396358102e+00 1.331925224989898737e+00 5.938291719632758259e+00
-2.475712512458699166e+00 -2.472658763966322226e+00 6.956764703543868222e+00
-2.441302354752452164e+00 -2.314245249010092209e+00 6.607447630319803977e+00
-2.280975696583027457e+00 1.921667362183423933e+00 5.747735588496066583e+00
-1.801966848798713272e+00 -2.300026491953502727e+00 6.113633147488357622e+00
-1.760625729988845700e+00 -1.887488007722378347e+00 7.090655527456977580e+00
-2.148365284032053069e+00 -2.558996212823124949e+00 5.362148538122724517e+00
-2.998008772668840027e+00 9.140421451905389461e-01 6.734187673757674020e+00
-1.813978155510682422e+00 5.665195955608020029e-01 5.446261520486110896e+00
-1.353834171562226629e+00 -2.416049242822481347e+00 6.002740121556215058e+00
-2.136784295737868433e+00 1.217801202210324063e-01 5.845700924478808957e+00
-2.099400971905936331e+00 -2.116607590206484701e+00 7.682005619579975075e+00
-1.923945447935921038e+00 -1.972958435513046505e+00 7.427560008632092092e+00
-2.628197705485177949e+00 1.778755860937469180e+00 5.881343194038031186e+00
-2.417916124238189024e+00 1.820099726291072306e+00 5.545458938292476603e+00
-2.107633373503603025e+00 -6.416940525000036644e-01 5.896124335162120644e+00
-2.418989778851795780e+00 -2.564422217909530843e+00 6.286723327027676334e+00
-2.748353286293224063e+00 2.681249505290139723e-01 7.125171146313753923e+00
-2.149979755660552883e+00 -1.458298234139885352e+00 6.596114113468200202e+00
-2.377860030586418816e+00 1.576765212734997590e+00 6.046987798282096094e+00
-1.907586325664368809e+00 7.999447243684123521e-01 5.557016882096529997e+00
-1.350983861904921923e+00 -2.410805611493589851e+00 6.310129379325431387e+00
-1.631909942261160040e+00 -2.071976980260242129e+00 5.962828903620057019e+00
-2.948493306886547760e+00 1.502578307125265411e+00 6.283925312497125049e+00
-2.610663412873577727e+00 5.653388114141009169e-01 6.925550898684313950e+00
-2.416497966328563507e+00 -2.337550845741429129e+00 6.246697113523225653e+00
-2.314981383826932415e+00 -2.392362396164003702e+00 6.455732473943719185e+00
-2.550697081691737367e+00 9.765376535970348160e-01 6.426309724069774632e+00
-1.108336097084020366e+00 -2.367588124314654152e+00 5.840119075439183405e+00
-1.875718202668082313e+00 -1.845336542702881166e+00 7.231610032138377164e+00
-1.755894899636615492e+00 -1.618682852749500967e+00 7.206915624762913808e+00
-2.251639634788233035e+00 -8.013148814397617059e-01 7.408160646877362865e+00
-2.224372794729930547e+00 -1.361155606652076244e+00 7.703659489432077123e+00
-1.842593267648311661e+00 -1.810395506624946416e+00 6.870403631805341860e+00
-1.996076704354294407e+00 -1.486251013600938364e+00 7.493909282506351133e+00
-2.335265963131917033e+00 -3.664104248557435994e-01 7.179298066545040768e+00
-1.976630882446556825e+00 -1.301377966275019560e+00 6.949882708576204493e+00
-2.346844185788853565e+00 2.447578772936153946e-01 6.971379723122304028e+00
-1.943245465349064727e+00 2.036204943824521940e-01 5.977397384548972070e+00
-1.533204125768151016e+00 -2.011579284839363879e+00 6.702114735881593788e+00
-2.449920597219659157e+00 1.828618641595284089e+00 6.187287650479326828e+00
-1.500874896050049756e+00 -2.262037664304468620e+00 6.492147532740681015e+00
-1.457949071800584306e+00 -1.828568865860777271e+00 6.564756593059524192e+00
-1.587535398886700477e+00 -1.750617438266914405e+00 6.741198092067545389e+00
-1.966443602966364779e+00 -1.630079121049913704e+00 7.336414407287058737e+00
-2.567995589725910577e+00 1.601331854018209100e+00 6.321993286990476690e+00
-1.471770891888070310e+00 4.032495721376072040e-01 5.101757395476781198e+00
-1.540460654124188977e+00 -1.844612432089398402e+00 6.806063310721089721e+00
-2.085195537788138154e+00 -8.837046015118907860e-01 7.063439478407662619e+00
-1.968141518137173307e+00 1.222403443058848183e+00 5.836822735631444381e+00
-1.467309050198963405e+00 7.656821615244844281e-01 5.122809500153692852e+00
-2.122343652090989963e+00 6.579723881152865772e-01 6.258074327846141927e+00
-1.569323394265665916e+00 -1.588826901798498170e+00 6.671665144884986631e+00
-2.288302678570403703e+00 6.152772476401722201e-01 6.827452596516714323e+00
-1.367239153442454835e+00 -1.495370552606246406e+00 6.613729120762403824e+00
-2.244575429507676745e+00 8.222073426543481389e-01 6.196788223934241557e+00
-2.050718929986345085e+00 7.650753872765783115e-01 6.532400118006756351e+00
-1.526729500144568874e+00 4.031683325065812951e-01 5.275232789876067585e+00
-1.160174056458487257e+00 -1.417985415227779100e+00 6.252799283970915667e+00
-1.862615081167035891e+00 7.952803521563041045e-01 5.819182130459751079e+00
-1.911344250870001593e+00 1.005799678663667152e+00 5.892837188135388260e+00
-1.039875177340320311e+00 -1.460835693380641231e+00 5.973425840544791754e+00
-1.454592269254277426e+00 7.360041924866109753e-01 5.012541666003336616e+00
-1.437580086209862884e+00 5.844823044117575250e-01 5.044708307314593299e+00
-1.225461367842882510e+00 -1.471767041703042622e+00 6.238460876083330220e+00
-9.285098202443009541e-01 -1.359938932044336468e+00 5.721633830581239977e+00
-9.451900192516687893e-01 -1.301530927581854291e+00 5.509791768126419242e+00
-9.925030332663595800e-01 -1.434289900397601514e+00 5.820311874393542695e+00
-8.166650772420211979e-01 -1.234267448612158091e+00 5.222332718310809696e+00
-7.725124640342073690e-01 -1.302038840059047686e+00 5.114223864431778566e+00
