6.123233995736766282e-16 -3.749399456654644020e-32 -2.500000000000000000e+00
6.123233995736766282e-16 -3.749399456654644020e-32 2.500000000000000000e+00
0.000000000000000000e+00 -9.567085647360062950e-01 -2.309698837843738861e+00
0.000000000000000000e+00 -1.767766951788876995e+00 -1.767766954143862090e+00
0.000000000000000000e+00 -2.309698838800768872e+00 -9.567085645809750849e-01
0.000000000000000000e+00 -2.500000000000000000e+00 2.038772218939009908e-10
0.000000000000000000e+00 -2.309698838643206020e+00 9.567085649613689124e-01
0.000000000000000000e+00 -1.767766951500870043e+00 1.767766954431867044e+00
0.000000000000000000e+00 -9.567085643567363462e-01 2.309698838000834975e+00
0.000000000000000000e+00 9.567087231414596049e-01 2.309698772230039054e+00
0.000000000000000000e+00 1.767767050784857075e+00 1.767766855147874017e+00
0.000000000000000000e+00 2.309698880338852067e+00 9.567084642991634524e-01
0.000000000000000000e+00 2.499999999999999112e+00 -7.731199004526053171e-08
0.000000000000000000e+00 2.309698821163758797e+00 -9.567086071604911091e-01
0.000000000000000000e+00 1.767766941443662088e+00 -1.767766964489073001e+00
0.000000000000000000e+00 9.567085802803251271e-01 -2.309698831405066155e+00
9.747236137318127103e-01 -5.968460768050027366e-17 -2.488095580419309893e+00
1.948852520273282929e+00 -1.193328000481463969e-16 -2.452065122685167964e+00
2.921724554161669207e+00 -1.789040311622158020e-16 -2.390914124733582113e+00
3.892522973351742799e+00 -2.383482899961375200e-16 -2.302827947626691074e+00
4.860137423438977144e+00 -2.975975869515403975e-16 -2.184877917431657046e+00
5.822904896080670412e+00 -3.565500921362322046e-16 -2.032452006985646875e+00
6.778055224870385587e+00 -4.150361817790754827e-16 -1.838103087570976069e+00
7.720306631317746415e+00 -4.727324402239681093e-16 -1.588963213829051924e+00
8.637377504734823574e+00 -5.288868357100427350e-16 -1.259853906230322895e+00
9.488536501504448495e+00 -5.810052927580124482e-16 -7.892906253251118498e-01
1.000000000000000000e+01 -6.123233995736766282e-16 -8.608738628720250466e-15
9.488536501504464482e+00 -5.810052927580132371e-16 7.892906253251019688e-01
8.637377504734841338e+00 -5.288868357100437211e-16 1.259853906230316012e+00
7.720306631317767732e+00 -4.727324402239694898e-16 1.588963213829045928e+00
6.778055224870417561e+00 -4.150361817790775042e-16 1.838103087570968963e+00
5.822904896080705051e+00 -3.565500921362344232e-16 2.032452006985641102e+00
4.860137423438997573e+00 -2.975975869515416794e-16 2.184877917431653938e+00
3.892522973351757010e+00 -2.383482899961383089e-16 2.302827947626690186e+00
2.921724554161666099e+00 -1.789040311622156048e-16 2.390914124733582113e+00
1.948852520273278044e+00 -1.193328000481461011e-16 2.452065122685167964e+00
9.747236137318088245e-01 -5.968460768050003947e-17 2.488095580419309005e+00
3.435815613730659024e+00 -9.655660358672625287e-01 2.140065518192694860e+00
2.477584764326047129e+00 -6.624074731458824417e-01 2.329713436883214861e+00
3.440217714412940886e+00 -4.261509891584974175e-01 2.308398084013933094e+00
5.477257018443719261e+00 -1.939889244704880999e+00 -7.821816863092850847e-01
4.651512628699208562e+00 -2.007743302045699174e+00 -9.309571551131474720e-01
5.139270251225407371e+00 -2.133413937559283102e+00 -2.186064988332692138e-01
4.184999870105489350e+00 -2.255180361647633802e+00 -2.636712761942540117e-01
5.449140459437193051e+00 -2.030578286202083138e+00 5.205104124197684756e-01
5.065177540206483364e+00 -1.823960051612744104e+00 1.148768149152634921e+00
5.709068122130484646e+00 -1.636105925886998103e+00 1.239381387157334924e+00
4.741903395566669843e+00 -2.138711995094014107e+00 5.201519140939097063e-01
6.955252682453932245e+00 -1.792873612194457955e+00 -1.101497544158679953e-01
7.233774494776201713e+00 -1.537170674646334056e+00 7.852629985728744044e-01
7.681884564309405583e+00 -1.599990086947060908e+00 -4.268861628336278330e-02
8.082615780523099147e+00 -1.340292975951336008e+00 6.087465586292398756e-01
4.231940661254141034e+00 -1.850075791545080062e+00 1.306861490562537087e+00
3.795893313552217041e+00 -2.254659652926541913e+00 5.157125861109634890e-01
8.863480574961650760e+00 -1.143948277950723069e+00 1.769232699602092118e-01
8.786711353063871854e+00 -8.009078879090310021e-01 8.849593380242105622e-01
9.491766038622690971e+00 -7.788375800103838342e-01 1.120741527589032976e-01
2.621287293878173053e+00 -1.352234970145083981e+00 1.998002475774560915e+00
7.880919902465017834e-01 -2.171428493560150219e+00 1.223143587559093914e+00
9.402206725376688334e-01 -2.445281197576556931e+00 4.640570360546835138e-01
1.223448283781380930e+00 -1.831242057785644972e+00 1.674216509103295003e+00
1.794300907448602933e+00 -1.299318413429910057e+00 2.088193459995398182e+00
2.108811970383654977e+00 -1.844222238929364988e+00 1.603403049153977022e+00
2.258752360136439208e+00 -6.484641066555278943e-01 -2.347471333872487964e+00
7.864068330639364390e+00 -7.884132918883030028e-01 1.327848376835069955e+00
6.917667441256796224e+00 -8.171430587701499215e-01 1.609780899614833061e+00
2.732611153667105164e+00 -1.946645295694259925e+00 1.412046160870737976e+00
4.953954960349241432e+00 -1.414550749517548001e+00 1.647783911111007082e+00
4.105284381093594170e+00 -1.186312889986087082e+00 1.946619309585124968e+00
2.518340126697133030e+00 -1.294625940403135944e+00 -2.043909577825541835e+00
3.379696391703705061e+00 -1.382598321104069106e+00 -1.903818570984185943e+00
3.238408408207273048e+00 -6.918827454313806191e-01 -2.261822871696104187e+00
4.176476984874767595e+00 -7.161646703690807136e-01 -2.155672323102669097e+00
3.483821800494960819e+00 -2.089183267776133057e+00 -1.061484751442048902e+00
2.514126387047988853e+00 -2.202210663495053122e+00 -1.002604720445944952e+00
3.114145207747788024e+00 -2.365017484428129979e+00 -2.248855818312585075e-01
2.049247835905906978e+00 -2.445178264466786100e+00 -9.295004932153998201e-02
8.187447569220128729e-01 -1.292610699704221933e+00 2.130084773653023955e+00
6.644644958044233496e-01 -5.258821331217989892e-01 2.438412068422138201e+00
1.453630738879303053e+00 -6.642666397592690286e-01 2.382579418611161959e+00
1.255305169988774949e+00 -8.350207806343877825e-01 -2.335434296666512033e+00
1.421654936598286900e+00 -3.746007539082201743e-01 -2.446089808806954924e+00
6.453161742303146209e-01 -5.130515482411753814e-01 -2.441464939038061832e+00
1.134626875277159996e+00 -1.864536505405427036e+00 -1.641049202759987002e+00
1.580234562767248052e+00 -2.262673435910964148e+00 -9.870347475330376597e-01
1.980887577010955081e+00 -1.851928338118218997e+00 -1.604717017398215040e+00
6.922075779591011502e-01 -2.296905906304918865e+00 -9.717388020425424822e-01
1.818772081368795979e+00 -2.232739063685456049e+00 1.028654718914506105e+00
8.065265914264889702e+00 -8.478766562064282697e-01 -1.210608538761605901e+00
8.871108173352229898e+00 -8.519276769178494302e-01 -7.782571678719426567e-01
2.835964266359983110e+00 -2.312008579425340216e+00 6.339936877912910607e-01
3.562343694607435829e+00 -2.009791269569896954e+00 1.190628306968124939e+00
5.804119482648941286e+00 -1.509925107680236911e+00 -1.365517661417368078e+00
5.153634764093244058e+00 -1.478951529260100983e+00 -1.550066262775499970e+00
4.451832728429132580e+00 -6.308176207259053037e-01 2.147881098725476168e+00
5.652150955117377862e+00 -9.618045317621078949e-01 1.824350950740351918e+00
7.199271769070921145e+00 -8.152831715489337050e-01 -1.531655550337694072e+00
6.461271787397052435e+00 -1.280540050313041078e+00 -1.414554739178006004e+00
7.344256695157093340e+00 -1.440645341207571040e+00 -8.963310496599077304e-01
6.340058175514829308e+00 -1.767753097265934104e+00 -7.828013048019705211e-01
5.989090185635025598e+00 -1.991915769514194912e+00 -2.011131247117073917e-01
2.772883508488357851e+00 -1.770056201852304945e+00 -1.623682807018129060e+00
1.707329026700111996e+00 -1.370130053341358067e+00 -2.047085211121538073e+00
6.407515292953338992e+00 -1.500811762444870023e+00 1.196473271480680944e+00
4.252559286123489102e+00 -1.555095644959221035e+00 -1.643597047607523010e+00
7.703645465808948156e-01 -1.259249722673640992e+00 -2.151092464314832142e+00
9.740086725638945619e-01 -2.469701552143389822e+00 -3.021273530337357238e-01
6.444883899527662940e+00 -6.795695733135748151e-01 -1.786659498932847034e+00
5.721882358918802147e+00 -9.577580130270072489e-01 -1.812857821342015896e+00
6.380841729637910298e+00 -1.829779559337479045e+00 5.976708463382701675e-01
5.013671367073645690e+00 -8.187525428486429613e-01 -2.002145845715415984e+00
6.998393791454450286e-01 -9.161417776829280379e-01 -2.319498500947196895e+00
8.234348846513588782e+00 -1.373625989508914902e+00 -3.540767333017985075e-01
3.476769622683082872e+00 -1.564553076296044898e+00 1.745473641558884959e+00
5.284167037353967089e+00 -4.239341297975455225e-01 2.079694334193527894e+00
6.388076646044702933e+00 -5.343853900555955994e-01 1.847691005731550096e+00
3.435608433920704918e+00 9.655541099517567227e-01 -2.140091687008661037e+00
2.477711022169045041e+00 6.623578893068906570e-01 -2.329719142329563120e+00
3.440161559711743866e+00 4.260678574344531899e-01 -2.308418659722239141e+00
5.492958802806294116e+00 1.932545266537470940e+00 7.933987126285675373e-01
4.663117011241274312e+00 2.005140575404444014e+00 9.329362285728609594e-01
5.142534300006486703e+00 2.132777228665724056e+00 2.200172804883887001e-01
4.184958457021524580e+00 2.255179633327716981e+00 2.637185829376009760e-01
9.950217031314522176e-01 2.391543070174995123e+00 -6.845746720713109523e-01
6.790713785604824970e-01 2.494225803805012021e+00 4.064303075509536137e-03
5.449140434321611437e+00 2.030578278083570165e+00 -5.205104605243230376e-01
5.065240419930079341e+00 1.823952978155608085e+00 -1.148762051730664924e+00
5.709068076959098015e+00 1.636105914410380002e+00 -1.239381415312406087e+00
2.340214077425089023e+00 7.095060408026139243e-01 2.324717952258605003e+00
4.742335631182333699e+00 2.138704088323610808e+00 -5.199380926264391967e-01
1.069782399985985899e+00 2.372380745745922948e+00 7.418102508435207021e-01
4.953954904177450658e+00 1.414550735773075107e+00 -1.647783933464840977e+00
4.231940615085467705e+00 1.850075773967466031e+00 -1.306861524790617013e+00
4.105285195500885997e+00 1.186312872542657937e+00 -1.946619212870011939e+00
2.926702193741832048e+00 2.340531200086306107e+00 -4.863790633284161835e-01
3.501325777867442035e+00 2.332096174592639848e+00 2.124200903350078051e-01
2.821488695448842066e+00 2.362259989485687051e+00 4.149431749239658185e-01
6.955252379293732190e+00 1.792873614392167969e+00 1.101509150525735031e-01
7.233774456047289192e+00 1.537170666190756929e+00 -7.852630374228261045e-01
7.681884718688406721e+00 1.599990027684534910e+00 4.268910117211704297e-02
2.620226812625772173e+00 1.352103656740504922e+00 -1.998178274598831905e+00
8.082615752459382463e+00 1.340292971458231897e+00 -6.087465918102766826e-01
1.993643803929683100e+00 2.318335387142937076e+00 -7.917749406628168396e-01
1.144936692206883988e+00 1.985776930826878006e+00 -1.491562931683803939e+00
2.088114526510265190e+00 1.922603890001461036e+00 -1.510324597532695989e+00
3.795921900658683068e+00 2.254660028999067034e+00 -5.156977907555556628e-01
5.285794161417521897e-01 2.139155809186131130e+00 -1.287070379418771893e+00
8.863480568037997998e+00 1.143948276806517006e+00 -1.769232990371787106e-01
8.786711323538769491e+00 8.009078854920940183e-01 -8.849593585336589241e-01
9.491766035705833104e+00 7.788375796128075290e-01 -1.120741709614115067e-01
4.270921462489154941e+00 1.569632863946077039e+00 1.626715875237136899e+00
3.369074056482304957e+00 1.550465809148678042e+00 1.771056047894038921e+00
3.495868589641159208e+00 2.092848438009523804e+00 1.051744665196175044e+00
4.131075037609742040e+00 8.598723943682577975e-01 2.108081629113482069e+00
1.045064885101621099e+00 1.769050689150537981e+00 1.747054555769933959e+00
1.487830212557387011e+00 2.116610017428338875e+00 1.277344750951985963e+00
1.804963187237919930e+00 1.771655045572235965e+00 1.705174519746639028e+00
7.864068283731882936e+00 7.884132883145018589e-01 -1.327848396319871060e+00
6.917667384688351184e+00 8.171430538236886809e-01 -1.609780917318839100e+00
1.794301135117319923e+00 1.299318416689849931e+00 -2.088193445740329945e+00
2.774208928493202109e+00 2.009827103237093127e+00 -1.315135094357374079e+00
7.199271836640190436e+00 8.152831772926041332e-01 1.531655527430576091e+00
6.461491246315346437e+00 1.279594415882542968e+00 1.415347593509840962e+00
7.344256742278542305e+00 1.440645348818188953e+00 8.963310132964421584e-01
6.340048771629462010e+00 1.767751765293362975e+00 7.828090729144502324e-01
5.989090194014431212e+00 1.991915772765231019e+00 2.011130769159535092e-01
8.186123605071077280e-01 1.290676003085470036e+00 -2.131260792995750109e+00
6.642337494508088191e-01 5.256468211960566572e-01 -2.438466734394205027e+00
1.453241567110123089e+00 6.645218512253315835e-01 -2.382523088759164853e+00
5.824532535649722398e+00 1.496910220079630927e+00 1.374385713452926927e+00
5.171825900195900161e+00 1.498174434654814036e+00 1.527657329696570088e+00
2.047133207551670164e+00 2.375857839206398925e+00 5.859841122335985864e-01
4.451817979340120246e+00 6.308075276913545082e-01 -2.147885973564338968e+00
5.652150898699673576e+00 9.618045235891243827e-01 -1.824350965973660088e+00
6.407515250239936400e+00 1.500811755846862994e+00 -1.196473294053514991e+00
8.065265961573565789e+00 8.478766596326356986e-01 1.210608516663367995e+00
8.871108199947755679e+00 8.519276792478841509e-01 7.782571463742182782e-01
6.411387925944793675e-01 4.903799499753391244e-01 2.446188120362288831e+00
7.658210995020821032e-01 1.193602743342373040e+00 2.188300109401792870e+00
1.354146004376733048e+00 6.283568880660961309e-01 2.395946714484026074e+00
1.631375061577408969e+00 1.279056148147591054e+00 2.108952069847676913e+00
3.503532980558543120e+00 2.028376879462530979e+00 -1.169835790077180082e+00
2.540748729604254130e+00 1.370534001572849991e+00 1.992027558505681917e+00
2.475541322385010901e+00 2.036907795991298897e+00 1.310720251694706073e+00
6.380841667591195865e+00 1.829779591525173110e+00 -5.976707891964624375e-01
3.243564696103391043e+00 7.497820902890834915e-01 2.242829088666525195e+00
1.546763107829965067e+00 2.469905779480176200e+00 -5.973567312213183197e-03
2.307008776045547993e+00 2.430020971735614044e+00 -1.111529739959858931e-01
8.234348865410304086e+00 1.373625991899434906e+00 3.540766965617009876e-01
3.476774113307886882e+00 1.564553116044518966e+00 -1.745473046881530932e+00
6.443405335416575674e+00 6.793795955914578855e-01 1.787065008698428104e+00
5.751995705032187267e+00 9.639784049675399480e-01 1.803581082967145033e+00
5.057438404789577291e+00 8.267660741994808937e-01 1.991946951455469961e+00
5.130981186919811865e-01 2.082269496464749015e+00 1.377570103163398008e+00
5.284167014197026724e+00 4.239341298908180788e-01 -2.079694337851892172e+00
6.388076604088133159e+00 5.343853889662562029e-01 -1.847691015112711943e+00
