0.000000000
0.000000000
0.000000000
0.000000000
0.000000000
0.000000000
0.000000000
0.000000000
0.289931027
0.000000000
0.000000000
0.000000000
0.000000000
0.000000000
0.000000000
0.000000000
0.000000000
0.000000000
0.000000000
0.000000000
0.000000000
0.000000000
0.000000000
0.000000000
0.000000000
0.000000000
0.000000000
0.000000000
0.000000000
0.000000000
0.000000000
0.000000000
0.000000000
0.000000000
0.000000000
0.000000000
0.000000000
0.000000000
0.000000000
0.000000000
0.000000000
0.000000000
0.000000000
0.000000000
0.000000000
0.000000000
0.000000000
0.000000000
0.000000000
0.000000000
0.000000000
0.000000000
0.000000000
0.000000000
0.000000000
0.000000000
0.000000000
0.000000000
0.000000000
0.000000000
0.000000000
0.000000000
0.000000000
0.000000000
0.000000000
0.000000000
0.000000000
0.000000000
0.000000000
0.000000000
0.000000000
0.000000000
0.000000000
0.000000000
0.000000000
0.000000000
0.000000000
0.000000000
0.000000000
0.000000000
0.000000000
0.000000000
0.000000000
0.000000000
0.000000000
0.000000000
0.000000000
0.000000000
0.000000000
0.000000000
0.000000000
0.000000000
0.000000000
0.000000000
0.000000000
0.000000000
0.000000000
0.000000000
0.000000000
0.000000000
0.000000000
0.000000000
0.000000000
0.000000000
0.000000000
0.000000000
0.000000000
0.000000000
0.000000000
0.000000000
0.000000000
0.000000000
0.000000000
0.000000000
0.000000000
0.000000000
0.000000000
0.000000000
0.376326599
0.278810342
0.123340964
0.773417759
0.437530231
-0.095900753
-0.667225261
0.497183899
-0.143247616
0.390839273
0.223434792
0.011136683
-0.124886006
-0.148247255
0.306006182
-0.494212370
0.541883450
-0.326230329
-0.486550316
0.451002804
0.457750027
0.903427916
0.129748130
0.068002847
0.782532957
0.080933656
0.139562408
-0.557527108
-0.404226629
-0.234785072
0.145842028
-0.047289640
0.844834550
-0.911274679
0.355725438
-0.309459966
0.121267870
0.346423613
-0.121542166
-0.310015996
0.143070304
-0.642315197
0.341260575
0.720545351
0.896594054
-0.045739356
-0.864421391
0.000000000
0.000000000
0.000000000
0.000000000
0.000000000
0.000000000
0.000000000
0.000000000
0.000000000
0.000000000
0.000000000
0.000000000
0.000000000
0.000000000
0.000000000
0.000000000
0.000000000
0.000000000
0.000000000
0.000000000
0.000000000
0.000000000
0.000000000
0.000000000
0.000000000
0.000000000
0.000000000
0.000000000
0.000000000
0.000000000
0.000000000
0.000000000
0.000000000
0.000000000
0.000000000
0.000000000
0.000000000
0.000000000
0.000000000
0.000000000
0.000000000
0.000000000
0.000000000
0.000000000
0.000000000
0.000000000
0.000000000
0.000000000
0.000000000
0.000000000
0.000000000
0.000000000
0.000000000
0.000000000
0.000000000
0.000000000
0.000000000
0.000000000
0.000000000
0.000000000
0.000000000
0.000000000
0.000000000
0.000000000
0.000000000
0.000000000
0.000000000
0.000000000
0.000000000
0.000000000
0.000000000
0.000000000
0.000000000
0.000000000
0.000000000
0.000000000
0.000000000
0.000000000
0.000000000
0.000000000
0.000000000
0.000000000
0.000000000
0.000000000
0.000000000
0.000000000
0.000000000
0.000000000
0.000000000
0.000000000
0.000000000
0.000000000
0.000000000
0.000000000
0.000000000
0.000000000
0.000000000
0.000000000
0.000000000
0.000000000
0.000000000
0.000000000
0.000000000
0.000000000
0.000000000
0.000000000
0.000000000
0.000000000
0.000000000
0.000000000
0.000000000
0.000000000
0.000000000
0.000000000
0.000000000
0.000000000
0.000000000
0.000000000
0.000000000
0.000000000
0.000000000
0.000000000
0.000000000
0.000000000
0.000000000
0.000000000
0.000000000
0.000000000
0.000000000
0.000000000
0.000000000
0.000000000
0.000000000
0.000000000
0.000000000
0.000000000
0.000000000
0.000000000
0.000000000
0.000000000
0.000000000
0.000000000
0.000000000
0.000000000
0.000000000
0.000000000
0.000000000
0.000000000
0.000000000
0.000000000
0.000000000
0.000000000
0.000000000
0.000000000
0.000000000
0.000000000
0.000000000
0.000000000
0.000000000
0.000000000
0.000000000
0.000000000
0.000000000
0.000000000
0.000000000
0.000000000
0.000000000
0.000000000
0.000000000
0.000000000
0.000000000
0.000000000
0.000000000
0.000000000
0.000000000
0.000000000
0.000000000
0.000000000
0.000000000
0.000000000
0.000000000
0.000000000
0.000000000
0.000000000
0.000000000
0.000000000
0.000000000
0.000000000
0.000000000
0.000000000
0.000000000
0.000000000
0.000000000
0.000000000
0.000000000
0.000000000
0.000000000
0.000000000
0.000000000
0.000000000
0.000000000
0.000000000
0.000000000
0.000000000
0.000000000
0.000000000
0.000000000
0.000000000
0.000000000
0.000000000
0.000000000
0.000000000
0.000000000
0.000000000
0.000000000
0.000000000
0.000000000
0.000000000
0.000000000
0.000000000
0.000000000
0.000000000
0.000000000
0.000000000
0.000000000
0.000000000
0.000000000
0.000000000
0.000000000
0.000000000
0.000000000
0.000000000
0.000000000
0.000000000
0.000000000
0.000000000
0.000000000
0.000000000
0.000000000
0.000000000
0.000000000
0.000000000
0.000000000
0.000000000
0.000000000
0.000000000
0.000000000
0.000000000
0.000000000
0.000000000
0.000000000
0.000000000
0.000000000
0.000000000
0.000000000
0.000000000
0.000000000
0.000000000
0.000000000
0.000000000
0.000000000
0.000000000
0.000000000
0.000000000
0.000000000
0.000000000
0.000000000
0.000000000
0.000000000
0.000000000
0.000000000
0.000000000
0.000000000
0.000000000
0.000000000
0.000000000
0.000000000
0.000000000
0.000000000
0.000000000
0.000000000
0.000000000
0.000000000
0.000000000
0.000000000
0.000000000
0.000000000
0.000000000
0.000000000
0.000000000
0.000000000
0.000000000
0.000000000
0.000000000
0.000000000
0.000000000
0.000000000
0.000000000
0.000000000
0.000000000
0.000000000
0.000000000
0.000000000
0.000000000
0.000000000
0.000000000
0.000000000
0.000000000
0.000000000
0.000000000
0.000000000
0.000000000
0.000000000
0.000000000
0.000000000
0.000000000
0.000000000
0.000000000
0.000000000
0.000000000
0.000000000
0.000000000
0.000000000
0.000000000
0.000000000
0.000000000
0.000000000
0.000000000
0.000000000
0.000000000
0.000000000
0.000000000
0.000000000
0.000000000
0.000000000
0.000000000
0.000000000
0.000000000
0.000000000
0.000000000
0.000000000
0.000000000
0.000000000
0.000000000
0.000000000
0.000000000
0.000000000
0.000000000
0.000000000
0.000000000
0.000000000
0.000000000
0.000000000
0.000000000
0.000000000
0.000000000
0.000000000
0.000000000
0.000000000
0.000000000
0.000000000
0.000000000
0.000000000
0.000000000
0.000000000
0.000000000
0.000000000
0.000000000
0.000000000
0.000000000
0.000000000
0.000000000
0.000000000
0.000000000
0.000000000
0.000000000
0.000000000
0.000000000
0.000000000
0.000000000
0.000000000
0.000000000
0.000000000
0.000000000
0.000000000
0.000000000
0.000000000
0.000000000
0.000000000
0.000000000
0.000000000
0.000000000
0.000000000
0.000000000
0.000000000
0.000000000
0.000000000
0.000000000
0.000000000
0.000000000
0.000000000
0.000000000
0.000000000
0.000000000
0.000000000
0.000000000
0.000000000
0.000000000
0.000000000
0.000000000
0.000000000
0.000000000
0.000000000
0.000000000
0.000000000
0.000000000
0.000000000
0.000000000
0.000000000
0.000000000
0.000000000
0.000000000
0.000000000
0.000000000
0.000000000
0.000000000
0.000000000
0.000000000
0.000000000
0.000000000
0.000000000
0.000000000
0.000000000
0.000000000
0.000000000
0.000000000
0.000000000
0.000000000
0.000000000
0.000000000
0.000000000
0.000000000
0.000000000
0.000000000
0.000000000
0.000000000
0.000000000
0.000000000
0.000000000
0.000000000
0.000000000
0.000000000
0.000000000
0.000000000
0.000000000
0.000000000
0.000000000
0.000000000
0.000000000
0.000000000
0.000000000
0.000000000
0.000000000
0.000000000
0.000000000
0.000000000
0.000000000
0.000000000
0.000000000
0.000000000
0.000000000
0.000000000
0.000000000
0.000000000
0.000000000
0.000000000
0.000000000
0.000000000
0.000000000
0.000000000
0.000000000
0.000000000
0.000000000
0.000000000
0.000000000
0.000000000
0.000000000
0.000000000
0.000000000
0.000000000
0.000000000
0.000000000
0.000000000
0.000000000
0.000000000
0.000000000
0.000000000
0.000000000
0.000000000
0.000000000
0.000000000
0.000000000
0.000000000
0.000000000
0.000000000
0.000000000
0.000000000
0.000000000
0.000000000
0.000000000
0.000000000
0.000000000
0.000000000
0.000000000
0.000000000
0.000000000
0.000000000
0.000000000
0.000000000
0.000000000
0.000000000
0.000000000
0.000000000
0.000000000
0.000000000
0.000000000
0.000000000
0.000000000
0.000000000
0.000000000
0.000000000
0.000000000
0.000000000
0.000000000
0.000000000
0.000000000
0.000000000
0.000000000
0.000000000
0.000000000
0.000000000
0.000000000
0.000000000
0.000000000
0.000000000
0.000000000
0.000000000
0.000000000
0.000000000
0.000000000
0.000000000
0.000000000
0.000000000
0.000000000
0.000000000
0.000000000
0.000000000
0.000000000
0.000000000
0.000000000
0.000000000
0.000000000
0.000000000
0.000000000
0.000000000
0.000000000
0.000000000
0.000000000
0.000000000
0.000000000
0.000000000
0.000000000
0.000000000
0.000000000
0.000000000
0.000000000
0.000000000
0.000000000
0.000000000
0.000000000
0.000000000
0.000000000
0.000000000
0.000000000
0.000000000
0.000000000
0.000000000
0.000000000
0.000000000
0.000000000
0.000000000
0.000000000
0.000000000
0.000000000
0.000000000
0.000000000
0.000000000
0.000000000
0.000000000
0.000000000
0.000000000
0.000000000
0.000000000
0.000000000
0.000000000
0.000000000
0.000000000
0.000000000
0.000000000
0.000000000
0.000000000
0.000000000
0.000000000
0.000000000
0.000000000
0.000000000
0.000000000
0.000000000
0.000000000
0.000000000
0.034018313
-0.039099180
-0.079943828
-0.059621329
-0.067878457
0.970814704
-0.243080336
-0.102174599
-0.151507963
-0.021282635
0.042698191
-0.567301497
0.005081692
-0.275273629
-0.684657990
0.159368170
-0.422467205
0.581684812
-0.838397922
0.318205639
-0.417922299
-0.592158401
-0.305720646
0.562553232
-0.986877522
-0.349777913
0.429075034
-0.100530822
0.353754002
-0.231097760
-0.272596435
-0.051701443
-0.366578175
-0.376917718
0.944704966
-0.626711421
-0.255627597
-0.588994905
0.436641187
0.342219074
0.235465024
0.221373658
-0.128156658
-0.029701913
-0.835628698
-0.482457949
0.666708721
0.096402682
0.512411139
0.414762587
0.226170878
0.218329401
0.271500231
0.260667131
0.040404486
0.003698096
0.196299610
0.049593867
0.057022182
0.198726900
-0.118898525
-0.125294465
-0.222249921
-0.081525636
0.371964771
-0.381336142
-0.471628850
-0.435773849
-0.394480401
-0.118319691
-0.404414906
-0.682551472
-0.538883590
-0.525437049
-0.461529053
-0.863162230
-0.744694144
-0.717408287
-0.556649113
-0.940833210
-0.893845635
-0.991869956
-0.564372141
-0.847724823
-0.408220305
-0.952577499
-0.748635827
0.192765978
0.060848315
0.242696635
0.745109715
0.727191104
-0.373832636
-0.520977862
0.796095073
0.204361437
0.050706981
0.393758499
0.521673027
-0.226643710
0.998134060
0.138746138
0.240286960
0.108343337
0.192674407
0.408806346
0.306312360
0.720156258
-0.688126385
0.291411543
-0.384976391
-0.080512267
-0.630469094
0.635679010
0.287701432
-0.323579471
0.957162420
0.178946832
-0.632997690
-0.622714297
0.639074874
-0.967504564
0.111394592
0.359547634
-0.650805971
0.203264351
-0.294678463
-0.333022942
0.102039728
0.223348280
-0.180509751
-0.158148459
0.960319947
0.197235724
-0.149134360
0.142135200
-0.476827707
0.088482718
0.256085255
0.804477386
0.530995576
0.151747524
0.105298081
-0.088665448
0.268008566
0.360606522
0.661723185
-0.019534542
0.250289837
-0.006506526
-0.432968001
0.034475500
0.300724702
-0.371204309
0.109521319
-0.414717743
-0.355284472
-0.494788612
0.707928630
-0.349251272
-0.966832763
0.249490684
-0.469994410
-0.074423392
0.118045835
-0.122494202
-0.141488023
-0.376001271
-0.353046517
-0.414129844
-0.740415317
0.063424084
-0.031986692
-0.879503114
-0.309712385
-0.853424811
-0.947996385
0.747973133
0.695519340
0.025536113
-0.995592502
-0.702513357
0.380295037
0.559634740
0.921607136
-0.887443797
0.052935336
0.527284439
0.534163061
0.261744824
-0.014947855
0.729040196
-0.621264606
-0.724571227
-0.305965184
-0.709866626
-0.526882908
-0.230608438
0.420095527
-0.004956525
0.685651710
-0.144899701
0.938375706
0.146237453
-0.592147589
0.087597849
-0.292641355
-0.166790224
0.451748588
0.489239230
0.019115330
0.911267421
0.764032599
0.410048405
0.166426237
-0.344049592
0.171853826
0.145626616
-0.125041676
-0.023736916
-0.030123560
0.416009921
0.209318961
-0.953970596
-0.088264143
-0.329583691
-0.063954559
0.363472140
0.758082469
0.379403973
0.147643194
0.976370557
-0.209928956
0.433732099
-0.220572438
0.416046015
0.254283736
-0.492787889
0.334431309
-0.843309602
-0.789970687
-0.414024091
0.039074699
-0.048160093
0.174690042
-0.398490826
0.102965486
0.705166086
-0.164623264
-0.465122507
0.010633485
-0.775987823
0.115433009
0.043365391
-0.396248827
-0.730118314
0.282062678
-0.862416555
-0.704477385
-0.717090836
0.317393408
-0.513653579
-0.701899035
0.081842779
-0.820672505
-0.880109022
-0.309186587
0.981899040
-0.601745222
0.757204010
-0.167402624
0.451441737
-0.014764808
0.088134759
-0.728492682
-0.917257672
-0.727826655
-0.827507396
-0.184184141
-0.714224339
-0.606468024
-0.303318601
-0.393587753
-0.033585851
-0.570016108
0.703827861
-0.889711369
-0.618788128
0.101918642
-0.537498865
-0.412355064
-0.149032116
-0.089619652
-0.322356164
0.038273847
0.863436446
0.246222706
0.385040642
0.420653829
-0.588434641
-0.675193096
0.634917511
0.478556658
0.046904776
0.390952134
-0.435473314
-0.015322627
0.420299224
0.826209935
-0.523553880
0.020174667
0.272260260
-0.025459095
0.643246505
-0.220890158
0.921454655
0.079158370
0.940840413
-0.992090962
0.842185482
0.080427373
-0.568662712
0.292794603
-0.346752148
0.398131995
-0.549421732
0.211747758
-0.171683947
-0.047625274
-0.709809790
0.411976243
0.887840119
0.218410812
0.273603050
-0.233589757
0.480212443
-0.311418387
-0.514770150
0.141211511
0.383612356
-0.121118009
0.327721850
0.550398617
-0.841165471
0.918003664
0.694308226
-0.200674331
-0.199787786
-0.999228678
0.099838280
-0.939042642
-0.226338716
-0.650497380
0.418643035
0.340590794
-0.057057870
0.470220015
-0.407270377
0.296019873
0.665074558
-0.383439308
0.586470207
0.990161534
0.699490267
0.584069800
-0.467557199
0.855191653
0.950074193
0.692256205
0.205663980
0.960512183
0.365413228
0.403618411
-0.995650280
-0.667028355
-0.841110638
-0.889353483
-0.965247671
-0.974899455
-0.781587295
-0.068873816
0.539018514
-0.942779463
0.626273913
0.240123408
-0.850394886
0.338527489
0.797934867
-0.456210478
-0.902124176
-0.540218904
0.441775549
-0.320495088
0.270572055
0.429757409
-0.861501193
0.283060575
-0.301804031
-0.818709844
0.467744553
0.729810821
-0.975091982
-0.158425689
-0.076708483
-0.044938580
-0.462424888
0.627356020
-0.511717923
0.564594071
-0.887179902
0.973047186
0.359828311
-0.762259584
0.418535406
-0.239860130
0.744153787
-0.363422137
0.294420728
-0.590589813
0.926558591
-0.533817978
0.097616760
0.661150514
0.628540852
0.177339917
0.369846393
0.506345752
-0.919408872
-0.586452968
-0.200894060
0.353395627
0.006353899
-0.322413311
-0.782267405
-0.147578794
-0.026595112
0.477417136
-0.598397869
-0.133940366
0.043841446
-0.287464890
-0.996985054
0.168971787
-0.331256194
-0.840249524
-0.549436577
0.332501029
0.847796260
0.274182895
-0.766397586
0.841701516
-0.542381043
-0.559635376
-0.132690755
-0.546763195
-0.645077930
-0.850444126
-0.586063429
-0.776683836
-0.982147863
-0.912991977
-0.438439930
-0.973334520
-0.648358207
-0.314236077
0.970975356
-0.761968123
0.877354343
-0.647943962
0.703663791
-0.320509746
0.326793770
-0.023325477
0.728759799
-0.443082846
-0.184708548
-0.375075072
-0.861595741
0.014370176
0.315893970
0.473639743
-0.827767371
-0.765928158
-0.998651803
-0.675010343
-0.799819649
-0.452126448
-0.949630356
-0.896691519
-0.904814954
-0.890253777
-0.830796114
-0.940536331
-0.801281764
-0.670400587
-0.136308828
-0.973347386
-0.369668528
-0.911207007
-0.681227664
-0.736658705
0.149599571
-0.551490612
0.553676935
0.367486430
0.098672039
0.290001117
0.051942093
-0.368238161
-0.518946944
0.461805249
0.406269959
0.073973315
-0.986093340
0.627750904
0.939739394
-0.448377070
0.365051212
-0.573629189
-0.193711620
0.846406965
0.180223420
0.573092485
0.853947685
0.711112015
-0.666805917
-0.092918752
-0.202321520
0.362364141
0.039250778
0.218468452
0.047871745
-0.236131420
0.405019168
-0.463982912
-0.844782208
0.962917034
-0.390166008
0.897798442
0.728158614
0.706537129
0.098373870
0.106178381
0.270480365
0.606495351
-0.894421418
-0.912561424
0.545998892
0.650866275
0.340650081
0.196939724
0.086273124
-0.045125647
-0.008535904
-0.469233476
0.035906993
-0.536892353
-0.876378949
-0.330901479
-0.660202330
0.688577599
0.523293844
-0.882912194
-0.099968074
-0.126540619
-0.204456282
-0.826638702
-0.990966776
0.625339208
-0.607341582
0.163823060
-0.363883509
0.158437604
-0.036014778
-0.319521818
0.360474515
-0.875508661
-0.602262228
0.771755287
0.947870156
0.959545233
0.644150729
0.954168571
0.951231341
-0.171994590
0.330487256
0.337118597
0.925748495
-0.785832911
-0.320246207
-0.039354607
0.363515575
0.978529398
-0.870088101
-0.193120208
0.220566218
-0.190872324
0.036041368
0.702446051
-0.108637773
0.128280578
0.161552690
-0.013066825
0.674685835
0.910218470
-0.986276282
-0.392905741
0.643122442
-0.583602067
0.850891680
0.413544174
0.290742570
-0.991778064
0.384223671
0.715426480
0.232142023
0.435535782
0.989589125
-0.028146055
-0.421349417
-0.689655514
0.415074865
0.641295586
-0.532983344
-0.075195939
0.483505440
-0.402158168
0.191443178
0.501920531
-0.700094661
-0.303800669
0.725863687
-0.164579302
0.848435667
-0.094864289
0.487767055
-0.786803261
-0.235263516
0.009034426
0.511372960
-0.195383638
0.285230360
-0.353817159
0.742061775
0.640539512
0.165867601
0.001338150
0.242071240
0.712072511
-0.891394435
0.223916646
-0.222716818
0.054632181
0.807484584
-0.268528727
-0.270011226
-0.792656536
-0.317702266
-0.093352761
-0.150967597
0.050111300
0.718143516
-0.203804410
0.186109788
-0.537701952
-0.739303030
-0.392863695
0.286831096
-0.201898245
-0.848327006
0.625341177
-0.560334858
0.622083713
-0.008703640
0.859750894
-0.196540392
-0.208099577
-0.034164971
-0.581872761
-0.043564755
0.485216300
-0.282532416
-0.077806599
0.064669628
0.693071636
-0.380573783
0.628823330
0.014319633
0.205388133
-0.109415811
-0.355336938
0.049613492
-0.082872517
0.650692107
-0.530205401
-0.815032071
0.957544649
0.212009578
-0.233394757
0.775122555
-0.005436322
0.598124527
-0.157130271
0.777880001
0.486919970
-0.842056329
-0.918051701
0.996944316
0.817112408
-0.971809284
-0.849655108
0.191369706
0.930974931
0.863184713
0.399118861
-0.085386169
0.156974866
0.251332366
-0.306980127
0.783375555
0.607389688
0.719900152
-0.292694414
0.723721020
-0.751524456
-0.865333672
-0.007337902
-0.488512761
-0.461427786
-0.638211022
-0.575835535
-0.563471447
0.064185464
0.092292605
-0.012771420
0.277078519
0.156634578
-0.393614819
-0.036394223
0.430600548
-0.087714366
-0.150429753
0.714533285
0.190013216
0.171291229
0.274632656
-0.818953004
0.056979927
-0.402321401
-0.466405519
0.395259017
0.364446882
-0.335897145
0.633444791
-0.530973669
-0.100221181
0.895123654
-0.752141972
0.117098943
-0.805850261
0.135449963
-0.725181578
0.140634940
0.238443529
-0.688437254
0.809598483
0.704330503
0.097865070
-0.843671078
-0.215078892
0.250142356
-0.663386987
0.987187051
-0.249109161
0.733359915
-0.054518109
0.755369512
0.171969820
0.592230439
0.508350974
-0.312695837
0.032982264
0.992939166
0.875199205
-0.973401921
-0.729796600
0.262497886
0.434616292
-0.465909090
-0.903704301
-0.051828748
-0.866541412
-0.470155635
-0.935251805
-0.541197029
-0.058670163
-0.923326503
-0.005500821
0.743527956
0.423519295
-0.854189392
0.716426124
0.314866824
-0.794309722
0.332574112
0.422636843
-0.520027132
-0.000602531
0.307757525
-0.882822950
-0.803232374
0.756059949
-0.131570163
0.057847808
0.777103912
0.802539374
-0.811774295
-0.723162059
0.550494985
0.148095148
0.347150396
0.709086413
-0.325293287
0.341305859
-0.269604098
-0.728869456
0.363954029
0.111688728
0.470462840
0.148510696
-0.129021648
-0.800938261
0.229956159
-0.642085622
0.725542143
-0.792932278
0.417214152
-0.806104632
0.851286851
-0.362561344
-0.860868066
0.619932149
-0.003076570
-0.948145400
-0.888837441
0.588230276
-0.157491043
-0.296456054
-0.101616086
-0.381829843
0.518040168
0.615407724
-0.155989914
0.272614767
0.269099081
-0.708027645
0.202141900
0.058149486
-0.337278360
0.839915448
-0.378607696
0.977351184
0.517084125
-0.029531654
-0.657022201
-0.913325272
0.764530665
-0.057524323
-0.276941623
-0.594861543
0.325589398
0.285151461
0.880478130
-0.833564693
-0.404075775
0.222264082
0.761524423
0.973236486
0.776146910
0.893082708
-0.907962245
-0.223461842
0.982588708
0.968042153
-0.506961543
0.212011034
0.842491371
0.089329861
0.587109063
0.142305720
-0.997980814
-0.150078949
0.397562882
-0.845248592
0.150495245
-0.002821289
-0.162626079
-0.007294872
0.851966704
0.845701174
0.378285000
-0.573868181
-0.435207188
0.874583153
-0.154557400
-0.164090399
-0.843633843
-0.227441440
-0.484230204
0.954896577
-0.675122090
-0.889204596
-0.015304446
0.688943339
-0.620001116
-0.303675612
0.063759905
-0.628618816
-0.237122776
0.638164033
-0.283602573
0.109826451
0.762193020
-0.807956750
-0.474976986
0.559622332
0.163913585
-0.427062556
0.298770888
-0.920563315
-0.926588260
0.217845938
-0.060990355
-0.066220356
0.118686090
-0.466644808
-0.660710360
-0.517681150
-0.364210755
0.656081168
-0.540745528
-0.581232174
0.502923836
0.944573229
0.844011319
-0.118162581
-0.488347312
0.597802487
0.255186128
-0.730703640
-0.015683280
0.429306131
-0.692539601
0.804953502
0.218159664
-0.506051483
0.061530247
-0.624872545
0.000061307
0.560574823
-0.485317103
-0.084185489
-0.285279360
-0.353623700
0.700294797
-0.299860914
-0.202791026
-0.596166015
0.743440923
-0.417523258
-0.992594266
0.818872966
0.755753963
0.762516544
0.615257689
-0.659841051
-0.372914258
0.142607895
0.267011023
-0.042286748
0.246124386
0.110981042
0.501633050
-0.204601656
0.142349917
0.411213381
0.160614489
0.286383614
-0.337204532
-0.229272459
0.527243333
0.524982679
-0.417886495
0.693936032
-0.044913650
-0.784027506
0.028944819
-0.178140643
-0.433595469
0.716817151
-0.481044815
0.435310809
-0.048094351
-0.056132128
-0.011274799
-0.102862410
0.276484961
0.775763177
0.392679484
-0.096321281
0.257549176
0.389589102
-0.507184044
-0.250594372
-0.235587342
0.195353693
-0.794202504
0.067581346
0.265013717
-0.781116548
0.223383114
-0.485391878
-0.665991316
0.555994222
0.046689285
-0.961619059
0.189106483
-0.677914423
0.067178007
0.687432880
-0.374378873
0.288244254
-0.532905975
0.941438162
-0.226810943
0.503719090
-0.264517482
0.916348494
0.349118167
0.867003212
0.337824404
-0.020284857
0.765326681
-0.533339751
-0.019324691
0.163833574
0.099153357
-0.082244663
0.097058925
-0.801471113
-0.242787322
-0.752560099
-0.905935232
-0.742235698
-0.964879156
-0.888220267
-0.915647835
-0.823624751
-0.866972743
-0.399849998
-0.635462698
0.754663448
0.984991717
-0.304409183
0.985407265
0.878967206
-0.398278866
0.421147808
0.489914166
0.632931526
0.647953220
0.147146971
0.351101721
0.351812564
0.907676395
0.736019233
-0.644992672
-0.203892264
0.196975085
0.677424648
0.487910975
0.239170165
0.980806099
0.103228187
0.668651230
-0.883593347
0.307294409
-0.567371863
0.070285668
-0.594444386
0.717025416
0.678432016
0.838469366
-0.744256020
0.193866214
-0.994135228
0.417483695
-0.477442802
-0.347010231
0.950929285
-0.106862169
0.515576713
-0.232324240
0.759590185
0.772422996
0.180483588
-0.634170361
-0.557817748
0.360060055
-0.112566532
-0.117978407
0.824566314
0.618783101
-0.960400588
-0.746219555
0.359376009
-0.143970609
-0.207252497
0.026367358
0.981893675
-0.327567595
-0.943360583
-0.350975014
-0.993635029
-0.588121295
-0.433400855
0.789329453
0.528875751
0.773016008
0.364428847
0.479604893
-0.583654551
0.188140219
-0.806036655
-0.304018260
0.427378765
0.502159585
0.140626888
0.662154138
-0.128820416
0.909876211
0.638795821
-0.359586306
-0.654502242
-0.060631728
0.809574954
0.929771554
0.710849423
-0.102622674
0.113128127
0.099500744
-0.122559357
-0.311934676
-0.453431312
-0.725364180
0.413791794
0.863500035
-0.733290392
-0.490657431
-0.259391087
-0.136674186
-0.726925114
-0.326752455
0.157237032
0.171314493
0.179243478
0.371551886
0.593786978
-0.310763367
0.031580850
0.986564935
0.552322059
0.109496853
-0.126253436
-0.265769840
0.158899113
0.286982318
0.501968742
-0.694089791
0.039948168
0.156453091
0.680539278
0.439224171
-0.453342342
-0.632509126
-0.079740260
0.088000584
0.594673086
-0.989184240
0.510662628
-0.304586213
-0.521086783
0.193817279
0.734955205
0.233876697
-0.940918991
-0.700719921
0.859759028
-0.525175547
0.178521216
-0.155172005
-0.604140569
0.402486559
0.125224032
-0.896716692
-0.889915822
0.062346514
0.697076668
-0.698279765
0.937872208
-0.736049194
-0.327458320
-0.027735046
0.889538867
0.605686814
-0.993952381
-0.056016212
0.528217981
0.210914735
0.463425321
0.189833289
0.626937267
0.646321834
0.943689325
0.369827052
0.559806077
0.699459187
0.377919644
-0.513964289
-0.774887297
-0.538534044
-0.792016429
-0.473742743
-0.804372697
0.286238905
0.437547375
-0.468682302
0.920198158
-0.211526346
0.822348317
0.070940783
0.215017139
-0.287186939
0.700280136
0.122665452
-0.585466702
-0.031597979
-0.266957886
-0.998465347
0.559793059
0.269750405
-0.382792803
0.450853299
0.070702401
0.976200904
-0.009960780
-0.486690045
0.761437234
0.418367828
0.835439457
0.359423454
0.804856654
-0.612377916
-0.189786644
0.238833203
0.008196150
0.231323165
-0.459176913
0.251539485
0.204401381
0.396781196
0.842452294
0.535012679
0.553577598
-0.347807478
0.190261129
-0.786677004
-0.133666565
-0.599824844
-0.594767566
0.710234498
0.953557848
0.553151809
0.710059666
-0.488336455
-0.374048696
-0.183680842
0.464539336
0.493706131
0.893531652
0.436068030
-0.218890987
-0.467832813
-0.465202257
-0.772813620
0.238590405
0.975647435
-0.525808203
0.466421162
0.767882223
-0.428603732
-0.125899389
-0.000769993
0.592491979
-0.334143601
-0.405025224
-0.313189675
0.208745161
-0.623267543
-0.290977780
0.469228595
-0.787464357
-0.528643647
0.082826334
-0.336421275
-0.300176272
-0.720276475
0.301222749
0.748016839
0.262276654
0.059908926
-0.133256178
0.382743036
-0.009156505
-0.416899709
0.361136556
0.890596643
0.464080914
-0.213066105
0.781442456
-0.488244480
0.258490041
0.060240569
-0.455450310
0.428180453
0.499048048
-0.752312812
-0.857123446
-0.589958965
0.121442124
-0.266818173
-0.909644288
-0.721244494
0.425474177
0.197543860
0.325901663
-0.204324598
-0.910634745
-0.252008816
-0.368663274
-0.195407486
-0.296890481
-0.519344174
-0.547897840
-0.128154723
-0.148175966
-0.177076980
0.542891403
0.755402781
0.917449894
0.491818808
0.657676622
0.780977493
-0.722917817
-0.013676562
0.698035377
0.587090521
-0.871569681
-0.415905779
-0.838972832
-0.359533099
0.107736582
-0.352735759
-0.357271727
-0.374147691
-0.966772808
-0.787311004
-0.903393729
0.514651339
0.816161382
0.900605730
-0.154954116
-0.606069437
0.843734060
0.142236490
-0.084739829
0.489257440
0.240501363
-0.040613281
-0.397607894
0.549849335
0.499733792
-0.630525395
-0.359467795
0.122056736
-0.080027613
0.945269152
0.892017224
0.721599929
0.692918545
-0.365494292
-0.948207452
0.192424480
0.434855423
0.033776290
0.496493350
0.997429610
0.993824562
0.022246963
0.595691302
-0.881730410
0.682768257
0.335759858
0.503515036
-0.478922837
-0.199086487
-0.846706428
0.843545851
-0.487574191
-0.520819541
-0.892422232
-0.696195814
-0.671992405
-0.933399458
0.224283480
-0.542122414
0.072491036
0.249755955
0.534906296
0.176110200
-0.208703934
0.544060319
0.009402602
-0.267434046
0.868335065
0.010093662
-0.253318881
-0.307660475
-0.876706903
-0.094302248
-0.892438186
0.143443057
-0.850406873
-0.631431340
-0.660981527
0.634912983
-0.930298105
0.331540136
0.160192691
0.583590171
0.137932897
-0.620723672
0.224144147
0.135442800
0.642490880
0.802488111
0.187865155
-0.084056827
-0.062326645
-0.423015005
-0.078239827
0.601056470
-0.858379923
-0.183399177
-0.005560909
-0.331807052
-0.194532749
-0.952540555
-0.154687605
0.770388342
0.967733121
-0.046472208
-0.611351452
-0.281695241
0.056529738
-0.681887634
-0.866675588
0.623427338
0.138405410
0.879746591
0.222615374
0.245749157
0.085122717
0.565128857
0.066344723
0.400959521
-0.777555909
0.807983823
-0.245696910
0.404342101
0.942272204
0.702073063
0.859754404
-0.112243096
0.122791153
0.584160358
0.028029151
0.859959692
-0.434633194
0.142347463
0.786301528
-0.213367215
0.953967038
0.884021357
0.028462178
-0.859381064
0.271407032
0.881717535
-0.296151364
0.773012919
-0.901989891
-0.661181842
-0.247575703
-0.753017067
0.656028784
-0.884277342
0.370432525
0.926334753
0.445165872
0.296999352
0.315468008
-0.650379672
-0.072109385
0.955441146
0.885301787
0.149703094
-0.157075205
-0.568016561
-0.953514136
-0.947048210
-0.656825013
0.749339219
0.678092427
0.529775413
0.073389043
0.297630718
-0.050257200
-0.861241705
-0.483472231
-0.877919229
-0.597581026
-0.387452811
-0.342750086
-0.301577879
-0.745254051
-0.410345207
-0.061827675
-0.579030639
-0.595132393
0.413807098
0.050795200
0.859864500
0.061603661
0.898037506
-0.139120534
-0.917729006
0.017867650
-0.331357665
0.972520471
0.430069785
0.221163867
-0.359816892
0.811695083
0.385367453
0.643169195
0.653965744
-0.954426591
0.548268702
0.242205029
-0.935346590
0.814613985
-0.119531037
0.252536343
-0.578850583
0.107722774
-0.035612314
0.254445161
-0.865023713
-0.241010592
-0.298082707
-0.485229038
-0.674739185
-0.562850040
0.399089914
0.391544268
0.646171829
-0.531052016
0.928867025
-0.736788384
-0.899673047
-0.157328688
-0.316546265
0.208207435
-0.188873907
0.588205705
0.250627756
0.604687029
-0.159866741
0.510301170
-0.259172326
-0.233225043
-0.792500911
0.361439157
-0.799608507
0.807745492
-0.303060077
0.012535333
-0.605005582
0.823564343
-0.357174816
0.647154851
-0.986862933
-0.327492183
0.371601539
0.288434513
-0.982517086
0.750330266
-0.396288636
-0.252858420
-0.220240778
0.714883596
-0.964489805
0.810130100
-0.675558413
0.188980458
0.102978842
-0.976578068
-0.194832692
-0.596068115
0.747201158
-0.859687843
0.838990363
0.135675464
-0.739227447
-0.383772796
-0.198736569
0.345899325
-0.626099720
0.477822553
0.905210769
0.203318930
-0.213551252
-0.704756115
0.690453774
-0.587649792
0.430490723
-0.023982147
-0.978693482
-0.947902588
-0.948101791
0.406398977
-0.218352695
0.496099284
0.019414529
0.328398571
0.001258736
-0.373153761
0.365853508
-0.702927638
-0.435018493
-0.420716849
0.254848790
0.721527861
0.477671013
0.134941422
-0.011691189
0.532550518
-0.762709701
0.688875836
0.845309327
0.727968227
0.461439698
-0.678295330
0.750299717
-0.423779985
-0.007330151
-0.699988966
0.325513155
-0.203148846
0.358769790
-0.174076106
0.034672388
-0.826511079
0.718346905
0.994126501
0.576645465
0.052582948
-0.578324037
0.648227623
-0.060522371
0.235522619
-0.272862228
0.770835441
-0.934731234
-0.443710596
0.329861295
0.027057073
-0.763964601
0.586669450
0.516267845
-0.035709943
-0.286389702
0.016976250
-0.955514754
0.630830119
-0.198489918
0.174044999
0.601182022
-0.905314281
-0.381624583
0.536457788
0.280429769
0.907530017
-0.058941284
-0.490716991
0.038976195
0.269541969
-0.025821322
-0.085617059
0.279895184
0.057269175
-0.288239606
0.673410376
-0.053403402
-0.167570615
0.288307515
0.256405392
0.723324272
0.551082240
0.399308296
0.677407442
-0.243076841
-0.893281190
0.819827619
-0.895288446
0.713831529
0.780148372
-0.133754040
0.182956824
0.330773634
0.593000442
-0.402966264
0.498121256
0.435826034
-0.127341175
0.286746820
-0.162408549
-0.812372373
0.125103552
0.541465854
-0.610220219
-0.755300220
-0.229506317
-0.072442051
-0.408930510
-0.235245188
-0.426710042
0.797117798
-0.799184354
0.496856467
-0.150540347
-0.231709852
-0.278485349
-0.104206039
-0.024831771
-0.578630303
-0.520122908
0.766122678
0.706198105
-0.761775633
-0.293846688
0.517806602
0.429524634
-0.489471524
-0.041618872
-0.380389779
0.183378321
-0.412065669
-0.456232478
0.574658868
0.208936955
-0.710440582
0.958135531
-0.326437988
-0.985718738
-0.702927634
-0.946575773
-0.808489273
0.889551064
0.478952869
0.377700428
0.224364922
-0.552611746
0.217972931
-0.034419093
-0.123704288
-0.879467628
0.093175164
-0.339962323
-0.526151184
-0.334346364
-0.233744751
-0.173021146
0.282953410
0.273833909
-0.871451133
0.161716185
0.152856399
0.692485275
-0.585341956
-0.294627568
-0.829249921
-0.076251962
-0.530455874
-0.050334234
-0.155391858
-0.287502243
-0.649237637
0.323483030
0.777635276
0.470021788
-0.422806755
-0.934964631
0.562528128
-0.557715538
0.587121375
-0.070294531
-0.335319853
0.407917731
-0.662544430
0.599056157
-0.687791057
0.779352173
-0.821078487
-0.270181347
-0.637627314
-0.112684637
-0.331975544
-0.450101481
0.047853807
0.971762596
-0.328370429
-0.588038941
0.197189591
0.791056960
-0.115871972
0.321188057
0.687596302
0.095330554
0.506461619
-0.424391472
-0.226419130
-0.486264082
-0.374745502
0.003214810
-0.417032530
-0.076453847
0.686232679
0.594293740
-0.268097523
0.671883688
0.251561248
0.293885861
-0.743481433
-0.305166431
0.081088369
-0.627902257
-0.367726734
-0.888079760
0.267357630
0.366303208
-0.616376577
0.463335667
0.318048383
-0.832677179
-0.075604441
0.095003571
0.126772590
-0.405579914
0.570554593
-0.658976793
0.536071291
0.425297378
0.207510506
-0.597829028
-0.844167351
-0.342912594
-0.434256956
-0.482627617
-0.472880860
-0.684532888
-0.417633053
-0.519758868
-0.366595370
0.706835339
-0.344656405
-0.789544108
0.935544726
0.812476177
-0.045683560
0.006584278
0.520857568
0.519979364
-0.184298264
-0.352770196
-0.599929390
-0.740754432
0.687079009
-0.781502107
-0.021546954
0.451838090
0.811240453
0.397525349
-0.815062968
0.905047912
-0.866884509
-0.524344111
-0.092962930
0.320093688
0.318631422
0.098960710
0.458287963
0.552184157
-0.249278174
-0.317611101
-0.724044286
-0.685210258
0.854147060
-0.886955547
-0.070982862
0.058798717
0.364050547
0.743312052
0.459324833
-0.757619786
-0.835145221
0.633124855
-0.065646839
0.058023716
-0.945903154
0.550889303
-0.950596774
0.688910911
-0.876443435
0.452492807
0.744449677
-0.267210710
-0.492999715
0.414448902
-0.139300404
0.720288676
-0.557577849
0.120639150
0.090638097
0.340391610
0.000465580
-0.245714035
0.407197362
-0.134239558
0.009048729
-0.442276015
-0.679240119
0.048805694
-0.391390288
-0.889863742
0.860904163
-0.643892107
0.549483257
0.177934458
-0.987375372
-0.562186761
-0.736465222
-0.361955872
-0.211678480
0.541191861
-0.058174545
-0.458495945
0.323426678
-0.803313054
0.599597115
-0.738790414
-0.439149824
-0.647993591
0.613004244
0.110432283
-0.823772057
-0.193576989
-0.306072256
0.227293020
-0.072180610
0.508247945
-0.095891079
-0.047548359
0.001409118
-0.131227218
-0.321832425
-0.732789654
-0.005612533
-0.633225606
-0.732757061
0.397249156
-0.379813379
-0.577912316
0.303342833
-0.527941193
-0.723960519
0.682127361
0.019923252
0.829714054
-0.562975397
-0.641777617
0.899682007
0.075894205
-0.502389728
0.432009192
0.095219091
-0.362872899
0.207745007
0.042424992
0.125680037
0.003129605
-0.254101195
0.262195375
-0.490465222
0.577166205
-0.729626946
-0.918218829
0.015375808
0.273348866
-0.890987841
-0.313187068
0.054145212
0.880480665
0.503777912
-0.284984667
0.621019978
-0.092230133
0.581255322
0.223921405
0.540211584
0.525692418
-0.346011170
0.324388156
-0.197586073
-0.881246265
-0.512508830
-0.777563961
0.246666503
-0.190119551
0.563985595
0.488306607
-0.238208496
0.529075018
0.388564078
0.975682495
-0.103046997
0.255153211
-0.614950569
-0.452428603
-0.765825746
-0.191657367
-0.748328800
-0.708947523
-0.000621050
-0.573399155
-0.377284292
0.237366842
0.158826117
0.504323422
0.166410939
-0.263727159
0.744048421
-0.011507115
0.588279410
-0.193488754
-0.154446967
0.328908888
-0.755079076
0.116186906
-0.033751961
-0.320079461
0.976630003
-0.393409492
0.515618343
-0.065117429
0.021947233
0.137605875
-0.599365448
-0.245727966
-0.391924728
0.837324059
-0.239173441
-0.433382758
-0.770640888
0.044353399
-0.460800851
-0.156946256
-0.385932880
0.102671190
-0.250544462
-0.753987276
-0.801237195
-0.330743338
0.727468985
-0.734511044
0.960416382
-0.605641441
0.831603554
0.394941152
0.306716393
-0.157937963
-0.439022173
0.539108814
0.034312216
-0.812516086
0.995449734
-0.883269573
-0.539779668
0.214158257
0.100503255
-0.643814323
-0.788166769
0.499417592
-0.976181766
0.363888501
0.656490205
-0.082470339
-0.896619065
0.126919634
-0.507118248
-0.654203448
0.430800906
-0.517151611
0.233469013
-0.189884822
0.892516021
0.045314420
0.297512434
-0.170743857
-0.780170880
0.274383218
0.149346636
-0.069002968
-0.281109441
0.263631139
0.302052650
-0.201257783
0.880668246
-0.070016085
0.982669786
0.003778424
0.338880247
-0.246742340
0.191079980
-0.887311965
-0.982176161
0.110739544
0.315525081
-0.863577436
-0.939212392
-0.663977029
0.002550840
0.745337004
-0.751227700
0.268520797
0.675900026
-0.041350586
-0.645499311
0.300950275
-0.393155074
0.423534537
0.194324280
0.382176596
0.679836418
-0.514600698
0.203386819
-0.900393652
0.751930397
0.212018637
0.182968415
-0.893506836
0.994048988
0.260510331
-0.085192158
0.803353114
-0.843659175
0.079987372
-0.282999293
-0.374801650
0.364277581
-0.922419203
-0.089660481
0.711496514
-0.110326455
0.112718841
-0.354491045
-0.251001167
-0.105544378
0.786141493
0.165106993
0.478584517
-0.321085299
-0.192857491
-0.717605908
0.401691558
-0.014092706
-0.398107352
-0.043523621
-0.202300638
-0.399540773
-0.833215282
-0.762541242
-0.272689989
-0.497376921
-0.403820475
0.335163777
-0.036325454
0.216424017
-0.203280999
0.090430137
0.249082578
-0.588536143
-0.339380372
0.751670799
-0.584795415
0.635510296
-0.934158596
-0.425533065
-0.207533536
-0.438966546
-0.238172026
-0.411019264
-0.733198887
-0.722798764
0.397018462
-0.637613460
0.044340835
-0.463586764
-0.061613141
0.640502614
0.523891151
-0.076994579
0.856316222
0.919047940
-0.786925690
0.194980622
-0.178425358
-0.411956872
0.590326585
0.397357928
0.034520134
0.374327651
-0.066687554
0.658171646
-0.743974249
0.326677872
0.557926350
0.237880403
-0.475313571
-0.545261701
-0.147513022
0.067763726
0.345887191
0.894455991
0.912569125
0.694090216
-0.833599284
-0.117549811
-0.385715494
-0.884166196
0.120429455
-0.612334068
-0.641687579
0.655331571
-0.020570703
-0.989514539
-0.323477090
-0.676042100
-0.130693781
-0.578986044
-0.148655097
-0.371448921
0.486323361
-0.855814285
0.048213979
-0.625449128
-0.346768739
0.084351817
-0.076972849
-0.462804912
-0.148082268
-0.831214558
-0.363800142
0.370001569
0.416734325
0.793413651
0.124736764
-0.464482199
-0.769577127
-0.095727493
-0.377699542
0.526939974
-0.321306538
0.939486407
-0.137717131
-0.705233683
0.236456375
-0.318041579
-0.706319004
0.237059214
-0.322858212
-0.748737799
0.184332335
0.361803667
0.013832067
0.041559282
0.188449544
0.041473650
0.909026134
-0.495654566
-0.145970813
-0.052254168
0.287211407
-0.430888789
-0.310585180
-0.079673831
-0.042209530
0.096911095
0.967794993
0.134511118
0.224276806
-0.161852161
0.057914021
-0.455360129
-0.506507682
-0.680785793
0.401445777
-0.067892476
0.477386330
0.966828545
0.695519972
-0.477430606
0.430453829
0.018218015
0.013071610
0.784083937
0.025027965
0.686922030
-0.044210056
-0.401917110
-0.607636183
-0.002545426
-0.048354478
0.088440501
-0.646801633
0.567402387
-0.992210496
0.297871237
-0.890994720
-0.201028121
0.353724354
0.222779081
0.036810854
0.779645218
-0.443531378
-0.172618845
-0.325307267
-0.793014844
0.463641606
0.787786787
-0.538813579
-0.296897363
0.135134970
-0.325833452
0.014258798
0.766801083
-0.212995134
0.000000000
0.000000000
0.000000000
0.000000000
0.000000000
0.000000000
0.000000000
0.000000000
0.000000000
0.000000000
0.000000000
0.000000000
0.000000000
0.000000000
0.000000000
0.000000000
0.000000000
0.000000000
0.000000000
0.000000000
0.000000000
0.000000000
0.000000000
0.000000000
0.000000000
0.000000000
0.000000000
0.000000000
0.000000000
0.000000000
0.000000000
0.000000000
0.000000000
0.000000000
0.000000000
0.000000000
0.000000000
0.000000000
0.000000000
0.000000000
0.000000000
0.000000000
0.000000000
0.000000000
0.000000000
0.000000000
0.000000000
0.000000000
0.000000000
0.000000000
0.000000000
0.000000000
0.000000000
0.000000000
0.000000000
0.000000000
0.000000000
0.000000000
0.000000000
0.000000000
0.000000000
0.000000000
0.000000000
0.000000000
0.000000000
0.000000000
0.000000000
0.000000000
0.000000000
0.000000000
0.000000000
0.000000000
0.000000000
0.000000000
0.000000000
0.000000000
0.000000000
0.000000000
0.000000000
0.000000000
0.000000000
0.000000000
0.000000000
0.000000000
0.000000000
0.000000000
0.000000000
0.000000000
0.000000000
0.000000000
0.000000000
0.000000000
0.000000000
0.000000000
0.000000000
0.000000000
0.000000000
0.000000000
0.000000000
0.000000000
0.000000000
0.000000000
0.000000000
0.000000000
0.000000000
0.000000000
0.000000000
0.000000000
0.000000000
0.000000000
0.000000000
0.000000000
0.000000000
0.000000000
0.000000000
0.000000000
0.000000000
0.000000000
0.000000000
0.000000000
0.000000000
0.000000000
0.000000000
0.000000000
0.000000000
0.000000000
0.000000000
0.000000000
0.000000000
0.000000000
0.000000000
0.000000000
0.000000000
0.000000000
0.000000000
0.000000000
0.000000000
0.000000000
0.000000000
0.000000000
0.000000000
0.000000000
0.000000000
0.000000000
0.000000000
0.000000000
0.000000000
0.000000000
0.000000000
0.000000000
0.000000000
0.000000000
0.000000000
0.000000000
0.000000000
0.000000000
0.000000000
0.000000000
0.000000000
0.000000000
0.000000000
0.000000000
0.000000000
0.000000000
0.000000000
0.000000000
0.000000000
0.000000000
0.000000000
0.000000000
0.000000000
0.000000000
0.000000000
0.000000000
0.000000000
0.000000000
0.000000000
0.000000000
0.000000000
0.000000000
0.000000000
0.000000000
0.000000000
0.000000000
0.000000000
0.000000000
0.000000000
0.000000000
0.000000000
0.000000000
0.000000000
0.000000000
0.000000000
0.000000000
0.000000000
0.000000000
0.000000000
0.000000000
0.000000000
0.000000000
0.000000000
0.000000000
0.000000000
0.000000000
0.000000000
0.000000000
0.000000000
0.000000000
0.000000000
0.000000000
0.000000000
0.000000000
0.000000000
0.000000000
0.000000000
0.000000000
0.000000000
0.000000000
0.000000000
0.000000000
0.000000000
0.000000000
0.000000000
0.000000000
0.000000000
0.000000000
0.000000000
0.000000000
0.000000000
0.000000000
0.000000000
0.000000000
0.000000000
0.000000000
0.000000000
0.000000000
0.000000000
0.000000000
0.000000000
0.000000000
0.000000000
0.000000000
0.000000000
0.000000000
0.000000000
0.000000000
0.000000000
0.000000000
0.000000000
0.000000000
0.000000000
0.000000000
0.000000000
0.000000000
0.000000000
0.000000000
0.000000000
0.000000000
0.000000000
0.000000000
0.000000000
0.000000000
0.000000000
0.000000000
0.000000000
0.000000000
0.000000000
0.000000000
0.000000000
0.000000000
0.000000000
0.000000000
0.000000000
0.000000000
0.000000000
0.000000000
0.000000000
0.000000000
0.000000000
0.000000000
0.000000000
0.000000000
0.000000000
0.000000000
0.000000000
0.000000000
0.000000000
0.000000000
0.000000000
0.000000000
0.000000000
0.000000000
0.000000000
0.000000000
0.000000000
0.000000000
0.000000000
0.000000000
0.000000000
0.000000000
0.000000000
0.000000000
0.000000000
0.000000000
0.000000000
0.000000000
0.000000000
0.000000000
0.000000000
0.000000000
0.000000000
0.000000000
0.000000000
0.000000000
0.000000000
0.000000000
0.000000000
0.000000000
0.000000000
0.000000000
0.000000000
0.000000000
0.000000000
0.000000000
0.000000000
0.000000000
0.000000000
0.000000000
0.000000000
0.000000000
0.000000000
0.000000000
0.000000000
0.000000000
0.000000000
0.000000000
0.000000000
0.000000000
0.000000000
0.000000000
0.000000000
0.000000000
0.000000000
0.000000000
0.000000000
0.000000000
0.000000000
0.000000000
0.000000000
0.000000000
0.000000000
0.000000000
0.000000000
0.000000000
0.000000000
0.000000000
0.000000000
0.000000000
0.000000000
0.000000000
0.000000000
0.000000000
0.000000000
0.000000000
0.000000000
0.000000000
0.000000000
0.000000000
0.000000000
0.000000000
0.000000000
0.000000000
0.000000000
0.000000000
0.000000000
0.000000000
0.000000000
0.000000000
0.000000000
0.000000000
0.000000000
0.000000000
0.000000000
0.000000000
0.000000000
0.000000000
0.000000000
0.000000000
0.000000000
0.000000000
0.000000000
0.000000000
0.000000000
0.000000000
0.000000000
0.000000000
0.000000000
0.000000000
0.000000000
0.000000000
0.000000000
0.000000000
0.000000000
0.000000000
0.000000000
0.000000000
0.000000000
0.000000000
0.000000000
0.000000000
0.000000000
0.000000000
0.000000000
0.000000000
0.000000000
0.000000000
0.000000000
0.000000000
0.000000000
0.000000000
0.000000000
0.000000000
0.000000000
0.000000000
0.000000000
0.000000000
0.000000000
0.000000000
0.000000000
0.000000000
0.000000000
0.000000000
0.000000000
0.000000000
0.000000000
0.000000000
0.000000000
0.000000000
0.000000000
0.000000000
0.000000000
0.000000000
0.000000000
0.000000000
0.000000000
0.000000000
0.000000000
0.000000000
0.000000000
0.000000000
0.000000000
0.000000000
0.000000000
0.000000000
0.000000000
0.000000000
0.000000000
0.000000000
0.000000000
0.000000000
0.000000000
0.000000000
0.000000000
0.000000000
0.000000000
0.000000000
0.000000000
0.000000000
0.000000000
0.000000000
0.000000000
0.000000000
0.000000000
0.000000000
0.000000000
0.000000000
0.000000000
0.000000000
0.000000000
0.000000000
0.000000000
0.000000000
0.000000000
0.000000000
0.000000000
0.000000000
0.000000000
0.000000000
0.000000000
0.000000000
0.000000000
0.000000000
0.000000000
0.000000000
0.000000000
0.000000000
0.000000000
0.000000000
0.000000000
0.000000000
0.000000000
0.000000000
0.000000000
0.000000000
0.000000000
0.000000000
0.000000000
0.000000000
0.000000000
0.000000000
0.000000000
0.000000000
0.000000000
0.000000000
0.000000000
0.000000000
0.000000000
0.000000000
0.000000000
0.000000000
0.000000000
0.000000000
0.000000000
0.000000000
0.000000000
0.000000000
0.000000000
0.000000000
0.000000000
0.000000000
0.000000000
0.000000000
0.000000000
0.000000000
0.000000000
0.000000000
0.000000000
0.000000000
0.000000000
0.000000000
0.000000000
0.000000000
0.000000000
0.000000000
0.000000000
0.000000000
0.000000000
0.000000000
0.000000000
0.000000000
0.000000000
0.000000000
0.000000000
0.000000000
0.000000000
0.000000000
0.000000000
0.000000000
0.000000000
0.000000000
0.000000000
0.000000000
0.000000000
0.000000000
0.000000000
0.000000000
0.000000000
0.000000000
0.000000000
0.000000000
0.000000000
0.000000000
0.000000000
0.000000000
0.000000000
0.000000000
0.000000000
0.000000000
0.000000000
0.000000000
0.000000000
0.000000000
0.000000000
0.000000000
0.000000000
0.000000000
0.000000000
0.000000000
0.000000000
0.000000000
0.000000000
0.000000000
0.000000000
0.000000000
0.000000000
0.000000000
0.000000000
0.000000000
0.000000000
0.000000000
0.000000000
0.000000000
0.000000000
0.000000000
0.000000000
0.000000000
0.000000000
0.000000000
0.000000000
0.000000000
0.000000000
0.000000000
0.000000000
0.000000000
0.000000000
0.000000000
0.000000000
0.000000000
0.000000000
0.000000000
0.000000000
0.000000000
0.000000000
0.000000000
0.000000000
0.000000000
0.000000000
0.000000000
0.000000000
0.000000000
0.000000000
0.000000000
0.000000000
0.000000000
0.000000000
0.000000000
0.000000000
0.000000000
0.000000000
0.000000000
0.000000000
0.000000000
0.000000000
0.000000000
0.000000000
0.000000000
0.000000000
0.000000000
0.000000000
0.000000000
0.000000000
0.000000000
0.000000000
0.000000000
0.000000000
0.000000000
0.000000000
0.000000000
0.000000000
0.000000000
0.000000000
0.000000000
0.000000000
0.000000000
0.000000000
0.000000000
0.000000000
0.000000000
0.000000000
0.000000000
0.000000000
0.000000000
0.000000000
0.000000000
0.000000000
0.000000000
0.000000000
0.000000000
0.000000000
0.000000000
0.000000000
0.000000000
0.000000000
0.000000000
0.000000000
0.000000000
0.000000000
0.000000000
0.000000000
0.000000000
0.000000000
0.000000000
0.000000000
0.000000000
0.000000000
0.000000000
0.000000000
0.000000000
0.000000000
0.000000000
0.000000000
0.000000000
0.000000000
0.000000000
0.000000000
0.000000000
0.000000000
0.000000000
0.000000000
0.000000000
0.000000000
0.000000000
0.000000000
0.000000000
0.000000000
0.000000000
0.000000000
0.000000000
0.000000000
0.000000000
0.000000000
0.000000000
0.000000000
0.000000000
0.000000000
0.000000000
0.000000000
0.000000000
0.000000000
0.000000000
0.000000000
0.000000000
0.000000000
0.000000000
0.000000000
0.000000000
0.000000000
0.000000000
0.000000000
0.000000000
0.000000000
0.000000000
0.000000000
0.000000000
0.000000000
0.000000000
0.000000000
0.000000000
0.000000000
0.000000000
0.000000000
0.000000000
0.000000000
0.000000000
0.000000000
0.000000000
0.000000000
0.000000000
0.000000000
0.000000000
0.000000000
0.000000000
0.000000000
0.000000000
0.000000000
0.000000000
0.000000000
0.000000000
0.000000000
0.000000000
0.000000000
0.000000000
0.000000000
0.000000000
0.000000000
0.000000000
0.000000000
0.000000000
0.000000000
0.000000000
0.000000000
0.000000000
0.000000000
0.000000000
0.000000000
0.000000000
0.000000000
0.000000000
0.000000000
0.000000000
0.000000000
0.000000000
0.000000000
0.000000000
0.000000000
0.000000000
0.000000000
0.000000000
0.000000000
0.000000000
0.000000000
0.000000000
0.000000000
0.000000000
0.000000000
0.000000000
0.000000000
0.000000000
0.000000000
0.000000000
0.000000000
0.000000000
0.000000000
0.000000000
0.000000000
0.000000000
0.000000000
0.000000000
0.000000000
0.000000000
0.000000000
0.000000000
0.000000000
0.000000000
0.000000000
0.000000000
0.000000000
0.000000000
0.000000000
0.000000000
0.000000000
0.000000000
0.000000000
0.000000000
0.000000000
0.000000000
0.000000000
0.000000000
0.000000000
0.000000000
0.000000000
0.000000000
0.000000000
0.000000000
0.000000000
0.000000000
0.000000000
0.000000000
0.000000000
0.000000000
0.000000000
0.000000000
0.000000000
0.000000000
0.000000000
0.000000000
0.000000000
0.000000000
0.000000000
0.000000000
0.000000000
0.000000000
0.000000000
0.000000000
0.000000000
0.000000000
0.000000000
0.000000000
0.000000000
0.000000000
0.000000000
0.000000000
0.000000000
0.000000000
0.000000000
0.000000000
0.000000000
0.000000000
0.000000000
0.000000000
0.000000000
0.000000000
0.000000000
0.000000000
0.000000000
0.000000000
0.000000000
0.000000000
0.000000000
0.000000000
0.000000000
0.000000000
0.000000000
0.000000000
0.000000000
0.000000000
0.000000000
0.000000000
0.000000000
0.000000000
0.000000000
0.000000000
0.000000000
0.000000000
0.000000000
0.000000000
0.000000000
0.000000000
0.000000000
0.000000000
0.000000000
0.000000000
0.000000000
0.000000000
0.000000000
0.000000000
0.000000000
0.000000000
0.000000000
0.000000000
0.000000000
0.000000000
0.000000000
0.000000000
0.000000000
0.000000000
0.000000000
0.000000000
0.000000000
0.000000000
0.000000000
0.000000000
0.000000000
0.000000000
0.000000000
0.000000000
0.000000000
0.000000000
0.000000000
0.000000000
0.000000000
0.000000000
0.000000000
0.000000000
0.000000000
0.000000000
0.000000000
0.000000000
0.000000000
0.000000000
0.000000000
0.000000000
0.000000000
0.000000000
0.000000000
0.000000000
0.000000000
0.000000000
0.000000000
0.000000000
0.000000000
0.000000000
0.000000000
0.000000000
0.000000000
0.000000000
0.000000000
0.000000000
0.000000000
0.000000000
0.000000000
0.000000000
0.000000000
0.000000000
0.000000000
0.000000000
0.000000000
0.000000000
0.000000000
0.000000000
0.000000000
0.000000000
0.000000000
0.000000000
0.000000000
0.000000000
0.000000000
0.000000000
0.000000000
0.000000000
0.000000000
0.000000000
0.000000000
0.000000000
0.000000000
0.000000000
0.000000000
0.000000000
0.000000000
0.000000000
0.000000000
0.000000000
0.000000000
0.000000000
0.000000000
0.000000000
0.000000000
0.000000000
0.000000000
0.000000000
0.000000000
0.000000000
0.000000000
0.000000000
0.000000000
0.000000000
0.000000000
0.000000000
0.000000000
0.000000000
0.000000000
0.000000000
0.000000000
0.000000000
0.000000000
0.000000000
0.000000000
0.000000000
0.000000000
0.000000000
0.000000000
0.000000000
0.000000000
0.000000000
0.000000000
0.000000000
0.000000000
0.000000000
0.000000000
0.000000000
0.000000000
0.000000000
0.000000000
0.000000000
0.000000000
0.000000000
0.000000000
0.000000000
0.000000000
0.000000000
0.000000000
0.000000000
0.000000000
0.000000000
0.000000000
0.000000000
0.000000000
0.000000000
0.000000000
0.000000000
0.000000000
0.000000000
0.000000000
0.000000000
0.000000000
0.000000000
0.000000000
0.000000000
0.000000000
0.000000000
0.000000000
0.000000000
0.000000000
0.000000000
0.000000000
0.000000000
0.000000000
0.000000000
0.000000000
0.000000000
0.000000000
0.000000000
0.000000000
0.000000000
0.000000000
0.000000000
0.000000000
0.000000000
0.000000000
0.000000000
0.000000000
0.000000000
0.000000000
0.000000000
0.000000000
0.000000000
0.000000000
0.000000000
0.000000000
0.000000000
0.000000000
0.000000000
0.000000000
0.000000000
0.000000000
0.000000000
0.000000000
0.000000000
0.000000000
0.000000000
0.000000000
0.000000000
0.000000000
0.000000000
0.000000000
0.000000000
0.000000000
0.000000000
0.000000000
0.000000000
0.000000000
0.000000000
0.000000000
0.000000000
0.000000000
0.000000000
0.000000000
0.000000000
0.000000000
0.000000000
0.000000000
0.000000000
0.000000000
0.000000000
0.000000000
0.000000000
0.000000000
0.000000000
0.000000000
0.000000000
0.000000000
0.000000000
0.000000000
0.000000000
0.000000000
0.000000000
0.000000000
0.000000000
0.000000000
0.000000000
0.000000000
0.000000000
0.000000000
0.000000000
0.000000000
0.000000000
0.000000000
0.000000000
0.000000000
0.000000000
0.000000000
0.000000000
0.000000000
0.000000000
0.000000000
0.000000000
0.000000000
0.000000000
0.000000000
0.000000000
0.000000000
0.000000000
0.000000000
0.000000000
0.000000000
0.000000000
0.000000000
0.000000000
0.000000000
0.000000000
0.000000000
0.000000000
0.000000000
0.000000000
0.000000000
0.000000000
0.000000000
0.000000000
0.000000000
0.000000000
0.000000000
0.000000000
0.000000000
0.000000000
0.000000000
0.000000000
0.000000000
0.000000000
0.000000000
0.000000000
0.000000000
0.000000000
0.000000000
0.000000000
0.000000000
0.000000000
0.000000000
0.000000000
0.000000000
0.000000000
0.000000000
0.000000000
0.000000000
0.000000000
0.000000000
0.000000000
0.000000000
0.000000000
0.000000000
0.000000000
0.000000000
0.000000000
0.000000000
0.000000000
0.000000000
0.000000000
0.000000000
0.000000000
0.000000000
0.000000000
0.000000000
0.000000000
0.000000000
0.000000000
0.000000000
0.000000000
0.000000000
0.000000000
0.000000000
0.000000000
0.000000000
0.000000000
0.000000000
0.000000000
0.000000000
0.000000000
0.000000000
0.000000000
0.000000000
0.000000000
0.000000000
0.000000000
0.000000000
0.000000000
0.000000000
0.000000000
0.000000000
0.000000000
0.000000000
0.000000000
0.000000000
0.000000000
0.000000000
0.000000000
0.000000000
0.000000000
0.000000000
0.000000000
0.000000000
0.000000000
0.000000000
0.000000000
0.000000000
0.000000000
0.000000000
0.000000000
0.000000000
0.000000000
0.000000000
0.000000000
0.000000000
0.000000000
0.000000000
0.000000000
0.000000000
0.000000000
0.000000000
0.000000000
0.000000000
0.000000000
0.000000000
0.000000000
0.000000000
0.000000000
0.000000000
0.000000000
0.000000000
0.000000000
0.000000000
0.000000000
0.000000000
0.000000000
0.000000000
0.000000000
0.000000000
0.000000000
0.000000000
0.000000000
0.000000000
0.000000000
0.000000000
0.000000000
0.000000000
0.000000000
0.000000000
0.000000000
0.000000000
0.000000000
0.000000000
0.000000000
0.000000000
0.000000000
0.000000000
0.000000000
0.000000000
0.000000000
0.000000000
0.000000000
0.000000000
0.000000000
0.000000000
0.000000000
0.000000000
0.000000000
0.000000000
0.000000000
0.000000000
0.000000000
0.000000000
0.000000000
0.000000000
0.000000000
0.000000000
0.000000000
0.000000000
0.000000000
0.000000000
0.000000000
0.000000000
0.000000000
0.000000000
0.000000000
0.000000000
0.000000000
0.000000000
0.000000000
0.000000000
0.000000000
0.000000000
0.000000000
0.000000000
0.000000000
0.000000000
0.000000000
0.000000000
0.000000000
0.000000000
0.000000000
0.000000000
0.000000000
0.000000000
0.000000000
0.000000000
0.000000000
0.000000000
0.000000000
0.000000000
0.000000000
0.000000000
0.000000000
0.000000000
0.000000000
0.000000000
0.000000000
0.000000000
0.000000000
0.000000000
0.000000000
0.000000000
0.000000000
0.000000000
0.000000000
0.000000000
0.000000000
0.000000000
0.000000000
0.000000000
0.000000000
0.000000000
0.000000000
0.000000000
0.000000000
0.000000000
0.000000000
0.000000000
0.000000000
0.000000000
0.000000000
0.000000000
0.000000000
0.000000000
0.000000000
0.000000000
0.000000000
0.000000000
0.000000000
0.000000000
0.000000000
0.000000000
0.000000000
0.000000000
0.000000000
0.000000000
0.000000000
0.000000000
0.000000000
0.000000000
0.000000000
0.000000000
0.000000000
0.000000000
0.000000000
0.000000000
0.000000000
0.000000000
0.000000000
0.000000000
0.000000000
0.000000000
0.000000000
0.000000000
0.000000000
0.000000000
0.000000000
0.000000000
0.000000000
0.000000000
0.000000000
0.000000000
0.000000000
0.000000000
0.000000000
0.000000000
0.000000000
0.000000000
0.000000000
0.000000000
0.000000000
0.000000000
0.000000000
0.000000000
0.000000000
0.000000000
0.000000000
0.000000000
0.000000000
0.000000000
0.000000000
0.000000000
0.000000000
0.000000000
0.000000000
0.000000000
0.000000000
0.000000000
0.000000000
0.000000000
0.000000000
0.000000000
0.000000000
0.000000000
0.000000000
0.000000000
0.000000000
0.000000000
0.000000000
0.000000000
0.000000000
0.000000000
0.000000000
0.000000000
0.000000000
0.000000000
0.000000000
0.000000000
0.000000000
0.000000000
0.000000000
0.000000000
0.000000000
0.000000000
0.000000000
0.000000000
0.000000000
0.000000000
0.000000000
0.000000000
0.000000000
0.000000000
0.000000000
0.000000000
0.000000000
0.000000000
0.000000000
0.000000000
0.000000000
0.000000000
0.000000000
0.000000000
0.000000000
0.000000000
0.000000000
0.000000000
0.000000000
0.000000000
0.000000000
0.000000000
0.000000000
0.000000000
0.000000000
0.000000000
0.000000000
0.000000000
0.000000000
0.000000000
0.000000000
0.000000000
0.000000000
0.000000000
0.000000000
0.000000000
0.000000000
0.000000000
0.000000000
0.000000000
0.000000000
0.000000000
0.000000000
0.000000000
0.000000000
0.000000000
0.000000000
0.000000000
0.000000000
0.000000000
0.000000000
0.000000000
0.000000000
0.000000000
0.000000000
0.000000000
0.000000000
0.000000000
0.000000000
0.000000000
0.000000000
0.000000000
0.000000000
0.000000000
0.000000000
0.000000000
0.000000000
0.000000000
0.000000000
0.000000000
0.000000000
0.000000000
0.000000000
0.000000000
0.000000000
0.000000000
0.000000000
0.000000000
0.000000000
0.000000000
0.000000000
0.000000000
0.000000000
0.000000000
0.000000000
0.000000000
0.000000000
0.000000000
0.000000000
0.000000000
0.000000000
0.000000000
0.000000000
0.000000000
0.000000000
0.000000000
0.000000000
0.000000000
0.000000000
0.000000000
0.000000000
0.000000000
0.000000000
0.000000000
0.000000000
0.000000000
0.000000000
0.000000000
0.000000000
0.000000000
0.000000000
0.000000000
0.000000000
0.000000000
0.000000000
0.000000000
0.000000000
0.000000000
0.000000000
0.000000000
0.000000000
0.000000000
0.000000000
0.000000000
0.000000000
0.000000000
0.000000000
0.000000000
0.000000000
0.000000000
0.000000000
0.000000000
0.000000000
0.000000000
0.000000000
0.000000000
0.000000000
0.000000000
0.000000000
0.000000000
0.000000000
0.000000000
0.000000000
0.000000000
0.000000000
0.000000000
0.000000000
0.000000000
0.000000000
0.000000000
0.000000000
0.000000000
0.000000000
0.000000000
0.000000000
0.000000000
0.000000000
0.000000000
0.000000000
0.000000000
0.000000000
0.000000000
0.000000000
0.000000000
0.000000000
0.000000000
0.000000000
0.000000000
0.000000000
0.000000000
0.000000000
0.000000000
0.000000000
0.000000000
0.000000000
0.000000000
0.000000000
0.000000000
0.000000000
0.000000000
0.000000000
0.000000000
0.000000000
0.000000000
0.000000000
0.000000000
0.000000000
0.000000000
0.000000000
0.000000000
0.000000000
0.000000000
0.000000000
0.000000000
0.000000000
0.000000000
0.000000000
0.000000000
0.000000000
0.000000000
0.000000000
0.000000000
0.000000000
0.000000000
0.000000000
0.000000000
0.000000000
0.000000000
0.000000000
0.000000000
0.000000000
0.000000000
0.000000000
0.000000000
0.000000000
0.000000000
0.000000000
0.000000000
0.000000000
0.000000000
0.000000000
0.000000000
0.000000000
0.000000000
0.000000000
0.000000000
0.000000000
0.000000000
0.000000000
0.000000000
0.000000000
0.000000000
0.000000000
0.000000000
0.000000000
0.000000000
0.000000000
0.000000000
0.000000000
0.000000000
0.000000000
0.000000000
0.000000000
0.000000000
0.000000000
0.000000000
0.000000000
0.000000000
0.000000000
0.000000000
0.000000000
0.000000000
0.000000000
0.000000000
0.000000000
0.000000000
0.000000000
0.000000000
0.000000000
0.000000000
0.000000000
0.000000000
0.000000000
0.000000000
0.000000000
0.000000000
0.000000000
0.000000000
0.000000000
0.000000000
0.000000000
0.000000000
0.000000000
0.000000000
0.000000000
0.000000000
0.000000000
0.000000000
0.000000000
0.000000000
0.000000000
0.000000000
0.000000000
0.000000000
0.000000000
0.000000000
0.000000000
0.000000000
0.000000000
0.000000000
0.000000000
0.000000000
0.000000000
0.000000000
0.000000000
0.000000000
0.000000000
0.000000000
0.000000000
0.000000000
0.000000000
0.000000000
0.000000000
0.000000000
0.000000000
0.000000000
0.000000000
0.000000000
0.000000000
0.000000000
0.000000000
0.000000000
0.000000000
0.000000000
0.000000000
0.000000000
0.000000000
0.000000000
0.000000000
0.000000000
0.000000000
0.000000000
0.000000000
0.000000000
0.000000000
0.000000000
0.000000000
0.000000000
0.000000000
0.000000000
0.000000000
0.000000000
0.000000000
0.000000000
0.000000000
0.000000000
0.000000000
0.000000000
0.000000000
0.000000000
0.000000000
0.000000000
0.000000000
0.000000000
0.000000000
0.000000000
0.000000000
0.000000000
0.000000000
0.000000000
0.000000000
0.000000000
0.000000000
0.000000000
0.000000000
0.000000000
0.000000000
0.000000000
0.000000000
0.000000000
0.000000000
0.000000000
0.000000000
0.000000000
0.000000000
0.000000000
0.000000000
0.000000000
0.000000000
0.000000000
0.000000000
0.000000000
0.000000000
0.000000000
0.000000000
0.000000000
0.000000000
0.000000000
0.000000000
0.000000000
0.000000000
0.000000000
0.000000000
0.000000000
0.000000000
0.000000000
0.000000000
0.000000000
0.000000000
0.000000000
0.000000000
0.000000000
0.000000000
0.000000000
0.000000000
0.000000000
0.000000000
0.000000000
0.000000000
0.000000000
0.000000000
0.000000000
0.000000000
0.000000000
0.000000000
0.000000000
0.000000000
0.000000000
0.000000000
0.000000000
0.000000000
0.000000000
0.000000000
0.000000000
0.000000000
0.000000000
0.000000000
0.000000000
0.000000000
0.000000000
0.000000000
0.000000000
0.000000000
0.000000000
0.000000000
0.000000000
0.000000000
0.000000000
0.000000000
0.000000000
0.000000000
0.000000000
0.000000000
0.000000000
0.000000000
0.000000000
0.000000000
0.000000000
0.000000000
0.000000000
0.000000000
0.000000000
0.000000000
0.000000000
0.000000000
0.000000000
0.000000000
0.000000000
0.000000000
0.000000000
0.000000000
0.000000000
0.000000000
0.000000000
0.000000000
0.000000000
0.000000000
0.000000000
0.000000000
0.000000000
0.000000000
0.000000000
0.000000000
0.000000000
0.000000000
0.000000000
0.000000000
0.000000000
0.000000000
0.000000000
0.000000000
0.000000000
0.000000000
0.000000000
0.000000000
0.000000000
0.000000000
0.000000000
0.000000000
0.000000000
0.000000000
0.000000000
0.000000000
0.000000000
0.000000000
0.000000000
0.000000000
0.000000000
0.000000000
0.000000000
0.000000000
0.000000000
0.000000000
0.000000000
0.000000000
0.000000000
0.000000000
0.000000000
0.000000000
0.000000000
0.000000000
0.000000000
0.000000000
0.000000000
0.000000000
0.000000000
0.000000000
0.000000000
0.000000000
0.000000000
0.000000000
0.000000000
0.000000000
0.000000000
0.000000000
0.000000000
0.000000000
0.000000000
0.000000000
0.000000000
0.000000000
0.000000000
0.000000000
0.000000000
0.000000000
0.000000000
0.000000000
0.000000000
0.000000000
0.000000000
0.000000000
0.000000000
0.000000000
0.000000000
0.000000000
0.000000000
0.000000000
0.000000000
0.000000000
0.000000000
0.000000000
0.000000000
0.000000000
0.000000000
0.000000000
0.000000000
0.000000000
0.000000000
0.000000000
0.000000000
0.000000000
0.000000000
0.000000000
0.000000000
0.000000000
0.000000000
0.000000000
0.000000000
0.000000000
0.000000000
0.000000000
0.000000000
0.000000000
0.000000000
0.000000000
0.000000000
0.000000000
0.000000000
0.000000000
0.000000000
0.000000000
0.000000000
0.000000000
0.000000000
0.000000000
0.000000000
0.000000000
0.000000000
0.000000000
0.000000000
0.000000000
0.000000000
0.000000000
0.000000000
0.000000000
0.000000000
0.000000000
0.000000000
0.000000000
0.000000000
0.000000000
0.000000000
0.000000000
0.000000000
0.000000000
0.000000000
0.000000000
0.000000000
0.000000000
0.000000000
0.000000000
0.000000000
0.000000000
0.000000000
0.000000000
0.000000000
0.000000000
0.000000000
0.000000000
0.000000000
0.000000000
0.000000000
0.000000000
0.000000000
0.000000000
0.000000000
0.000000000
0.000000000
0.000000000
0.000000000
0.000000000
0.000000000
0.000000000
0.000000000
0.000000000
0.000000000
0.000000000
0.000000000
0.000000000
0.000000000
0.000000000
0.000000000
0.000000000
0.000000000
0.000000000
0.000000000
0.000000000
0.000000000
0.000000000
0.000000000
0.000000000
0.000000000
0.000000000
0.000000000
0.000000000
0.000000000
0.000000000
0.000000000
0.000000000
0.000000000
0.000000000
0.000000000
0.000000000
0.000000000
0.000000000
0.000000000
0.000000000
0.000000000
0.000000000
0.000000000
0.000000000
0.000000000
0.000000000
0.000000000
0.000000000
0.000000000
0.000000000
0.000000000
0.000000000
0.000000000
0.000000000
0.000000000
0.000000000
0.000000000
0.000000000
0.000000000
0.000000000
0.000000000
0.000000000
0.000000000
0.000000000
0.000000000
0.000000000
0.000000000
0.000000000
0.000000000
0.000000000
0.000000000
0.000000000
0.000000000
0.000000000
0.000000000
0.000000000
0.000000000
0.000000000
0.000000000
0.000000000
0.000000000
0.000000000
0.000000000
0.000000000
0.000000000
0.000000000
0.000000000
0.000000000
0.000000000
0.000000000
0.000000000
0.000000000
0.000000000
0.000000000
0.000000000
0.000000000
0.000000000
0.000000000
0.000000000
0.000000000
0.000000000
0.000000000
0.000000000
0.000000000
0.000000000
0.000000000
0.000000000
0.000000000
0.000000000
0.000000000
0.000000000
0.000000000
0.000000000
0.000000000
0.000000000
0.000000000
0.000000000
0.000000000
0.000000000
0.000000000
0.000000000
0.000000000
0.000000000
0.000000000
0.000000000
0.000000000
0.000000000
0.000000000
0.000000000
0.000000000
0.000000000
0.000000000
0.000000000
0.000000000
0.000000000
0.000000000
0.000000000
0.000000000
0.000000000
0.000000000
0.000000000
0.000000000
0.000000000
0.000000000
0.000000000
0.000000000
0.000000000
0.000000000
0.000000000
0.000000000
0.000000000
0.000000000
0.000000000
0.000000000
0.000000000
0.000000000
0.000000000
0.000000000
0.000000000
0.000000000
0.000000000
0.000000000
0.000000000
0.000000000
0.000000000
0.000000000
0.000000000
0.000000000
0.000000000
0.000000000
0.000000000
0.000000000
0.000000000
0.000000000
0.000000000
0.000000000
0.000000000
0.000000000
0.000000000
0.000000000
0.000000000
0.000000000
0.000000000
0.000000000
0.000000000
0.000000000
0.000000000
0.000000000
0.000000000
0.000000000
0.000000000
0.000000000
0.000000000
0.000000000
0.000000000
0.000000000
0.000000000
0.000000000
0.000000000
0.000000000
0.000000000
0.000000000
0.000000000
0.000000000
0.000000000
0.000000000
0.000000000
0.000000000
0.000000000
0.000000000
0.000000000
0.000000000
0.000000000
0.000000000
0.000000000
0.000000000
0.000000000
0.000000000
0.000000000
0.000000000
0.000000000
0.000000000
0.000000000
0.000000000
0.000000000
0.000000000
0.000000000
0.000000000
0.000000000
0.000000000
0.000000000
0.000000000
0.000000000
0.000000000
0.000000000
0.000000000
0.000000000
0.000000000
0.000000000
0.000000000
0.000000000
0.000000000
0.000000000
0.000000000
0.000000000
0.000000000
0.000000000
0.000000000
0.000000000
0.000000000
0.000000000
0.000000000
0.000000000
0.000000000
0.000000000
0.000000000
0.000000000
0.000000000
0.000000000
0.000000000
0.000000000
0.000000000
0.000000000
0.000000000
0.000000000
0.000000000
0.000000000
0.000000000
0.000000000
0.000000000
0.000000000
0.000000000
0.000000000
0.000000000
0.000000000
0.000000000
0.000000000
0.000000000
0.000000000
0.000000000
0.000000000
0.000000000
0.000000000
0.000000000
0.000000000
0.000000000
0.000000000
0.000000000
0.000000000
0.000000000
0.000000000
0.000000000
0.000000000
0.000000000
0.000000000
0.000000000
0.000000000
0.000000000
0.000000000
0.000000000
0.000000000
0.000000000
0.000000000
0.000000000
0.000000000
0.000000000
0.000000000
0.000000000
0.000000000
0.000000000
0.000000000
0.000000000
0.000000000
0.000000000
0.000000000
0.000000000
0.000000000
0.000000000
0.000000000
0.000000000
0.000000000
0.000000000
0.000000000
0.000000000
0.000000000
0.000000000
0.000000000
0.000000000
0.000000000
0.000000000
0.000000000
0.000000000
0.000000000
0.000000000
0.000000000
0.000000000
0.000000000
0.000000000
0.000000000
0.000000000
0.000000000
0.000000000
0.000000000
0.000000000
0.000000000
0.000000000
0.000000000
0.000000000
0.000000000
0.000000000
0.000000000
0.000000000
0.000000000
0.000000000
0.000000000
0.000000000
0.000000000
0.000000000
0.000000000
0.000000000
0.000000000
0.000000000
0.000000000
0.000000000
0.000000000
0.000000000
0.000000000
0.000000000
0.000000000
0.000000000
0.000000000
0.000000000
0.000000000
0.000000000
0.000000000
0.000000000
0.000000000
0.000000000
0.000000000
0.000000000
0.000000000
0.000000000
0.000000000
0.000000000
0.000000000
0.000000000
0.000000000
0.000000000
0.000000000
0.000000000
0.000000000
0.000000000
0.000000000
0.000000000
0.000000000
0.000000000
0.000000000
0.000000000
0.000000000
0.000000000
0.000000000
0.000000000
0.000000000
0.000000000
0.000000000
0.000000000
0.000000000
0.000000000
0.000000000
0.000000000
0.000000000
0.000000000
0.000000000
0.000000000
0.000000000
0.000000000
0.000000000
0.000000000
0.000000000
0.000000000
0.000000000
0.000000000
0.000000000
0.000000000
0.000000000
0.000000000
0.000000000
0.000000000
0.000000000
0.000000000
0.000000000
0.000000000
0.000000000
0.000000000
0.000000000
0.000000000
0.000000000
0.000000000
0.000000000
0.000000000
0.000000000
0.000000000
0.000000000
0.000000000
0.000000000
0.000000000
0.000000000
0.000000000
0.000000000
0.000000000
0.000000000
0.000000000
0.000000000
0.000000000
0.000000000
0.000000000
0.000000000
0.000000000
0.000000000
0.000000000
0.000000000
0.000000000
0.000000000
0.000000000
0.000000000
0.000000000
0.000000000
0.000000000
0.000000000
0.000000000
0.000000000
0.000000000
0.000000000
0.000000000
0.000000000
0.000000000
0.000000000
0.000000000
0.000000000
0.000000000
0.000000000
0.000000000
0.000000000
0.000000000
0.000000000
0.000000000
0.000000000
0.000000000
0.000000000
0.000000000
0.000000000
0.000000000
0.000000000
0.000000000
0.000000000
0.000000000
0.000000000
0.000000000
0.000000000
0.000000000
0.000000000
0.000000000
0.000000000
0.000000000
0.000000000
0.000000000
0.000000000
0.000000000
0.000000000
0.000000000
0.000000000
0.000000000
0.000000000
0.000000000
0.000000000
0.000000000
0.000000000
0.000000000
0.000000000
0.000000000
0.000000000
0.000000000
0.000000000
0.000000000
0.000000000
0.000000000
0.000000000
0.000000000
0.000000000
0.000000000
0.000000000
0.000000000
0.000000000
0.000000000
0.000000000
0.000000000
0.000000000
0.000000000
0.000000000
0.000000000
0.000000000
0.000000000
0.000000000
0.000000000
0.000000000
0.000000000
0.000000000
0.000000000
0.000000000
0.000000000
0.000000000
0.000000000
0.000000000
0.000000000
0.000000000
0.000000000
0.000000000
0.000000000
0.000000000
0.000000000
0.000000000
0.000000000
0.000000000
0.000000000
0.000000000
0.000000000
0.000000000
0.000000000
0.000000000
0.000000000
0.000000000
0.000000000
0.000000000
0.000000000
0.000000000
0.000000000
0.000000000
0.000000000
0.000000000
0.000000000
0.000000000
0.000000000
0.000000000
0.000000000
0.000000000
0.000000000
0.000000000
0.000000000
0.000000000
0.000000000
0.000000000
0.000000000
0.000000000
0.000000000
0.000000000
0.000000000
0.000000000
0.000000000
0.000000000
0.000000000
0.000000000
0.000000000
0.000000000
0.000000000
0.000000000
0.000000000
0.000000000
0.000000000
0.000000000
0.000000000
0.000000000
0.000000000
0.000000000
0.000000000
0.000000000
0.000000000
0.000000000
0.000000000
0.000000000
0.000000000
0.000000000
0.000000000
0.000000000
0.000000000
0.000000000
0.000000000
0.000000000
0.000000000
0.000000000
0.000000000
0.000000000
0.000000000
0.000000000
0.000000000
0.000000000
0.000000000
0.000000000
0.000000000
0.000000000
0.000000000
0.000000000
0.000000000
0.000000000
0.000000000
0.000000000
0.000000000
0.000000000
0.000000000
0.000000000
0.000000000
0.000000000
0.000000000
0.000000000
0.000000000
0.000000000
0.000000000
0.000000000
0.000000000
0.000000000
0.000000000
0.000000000
0.000000000
0.000000000
0.000000000
0.000000000
0.000000000
0.000000000
0.000000000
0.000000000
0.000000000
0.000000000
0.000000000
0.000000000
0.000000000
0.000000000
0.000000000
0.000000000
0.000000000
0.000000000
0.000000000
0.000000000
0.000000000
0.000000000
0.000000000
0.000000000
0.000000000
0.000000000
0.000000000
0.000000000
0.000000000
0.000000000
0.000000000
0.000000000
0.000000000
0.000000000
0.000000000
0.000000000
0.000000000
0.000000000
0.000000000
0.000000000
0.000000000
0.000000000
0.000000000
0.000000000
0.000000000
0.000000000
0.000000000
0.000000000
0.000000000
0.000000000
0.000000000
0.000000000
0.000000000
0.000000000
0.000000000
0.000000000
0.000000000
0.000000000
0.000000000
0.000000000
0.000000000
0.000000000
0.000000000
0.000000000
0.000000000
0.000000000
0.000000000
0.000000000
0.000000000
0.000000000
0.000000000
0.000000000
0.000000000
0.000000000
0.000000000
0.000000000
0.000000000
0.000000000
0.000000000
0.000000000
0.000000000
0.000000000
0.000000000
0.000000000
0.000000000
0.000000000
0.000000000
0.000000000
0.000000000
0.000000000
0.000000000
0.000000000
0.000000000
0.000000000
0.000000000
0.000000000
0.000000000
0.000000000
0.000000000
0.000000000
0.000000000
0.000000000
0.000000000
0.000000000
0.000000000
0.000000000
0.000000000
0.000000000
0.000000000
0.000000000
0.000000000
0.000000000
0.000000000
0.000000000
0.000000000
0.000000000
0.000000000
0.000000000
0.000000000
0.000000000
0.000000000
0.000000000
0.000000000
0.000000000
0.000000000
0.000000000
0.000000000
0.000000000
0.000000000
0.000000000
0.000000000
0.000000000
0.000000000
0.000000000
0.000000000
0.000000000
0.000000000
0.000000000
0.000000000
0.000000000
0.000000000
0.000000000
0.000000000
0.000000000
0.000000000
0.000000000
0.000000000
0.000000000
0.000000000
0.000000000
0.000000000
0.000000000
0.000000000
0.000000000
0.000000000
0.000000000
0.000000000
0.000000000
0.000000000
0.000000000
0.000000000
0.000000000
0.000000000
0.000000000
0.000000000
0.000000000
0.000000000
0.000000000
0.000000000
0.000000000
0.000000000
0.000000000
0.000000000
0.000000000
0.000000000
0.000000000
0.000000000
0.000000000
0.000000000
0.000000000
0.000000000
0.000000000
0.000000000
0.000000000
0.000000000
0.000000000
0.000000000
0.000000000
0.000000000
0.000000000
0.000000000
0.000000000
0.000000000
0.000000000
0.000000000
0.000000000
0.000000000
0.000000000
0.000000000
0.000000000
0.000000000
0.000000000
0.000000000
0.000000000
0.000000000
0.000000000
0.000000000
0.000000000
0.000000000
0.000000000
0.000000000
0.000000000
0.000000000
0.000000000
0.000000000
0.000000000
0.000000000
0.000000000
0.000000000
0.000000000
0.000000000
0.000000000
0.000000000
0.000000000
0.000000000
0.000000000
0.000000000
0.000000000
0.000000000
0.000000000
0.000000000
0.000000000
0.000000000
0.000000000
0.000000000
0.000000000
0.000000000
0.000000000
0.000000000
0.000000000
0.000000000
0.000000000
0.000000000
0.000000000
0.000000000
0.000000000
0.000000000
0.000000000
0.000000000
0.000000000
0.000000000
0.000000000
0.000000000
0.000000000
0.000000000
0.000000000
0.000000000
0.000000000
0.000000000
0.000000000
0.000000000
0.000000000
0.000000000
0.000000000
0.000000000
0.000000000
0.000000000
0.000000000
0.000000000
0.000000000
0.000000000
0.000000000
0.000000000
0.000000000
0.000000000
0.000000000
0.000000000
0.000000000
0.000000000
0.000000000
0.000000000
0.000000000
0.000000000
0.000000000
0.000000000
0.000000000
0.000000000
0.000000000
0.000000000
0.000000000
0.000000000
0.000000000
0.000000000
0.000000000
0.000000000
0.000000000
0.000000000
0.000000000
0.000000000
0.000000000
0.000000000
0.000000000
0.000000000
0.000000000
0.000000000
0.000000000
0.000000000
0.000000000
0.000000000
0.000000000
0.000000000
0.000000000
0.000000000
0.000000000
0.000000000
0.000000000
0.000000000
0.000000000
0.000000000
0.000000000
0.000000000
0.000000000
0.000000000
0.000000000
0.000000000
0.000000000
0.000000000
0.000000000
0.000000000
0.000000000
0.000000000
0.000000000
0.000000000
0.000000000
0.000000000
0.000000000
0.000000000
0.000000000
0.000000000
0.000000000
0.000000000
0.000000000
0.000000000
0.000000000
0.000000000
0.000000000
0.000000000
0.000000000
0.000000000
0.000000000
0.000000000
0.000000000
0.000000000
0.000000000
0.000000000
0.000000000
0.000000000
0.000000000
0.000000000
0.000000000
0.000000000
0.000000000
0.000000000
0.000000000
0.000000000
0.000000000
0.000000000
0.000000000
0.000000000
0.000000000
0.000000000
0.000000000
0.000000000
0.000000000
0.000000000
0.000000000
0.000000000
0.000000000
0.000000000
0.000000000
0.000000000
0.000000000
0.000000000
0.000000000
0.000000000
0.000000000
0.000000000
0.000000000
0.000000000
0.000000000
0.000000000
0.000000000
0.000000000
0.000000000
0.000000000
0.000000000
0.000000000
0.000000000
0.000000000
0.000000000
0.000000000
0.000000000
0.000000000
0.000000000
0.000000000
0.000000000
0.000000000
0.000000000
0.000000000
0.000000000
0.000000000
0.000000000
0.000000000
0.000000000
0.000000000
0.000000000
0.000000000
0.000000000
0.000000000
0.000000000
0.000000000
0.000000000
0.000000000
0.000000000
0.000000000
0.000000000
0.000000000
0.000000000
0.000000000
0.000000000
0.000000000
0.000000000
0.000000000
0.000000000
0.000000000
0.000000000
0.000000000
0.000000000
0.000000000
0.000000000
0.000000000
0.000000000
0.000000000
0.000000000
0.000000000
0.000000000
0.000000000
0.000000000
0.000000000
0.000000000
0.000000000
0.000000000
0.000000000
0.000000000
0.000000000
0.000000000
0.000000000
0.000000000
0.000000000
0.000000000
0.000000000
0.000000000
0.000000000
0.000000000
0.000000000
0.000000000
0.000000000
0.000000000
0.000000000
0.000000000
0.000000000
0.000000000
0.000000000
0.000000000
0.000000000
0.000000000
0.000000000
0.000000000
0.000000000
0.000000000
0.000000000
0.000000000
0.000000000
0.000000000
0.000000000
0.000000000
0.000000000
0.000000000
0.000000000
0.000000000
0.000000000
0.000000000
0.000000000
0.000000000
0.000000000
0.000000000
0.000000000
0.000000000
0.000000000
0.000000000
0.000000000
0.000000000
0.000000000
0.000000000
0.000000000
0.000000000
0.000000000
0.000000000
0.000000000
0.000000000
0.000000000
0.000000000
0.000000000
0.000000000
0.000000000
0.000000000
0.000000000
0.000000000
0.000000000
0.000000000
0.000000000
0.000000000
0.000000000
0.000000000
0.000000000
0.000000000
0.000000000
0.000000000
0.000000000
0.000000000
0.000000000
0.000000000
0.000000000
0.000000000
0.000000000
0.000000000
0.000000000
0.000000000
0.000000000
0.000000000
0.000000000
0.000000000
0.000000000
0.000000000
0.000000000
0.000000000
0.000000000
0.000000000
0.000000000
0.000000000
0.000000000
0.000000000
0.000000000
0.000000000
0.000000000
0.000000000
