0 1 2
1 0 3
1 4 2
5 6 7
3 8 1
2 9 10
0 11 3
12 13 14
5 9 6
5 15 16
14 17 18
4 1 19
19 1 8
6 20 7
4 21 2
21 9 2
14 18 22
14 23 12
14 22 23
17 14 13
17 13 24
17 24 25
17 26 18
17 25 26
7 27 5
3 28 8
0 10 11
29 30 31
12 32 33
12 33 13
15 5 27
32 12 34
33 35 13
23 34 12
21 4 29
19 8 36
24 13 35
24 35 37
6 9 21
38 4 19
38 29 4
20 39 7
16 11 10
10 9 16
21 29 31
21 31 40
16 41 42
16 42 11
10 0 2
18 26 43
16 9 5
21 40 6
22 18 43
3 44 45
15 41 16
39 27 7
46 47 30
15 27 48
11 44 3
47 49 31
47 31 30
30 29 38
30 38 50
40 20 6
28 3 45
26 51 43
8 28 52
31 49 40
53 30 50
42 44 11
44 42 54
44 55 45
56 41 15
56 15 57
42 41 58
59 38 19
59 19 36
53 46 30
53 50 60
46 61 47
37 62 24
38 63 50
20 64 39
64 65 66
64 66 27
27 39 64
40 64 20
40 65 64
41 56 58
50 63 67
54 55 44
68 33 69
68 35 33
68 69 70
15 48 71
46 53 60
52 28 72
52 72 34
28 45 72
43 73 22
25 24 62
74 49 47
74 75 76
22 77 23
22 73 77
78 32 34
78 34 79
69 33 32
37 35 68
37 80 62
46 81 61
65 40 49
65 49 76
34 72 79
49 74 76
63 38 59
74 47 82
66 48 27
83 72 45
59 36 73
48 66 84
52 77 36
52 36 8
82 47 61
76 85 65
77 52 34
77 34 23
45 55 86
57 87 56
57 15 71
77 73 36
72 88 79
54 42 58
54 58 89
85 66 65
90 61 91
90 91 92
61 93 82
61 90 93
73 43 51
60 50 67
76 94 85
51 26 95
26 25 95
96 97 98
99 96 98
100 101 99
100 102 101
101 96 99
88 72 83
46 60 81
57 71 103
57 103 104
104 87 57
95 25 62
95 62 105
51 106 73
85 84 66
84 85 107
84 107 108
55 54 89
109 110 111
96 109 111
109 96 101
109 101 112
70 69 113
84 114 48
75 74 82
69 32 78
69 78 115
89 58 116
89 117 55
83 45 86
91 61 81
102 118 101
86 55 119
119 117 120
121 75 82
119 122 123
119 120 122
93 121 82
97 96 124
106 59 73
55 117 119
62 80 105
125 63 59
87 104 126
111 124 96
111 110 127
110 109 112
94 128 85
112 101 118
112 129 110
81 130 91
71 48 114
88 131 132
83 86 123
83 123 133
83 133 134
80 37 135
80 135 136
102 100 137
125 59 106
88 83 131
83 134 131
63 138 67
117 139 140
123 86 119
68 135 37
135 68 70
108 114 84
75 121 94
75 94 76
133 123 122
128 94 141
128 107 85
137 100 142
143 78 79
132 79 88
79 132 144
79 144 143
124 111 127
120 145 122
112 118 146
118 102 147
113 69 115
125 106 148
93 90 149
116 117 89
104 103 150
120 117 140
128 141 151
128 152 107
58 56 153
127 110 154
98 97 155
149 90 92
108 107 156
108 156 157
158 159 133
122 158 133
60 160 81
99 142 100
122 145 158
51 95 161
139 117 116
160 60 67
160 138 162
134 133 159
160 130 81
148 106 51
148 163 125
164 121 93
164 93 165
164 166 141
94 121 164
94 164 141
157 156 167
148 51 161
168 160 169
116 58 153
130 160 168
80 170 105
171 155 97
87 172 56
173 130 168
173 91 130
154 129 174
143 115 78
145 120 140
145 140 175
129 154 110
98 176 99
176 155 177
176 98 155
141 166 151
149 165 93
166 164 165
129 112 146
91 173 92
146 118 147
146 178 129
138 63 125
138 125 163
138 163 179
144 132 180
144 181 143
182 71 114
182 114 108
131 134 183
131 183 132
184 135 70
184 70 185
153 56 172
172 87 126
186 137 187
186 147 102
187 168 169
187 137 168
92 188 189
136 135 190
191 97 124
134 159 192
127 154 193
145 175 194
168 137 195
165 149 196
169 160 162
156 107 152
165 197 166
192 159 198
159 158 199
142 99 176
138 160 67
132 183 180
147 186 200
180 181 144
201 166 197
142 195 137
137 186 102
148 161 202
148 202 203
148 204 163
151 166 201
195 173 168
152 128 151
173 205 92
187 200 186
187 169 206
190 135 184
149 92 189
183 207 180
205 173 195
195 208 205
194 158 145
209 105 170
161 95 105
161 105 209
161 209 202
142 176 210
174 211 154
165 196 212
165 212 213
204 179 163
197 165 213
158 194 199
208 195 210
124 127 193
214 155 171
214 177 155
214 215 177
139 116 153
139 216 140
157 182 108
196 149 189
196 189 217
162 138 179
129 178 174
157 167 218
205 219 188
188 92 205
188 219 220
188 220 221
126 104 150
103 71 182
103 182 222
206 200 187
206 169 162
206 223 200
197 224 201
154 211 225
193 154 225
193 226 124
201 227 151
183 134 192
183 192 207
140 216 228
192 229 207
146 147 200
153 216 139
203 204 148
210 195 142
210 230 208
115 143 231
192 198 229
162 232 206
199 198 159
171 97 191
171 191 233
126 234 172
126 235 234
184 236 190
185 113 237
113 115 237
113 185 70
178 146 223
175 140 228
175 238 194
175 228 239
235 126 150
235 150 240
151 227 241
151 242 152
223 146 200
189 188 221
243 170 136
243 136 244
179 232 162
218 167 245
218 182 157
213 246 197
182 218 247
223 206 232
223 232 248
172 249 153
174 178 250
191 124 251
224 227 201
226 251 124
136 170 80
244 136 190
244 190 236
237 115 231
249 216 153
249 172 234
249 252 216
249 253 252
150 103 222
198 199 254
224 197 246
235 255 234
179 204 256
220 219 257
219 205 208
225 211 258
152 259 167
203 202 260
167 156 152
212 196 217
261 213 212
261 262 213
232 179 256
242 151 241
242 241 263
202 209 260
222 182 247
152 242 259
193 225 226
264 203 260
264 256 203
264 260 265
256 204 203
217 189 221
252 228 216
178 223 248
178 248 250
266 191 251
231 143 181
233 191 266
233 214 171
185 267 184
267 185 268
211 174 269
211 269 270
236 184 267
244 236 271
238 175 239
238 239 272
232 256 273
210 176 177
241 227 263
239 228 274
239 274 275
239 275 272
194 276 199
260 209 170
260 170 265
253 234 255
228 252 277
252 253 277
242 263 278
259 242 278
221 220 279
280 212 217
280 261 212
255 235 281
234 253 249
208 230 282
240 150 222
243 244 271
243 283 170
226 284 251
226 225 258
231 181 285
286 181 180
207 286 180
269 174 250
229 198 254
229 254 287
238 288 276
277 274 228
257 219 282
282 219 208
261 280 289
227 224 290
227 290 291
292 293 294
217 295 280
272 275 296
227 291 263
276 194 238
276 254 199
297 235 240
297 281 235
218 245 298
218 298 299
218 299 247
294 293 300
294 301 292
294 300 302
303 293 292
277 253 304
292 301 305
279 220 257
246 213 262
246 262 306
307 240 222
307 308 240
256 264 309
224 246 290
294 302 310
293 274 300
270 269 311
270 258 211
214 233 312
285 181 286
215 210 177
250 311 269
286 207 313
267 268 314
250 248 315
207 316 317
266 251 284
316 207 229
316 229 287
316 287 318
236 267 319
236 319 271
233 266 320
233 320 321
287 254 322
289 262 261
289 323 262
217 221 324
217 324 295
257 282 325
247 299 326
210 215 327
301 294 310
255 328 304
282 230 325
304 253 255
238 272 288
245 167 259
245 259 329
274 277 300
303 292 305
303 305 330
324 221 279
324 279 295
306 262 331
257 325 332
255 281 333
334 275 293
334 293 303
296 275 334
293 275 274
263 291 335
222 247 326
295 289 280
336 277 304
336 304 337
273 248 232
273 256 309
334 303 330
300 277 336
240 308 338
259 278 339
237 231 285
284 226 258
215 214 312
284 320 266
340 284 258
340 341 284
265 170 283
268 185 237
271 319 342
243 271 342
283 243 342
283 342 343
319 267 314
306 331 344
296 334 345
296 346 272
290 246 347
331 262 323
329 259 339
289 295 348
289 348 349
346 296 345
346 288 272
302 336 337
302 300 336
279 257 332
347 246 306
298 245 329
298 329 350
276 351 254
295 279 352
327 230 210
328 337 304
307 222 326
307 353 308
305 354 355
301 354 305
320 284 341
314 268 356
314 356 357
258 270 358
268 237 356
265 309 264
265 283 343
309 265 359
309 360 273
340 258 358
361 281 297
315 248 273
315 273 362
313 317 363
317 316 318
317 313 207
312 233 321
318 322 364
322 318 287
322 254 351
330 305 355
278 263 335
279 332 352
288 351 276
288 365 351
333 366 367
337 328 368
348 295 352
289 349 369
290 347 370
371 319 314
345 334 330
370 306 344
370 347 306
370 344 372
332 373 352
326 353 307
374 301 310
374 310 375
302 376 310
302 377 376
288 346 365
215 312 378
285 356 237
285 379 356
286 379 285
379 286 380
311 358 270
250 315 311
327 215 378
361 297 381
328 255 333
286 313 382
360 309 383
381 240 338
381 297 240
362 273 360
343 359 265
317 318 384
302 337 377
314 357 371
325 230 385
335 291 386
335 386 387
298 350 388
337 389 377
370 372 390
344 331 391
392 278 335
349 348 393
392 335 387
339 278 392
354 301 374
354 394 355
299 298 388
351 395 396
320 397 321
361 381 398
312 321 399
311 315 400
328 333 367
343 342 401
402 340 358
383 309 359
384 318 364
364 322 396
322 351 396
369 349 393
371 357 403
323 289 369
319 371 404
319 404 342
350 329 339
350 339 392
350 392 405
375 310 376
386 291 290
326 406 353
290 390 386
332 325 407
407 325 385
348 352 408
390 290 370
331 323 409
356 379 410
387 405 392
397 320 341
399 321 397
399 411 312
340 402 341
361 333 281
365 346 412
402 413 414
346 345 415
378 312 411
389 337 368
401 342 404
401 404 416
343 401 359
366 333 361
362 400 315
362 417 400
330 355 394
363 317 384
327 385 230
354 374 418
418 374 375
418 419 354
328 367 368
363 384 420
409 323 369
409 369 421
357 356 410
406 326 299
406 299 388
406 388 422
372 391 423
401 416 424
390 425 426
393 348 408
388 350 427
404 371 403
404 403 428
391 331 409
403 357 410
405 429 430
431 387 386
431 429 387
410 379 380
410 380 432
391 372 344
387 429 405
417 362 433
360 433 362
381 338 434
414 341 402
415 412 346
345 330 415
380 286 382
395 351 365
358 311 435
400 435 311
313 363 436
412 415 437
412 395 365
402 358 413
394 354 419
394 438 330
396 395 439
418 375 440
382 313 436
308 353 441
424 359 401
383 359 424
383 424 442
427 443 388
427 350 405
444 352 373
444 408 352
431 386 390
431 390 426
413 358 435
413 435 445
390 372 425
366 361 398
366 398 446
431 447 429
409 421 448
416 404 428
449 391 409
422 353 406
422 388 450
423 391 449
421 369 393
421 451 452
430 427 405
429 447 453
364 396 454
338 308 441
338 441 455
398 381 434
368 456 389
396 439 454
380 382 457
377 389 458
397 341 414
417 435 400
367 459 460
399 397 461
415 330 438
415 438 462
437 415 462
440 463 419
440 464 463
465 440 375
465 464 440
376 377 466
376 465 375
376 466 465
411 399 467
411 467 468
466 377 458
385 327 378
469 332 407
444 470 408
427 430 471
427 471 443
414 413 472
393 408 473
423 425 372
373 332 469
444 373 474
447 475 453
448 449 409
408 470 473
366 446 459
425 423 476
451 421 393
403 410 432
403 477 428
473 451 393
473 478 451
439 395 479
433 360 480
468 378 411
367 366 459
419 418 440
360 442 480
384 364 454
385 378 468
407 385 468
407 468 481
436 363 420
436 420 482
469 407 481
438 394 419
438 419 483
434 338 455
484 389 456
484 458 389
484 485 458
478 473 486
445 435 487
417 487 435
448 421 452
426 488 447
449 476 423
433 489 417
447 431 426
414 461 397
474 490 444
453 475 491
453 491 492
430 429 453
452 451 478
470 444 490
480 493 433
468 467 494
447 488 475
466 458 485
466 464 465
466 485 495
495 464 466
495 496 464
474 373 469
446 398 497
380 457 498
454 499 384
382 436 457
424 416 500
368 367 460
442 501 480
472 413 445
472 461 414
471 430 502
467 399 461
487 417 489
426 425 476
426 503 488
453 502 430
485 484 504
477 403 432
493 480 501
485 505 506
445 507 472
483 419 463
462 438 483
449 448 508
509 503 476
510 432 380
510 380 498
456 504 484
455 441 511
383 442 360
442 424 500
441 353 512
512 422 450
512 511 441
460 459 513
460 456 368
422 512 353
457 436 482
457 482 514
412 479 395
462 515 437
420 384 499
499 516 420
477 517 428
518 519 443
489 433 493
503 520 488
503 426 476
503 521 520
509 476 522
478 486 523
524 502 453
501 525 493
450 388 443
490 526 470
483 463 527
495 485 506
452 478 523
486 473 470
486 470 528
481 468 494
461 472 529
445 487 507
527 463 464
508 448 452
522 476 449
522 449 508
467 461 529
496 527 464
494 467 530
497 398 434
531 509 532
494 533 481
443 471 518
412 437 515
412 515 479
515 462 534
462 483 534
502 518 471
492 524 453
535 454 439
469 536 474
469 537 536
510 477 432
510 538 477
500 428 517
500 416 428
504 456 460
536 490 474
511 434 455
493 525 489
507 487 489
507 529 472
507 489 539
507 539 529
530 467 529
540 450 443
501 442 500
501 500 541
532 509 522
540 443 519
475 488 520
475 520 542
543 481 533
543 469 481
533 494 530
505 485 504
502 524 544
502 544 518
483 527 545
539 489 525
521 503 509
521 531 546
491 475 547
470 548 528
501 549 525
506 505 550
515 534 551
486 528 523
511 512 552
504 460 553
554 517 477
460 513 555
535 439 479
554 477 538
554 538 556
532 522 557
446 497 558
551 479 515
497 434 559
547 475 542
534 483 545
450 540 560
450 552 512
530 529 539
544 561 518
505 504 553
505 553 562
531 521 509
531 563 546
496 545 527
506 496 495
506 564 496
550 564 506
539 525 565
530 539 565
492 491 566
545 567 534
520 521 568
534 567 569
499 454 535
499 535 570
553 460 555
434 571 559
543 537 469
457 514 498
538 510 572
542 520 573
562 553 574
562 575 550
551 534 569
558 497 576
544 524 577
567 564 569
567 545 564
526 490 578
578 490 536
520 568 573
579 532 557
548 470 526
548 526 580
550 505 562
564 545 496
531 532 579
565 525 549
565 533 530
528 548 581
548 580 581
546 568 521
546 563 582
546 582 583
508 452 584
568 546 583
533 565 585
519 518 586
587 531 579
587 588 563
524 492 566
524 566 589
524 589 577
547 590 491
566 491 590
540 519 560
569 564 591
564 550 575
575 591 564
555 592 553
513 459 446
513 446 558
517 541 500
535 479 593
552 434 511
552 571 434
572 510 594
572 556 538
595 555 513
595 592 555
498 594 510
482 420 596
420 516 596
516 499 597
522 508 598
522 598 599
584 452 523
580 526 578
561 544 577
561 586 518
585 565 549
585 549 600
542 601 547
523 528 581
563 531 587
593 479 551
593 570 535
592 574 553
559 571 602
559 602 603
559 603 576
560 552 450
552 560 604
536 537 605
598 508 584
606 607 608
608 609 606
562 574 610
562 610 575
541 549 501
571 611 602
570 597 499
592 595 612
613 543 533
541 517 614
594 498 615
577 589 616
557 599 617
590 618 619
566 590 619
601 542 573
606 620 607
621 608 607
622 608 621
623 624 606
618 547 601
618 590 547
623 606 609
581 580 625
560 519 626
599 557 522
576 497 559
591 575 627
591 627 569
628 557 617
628 587 579
607 620 629
579 557 628
575 610 627
624 620 606
609 622 630
609 630 631
622 609 608
630 622 632
624 623 633
586 561 634
586 634 635
580 578 636
595 558 576
595 576 637
554 556 638
558 595 513
537 543 639
593 551 640
570 593 641
613 639 543
605 578 536
604 571 552
514 482 596
614 517 554
614 554 638
597 596 516
597 570 641
600 549 541
600 541 642
573 568 643
597 644 645
611 571 604
644 597 641
583 646 568
640 647 641
569 640 551
626 519 586
626 604 560
610 648 649
621 607 650
621 650 651
621 651 622
589 566 619
589 652 616
631 623 609
653 622 651
596 654 514
619 652 589
561 577 655
623 631 656
620 624 657
629 650 607
629 658 650
646 643 568
641 593 640
624 633 659
640 627 660
640 660 661
581 584 523
645 596 597
585 613 533
638 662 614
605 636 578
636 663 664
574 648 610
592 665 574
666 541 614
638 556 667
666 642 541
580 668 625
629 620 669
635 626 586
627 640 569
627 670 660
601 573 643
601 671 618
617 599 672
656 633 623
656 673 633
626 674 604
628 675 587
654 596 676
627 610 670
647 640 661
645 676 596
659 633 677
632 622 653
632 678 630
584 581 679
584 679 672
673 677 633
619 618 680
638 667 681
605 537 682
682 663 605
615 498 514
615 514 683
665 648 574
639 613 684
639 682 537
682 639 685
572 667 556
662 638 681
614 662 686
669 620 657
668 580 687
668 677 625
617 675 628
657 624 659
657 659 688
657 688 689
655 577 616
655 634 561
650 658 690
582 563 588
582 588 691
625 677 692
671 601 643
651 693 653
582 691 694
675 588 587
679 581 625
634 655 695
680 618 671
646 583 694
644 641 647
646 696 643
635 697 698
651 650 690
687 580 636
659 677 668
668 688 659
672 599 598
699 645 644
653 700 632
674 611 604
626 635 674
672 598 584
649 701 670
619 680 702
617 672 703
656 631 704
656 704 705
585 684 613
585 600 706
684 585 706
663 636 605
667 572 615
685 639 684
612 595 637
637 707 612
637 576 708
666 614 686
666 686 709
583 582 694
687 636 710
658 629 669
677 673 692
646 694 711
697 635 634
675 617 703
652 619 702
712 645 699
631 678 704
631 630 678
688 668 687
514 654 683
679 625 692
679 713 672
661 660 714
661 715 647
603 708 576
689 669 657
699 644 716
616 652 717
616 718 655
690 693 651
658 719 690
645 712 676
702 680 720
663 682 685
663 685 721
663 721 664
708 707 637
594 615 572
665 592 612
722 602 611
722 603 602
666 723 642
723 666 709
693 700 653
684 706 724
725 654 676
660 670 714
716 644 647
716 647 715
688 687 726
691 727 694
703 713 728
716 715 729
716 730 699
695 655 718
711 696 646
731 669 689
731 658 669
731 732 658
689 688 726
689 726 731
670 610 649
670 701 714
697 634 695
671 643 696
671 696 733
719 734 690
678 632 735
678 736 704
692 673 737
673 656 705
715 661 714
674 635 698
725 683 654
738 636 664
649 648 739
649 739 740
649 740 701
671 720 680
720 671 741
615 683 742
739 648 665
721 743 664
721 744 745
665 612 746
693 690 734
706 600 642
685 684 724
713 703 672
696 711 747
725 676 748
749 679 692
713 679 749
710 636 738
703 750 675
714 751 715
717 652 702
737 673 705
737 749 692
731 726 732
701 752 714
753 683 725
712 699 730
712 748 676
748 712 730
749 737 754
725 748 755
751 729 715
726 710 756
750 757 675
730 716 729
664 743 738
705 704 758
738 743 759
738 756 710
708 603 760
632 700 761
707 746 612
742 667 615
681 667 762
744 721 685
642 723 706
674 698 763
733 741 671
758 704 736
737 705 754
710 726 687
719 658 764
764 658 732
718 765 695
698 697 766
698 766 767
714 752 768
702 720 769
702 769 717
750 703 728
751 714 768
754 705 758
754 758 770
729 771 730
755 753 725
743 721 745
742 683 753
739 665 746
765 697 695
718 772 765
717 718 616
717 769 772
717 772 718
700 693 773
681 762 774
708 760 775
761 700 773
761 773 776
724 777 778
746 779 739
735 632 761
735 736 678
724 744 685
588 675 757
691 757 780
662 781 686
781 662 782
709 686 781
727 691 780
722 611 783
722 760 603
711 694 727
734 773 693
713 749 754
756 738 759
697 765 766
732 726 756
752 701 740
729 751 784
729 784 771
785 753 755
748 730 771
784 751 768
719 764 786
754 770 787
755 748 788
740 739 789
740 789 752
728 713 787
768 752 790
763 698 791
763 792 793
763 783 674
763 793 783
741 794 769
750 728 795
796 733 696
696 747 796
760 722 797
773 734 798
773 798 799
723 777 706
707 779 746
777 724 706
777 723 800
777 800 801
707 708 775
707 775 802
762 667 742
783 797 722
674 783 611
709 800 723
709 781 800
744 724 778
803 756 759
803 732 756
787 713 754
787 804 728
769 720 741
752 789 790
764 732 803
788 748 805
771 805 748
741 733 806
734 719 786
757 691 588
798 734 807
739 779 789
681 808 662
707 802 779
736 735 809
757 810 780
776 773 799
758 736 811
711 812 813
711 813 747
800 781 814
782 662 808
784 768 815
784 815 816
755 788 817
818 819 820
794 741 806
794 806 821
791 698 767
753 785 822
804 787 823
771 824 825
786 807 734
826 744 778
826 778 827
826 827 828
796 747 813
742 753 829
818 745 744
818 744 826
826 828 819
775 760 797
808 681 774
727 780 812
727 812 711
735 761 776
762 742 829
792 763 791
795 757 750
819 818 826
789 779 830
759 831 803
771 784 824
772 832 765
772 833 832
820 745 818
820 743 745
743 834 759
743 820 834
765 832 766
772 769 835
806 733 796
806 796 836
810 757 795
805 771 825
790 789 830
790 830 837
838 791 767
827 778 839
788 805 840
829 753 822
829 822 841
797 842 843
775 797 844
809 811 736
839 777 801
839 778 777
770 758 811
770 811 845
780 810 846
776 809 735
797 783 842
842 783 793
813 847 796
790 837 815
814 801 800
817 785 755
833 772 835
815 768 790
759 834 831
840 805 825
840 817 788
848 764 803
824 784 816
830 779 849
779 850 849
820 819 851
836 796 847
794 821 852
795 853 854
848 803 831
811 809 855
802 850 779
812 780 846
812 846 856
811 857 845
791 838 858
791 858 792
802 775 844
786 764 848
807 786 859
774 762 829
813 812 860
776 861 862
776 862 809
782 808 863
823 787 770
823 770 845
842 864 865
842 865 843
782 814 781
853 795 728
815 837 866
814 782 867
830 868 837
837 868 869
834 870 871
819 872 851
801 873 839
834 820 874
836 875 806
873 827 839
819 828 872
835 769 794
835 794 852
835 852 876
827 877 828
832 878 766
874 820 851
824 816 879
855 857 811
844 880 802
808 774 881
822 785 882
822 882 883
822 883 841
844 797 843
857 855 884
857 884 885
863 808 881
882 785 886
798 807 859
798 859 887
798 861 799
829 888 774
888 829 841
861 776 799
767 766 878
810 795 854
728 804 853
804 889 853
814 890 801
875 836 891
821 806 875
821 875 892
821 892 893
821 893 852
823 894 804
832 833 895
827 873 877
866 837 869
866 869 896
866 897 815
817 886 785
817 840 886
872 898 851
898 874 851
816 815 899
867 900 890
874 898 901
892 875 902
874 870 834
870 874 903
815 897 899
845 857 885
823 845 894
854 904 810
871 831 834
878 832 905
842 793 864
880 850 802
793 792 906
859 786 848
861 798 887
813 860 907
813 907 847
838 878 908
875 891 902
871 909 831
841 883 910
841 910 888
882 886 911
854 889 912
868 830 849
898 872 913
898 913 914
901 898 914
876 833 835
876 852 915
846 810 904
862 861 916
917 774 888
917 881 774
917 888 910
903 874 901
903 901 918
828 877 919
855 809 862
855 862 920
890 814 867
890 873 801
870 903 918
869 868 921
884 855 920
852 922 915
872 828 919
886 840 923
905 832 895
885 884 924
868 849 925
894 845 885
889 804 894
889 854 853
889 926 912
891 836 847
860 927 907
860 812 856
880 844 843
848 831 909
864 793 906
859 909 887
906 792 858
878 838 767
880 928 850
913 872 929
843 865 930
843 930 880
884 920 924
895 833 915
825 824 879
825 879 931
885 924 932
901 914 933
876 915 833
897 896 934
897 934 899
896 869 921
896 897 866
867 935 900
849 850 928
878 905 936
890 937 873
935 867 782
935 782 938
919 877 939
920 940 924
920 941 940
871 870 942
930 865 943
921 868 925
873 937 944
916 920 862
945 904 854
856 846 904
925 849 946
883 882 911
883 911 947
883 947 910
894 926 889
927 948 949
864 943 865
909 859 848
860 948 927
864 906 950
863 881 951
863 938 782
907 952 847
858 953 954
840 825 931
894 885 955
893 892 956
893 957 958
891 847 952
929 872 919
929 919 959
896 921 960
943 864 950
943 950 961
922 852 893
922 962 915
892 963 956
921 925 964
921 964 960
816 965 966
910 947 967
856 904 968
856 968 969
912 945 854
915 970 895
939 877 873
939 873 944
946 849 928
910 971 917
856 948 860
914 972 933
922 958 973
972 974 933
933 918 901
926 894 955
956 957 893
955 885 932
905 895 936
918 942 870
895 975 936
958 922 893
917 951 881
939 976 959
970 915 962
970 977 978
970 962 977
924 979 932
949 980 927
935 938 981
942 909 871
953 858 838
977 973 982
913 929 983
913 983 984
973 962 922
973 977 962
932 985 955
957 986 958
973 958 987
925 946 964
916 887 988
959 919 939
959 976 989
970 975 895
965 816 899
941 916 988
941 920 916
924 940 990
979 924 990
991 941 992
923 840 931
923 993 886
918 933 974
918 974 994
926 955 985
904 945 995
904 995 968
902 963 892
944 937 996
879 816 966
879 966 997
912 926 998
929 959 999
1000 902 891
1000 1001 902
1000 1002 1001
976 939 944
976 944 989
986 957 1003
993 923 931
993 911 886
928 880 930
949 948 1004
949 1004 980
951 917 971
951 971 1005
946 928 1006
932 979 985
971 1007 1005
943 961 1008
971 910 967
971 967 1007
908 878 936
907 927 1009
1009 927 980
1009 980 1010
1009 1011 907
1009 1010 1011
961 950 1012
952 907 1013
938 1014 981
858 950 906
900 935 1015
1015 935 981
1016 890 900
1016 937 890
887 916 861
1016 996 937
938 863 951
938 951 1014
991 940 941
991 1017 940
991 1018 1019
982 978 977
984 914 913
984 972 914
988 992 941
988 887 1020
988 1020 1021
934 896 1022
934 965 899
987 982 973
987 1023 982
978 1024 1025
912 1026 945
918 994 1027
918 1027 942
952 1000 891
896 960 1028
896 1028 1022
990 940 1017
960 964 1029
960 1029 1028
975 970 978
967 1030 1007
987 958 1031
987 1031 1023
1032 947 911
1033 956 963
1033 957 956
1033 1003 957
1033 1034 1003
963 902 1001
984 983 1035
1018 1036 1019
1018 1037 1038
1017 991 1019
1006 928 930
1006 1039 946
1036 1038 1040
995 945 1026
999 959 989
999 983 929
989 944 996
989 996 1041
1036 1018 1038
1042 936 975
1036 1043 1019
969 948 856
969 1004 948
926 985 998
967 947 1030
992 1018 991
972 984 1044
992 988 1045
1037 1018 992
1020 942 1027
1020 909 942
900 1046 1016
953 838 908
1020 887 909
981 1014 1047
964 1039 1048
1044 984 1035
1049 978 1025
1049 975 978
1046 996 1016
1037 992 1045
1019 1043 1050
1038 1051 1052
993 1032 911
1017 1019 1053
1003 1054 986
1055 1040 1038
968 995 1056
965 934 1022
965 1022 1057
965 1057 966
990 1017 1053
931 879 997
1031 958 986
1031 986 1054
998 1058 912
1030 947 1059
1014 951 1005
1043 1036 1040
1043 1040 1060
1045 988 1021
1045 1061 1037
908 936 1042
997 1062 931
966 1057 1063
1025 1064 1049
1039 964 946
1039 1006 1008
1019 1050 1053
1032 1059 947
1032 993 1065
1032 1065 1066
1024 978 982
1051 1037 1067
1051 1038 1037
982 1023 1024
1006 943 1008
1006 930 943
1056 995 1068
1055 1038 1052
1069 1070 1020
1022 1028 1057
1021 1020 1071
1001 1002 1034
1067 1037 1061
1062 993 931
1062 1065 993
964 1048 1029
1054 1072 1073
974 972 1044
974 1074 994
950 858 954
1075 953 908
990 1076 979
1034 1033 963
1034 963 1001
1034 1002 1077
996 1046 1078
1000 952 1013
1066 1059 1032
1050 1043 1079
1060 1055 1080
1052 1081 1055
1056 1082 1083
968 1056 1084
968 1084 969
1055 1085 1080
1020 1027 1069
1055 1060 1040
1020 1070 1071
969 1084 1004
975 1049 1086
1003 1034 1087
1067 1061 1088
1067 1088 1089
1054 1003 1090
1013 907 1011
1061 1045 1088
1023 1031 1091
1063 997 966
1052 1051 1092
1091 1031 1073
1091 1073 1093
1091 1093 1094
998 985 1095
1057 1028 1096
1057 1096 1097
1028 1029 1048
1042 1086 1098
1060 1079 1043
1042 975 1086
1005 1007 1099
1002 1000 1100
1079 1101 1050
1079 1060 1102
1058 1026 912
1044 1074 974
1049 1064 1103
1010 980 1104
961 1105 1008
1015 1046 900
1015 1106 1046
1015 981 1107
954 1108 1109
1012 1105 961
1012 1110 1105
1012 950 954
953 1075 1111
980 1004 1104
994 1074 1112
1041 996 1078
1041 1078 1113
1062 1063 1114
1062 1114 1115
1048 1039 1116
1005 1099 1117
1050 1101 1118
1053 1050 1118
1053 1076 990
1008 1105 1119
1008 1116 1039
1073 1031 1054
1068 995 1026
1024 1023 1094
1044 1035 1120
1025 1024 1121
1060 1080 1122
1047 1014 1005
1047 1005 1117
1084 1056 1083
1101 1079 1102
1087 1034 1077
985 979 1076
1090 1003 1087
1045 1021 1088
1063 1062 997
1000 1013 1123
1052 1092 1081
1058 1095 1124
1086 1049 1103
1063 1057 1097
1030 1059 1125
1099 1007 1030
1099 1030 1125
1060 1122 1102
1082 1056 1068
1070 1069 1126
1070 1126 1127
1107 981 1047
1076 1095 985
1074 1044 1128
1106 1015 1107
1108 954 953
999 989 1041
1075 908 1042
1084 1129 1130
1004 1084 1130
1128 1044 1120
1083 1129 1084
1076 1053 1131
1076 1131 1132
1133 1059 1066
994 1112 1134
994 1069 1027
994 1134 1069
1095 1058 998
1085 1055 1081
1058 1124 1135
1094 1023 1091
1051 1067 1136
1051 1136 1092
1112 1074 1137
1125 1059 1133
1128 1137 1074
1047 1138 1139
1135 1026 1058
1065 1062 1115
1026 1135 1140
1070 1141 1071
1115 1142 1065
1141 1070 1143
1096 1028 1048
1088 1021 1071
1088 1071 1141
1137 1144 1112
1137 1145 1144
1121 1064 1025
1048 1116 1146
1094 1093 1147
1131 1053 1118
1081 1148 1085
1089 1136 1067
1012 1149 1110
1109 1108 1150
1012 954 1109
1012 1150 1149
1108 953 1111
1108 1111 1151
1078 1046 1106
1075 1042 1098
1098 1086 1152
1153 1133 1066
1118 1101 1102
1066 1065 1142
1105 1110 1119
1154 1077 1155
1110 1149 1156
1126 1069 1134
1134 1157 1126
1137 1128 1158
1137 1158 1159
1145 1137 1159
1158 1128 1120
1158 1120 1160
1072 1054 1090
1080 1085 1161
1127 1126 1162
1127 1143 1070
1100 1000 1123
1100 1123 1163
1133 1153 1164
1078 1106 1165
1114 1063 1097
1130 1104 1004
1166 1120 1035
1120 1166 1160
1035 1167 1166
1121 1024 1094
1121 1094 1147
1142 1153 1066
1097 1096 1168
1134 1112 1144
983 1167 1035
1154 1087 1077
1124 1095 1169
1089 1088 1170
1089 1170 1171
1089 1171 1136
1170 1088 1141
1099 1125 1172
1081 1092 1173
1081 1173 1148
1162 1174 1127
1162 1175 1174
1162 1126 1176
1107 1047 1139
1073 1072 1177
1116 1008 1119
1123 1013 1011
1041 1178 999
1041 1113 1179
1178 1041 1179
983 999 1178
1111 1075 1180
1180 1075 1098
1152 1086 1103
1103 1064 1181
1143 1127 1174
1174 1175 1182
1183 1184 1185
1186 1183 1187
1106 1107 1188
1106 1188 1165
1186 1187 1189
1172 1125 1133
1184 1183 1072
1190 1114 1097
1184 1191 1185
1092 1136 1192
1122 1080 1193
1193 1080 1161
1193 1161 1194
1110 1195 1119
1185 1187 1183
1099 1172 1196
1099 1196 1117
1160 1197 1198
1160 1198 1199
1108 1151 1200
1164 1153 1201
1096 1048 1146
1146 1168 1096
1146 1202 1168
1145 1203 1144
1150 1012 1109
1153 1142 1204
1170 1141 1143
1170 1143 1205
1170 1205 1171
1187 1206 1207
1068 1026 1208
1129 1083 1082
1129 1082 1209
1157 1134 1144
1157 1176 1126
1176 1175 1162
1146 1210 1211
1212 1191 1184
1116 1119 1210
1116 1210 1146
1147 1093 1213
1192 1136 1214
1191 1212 1215
1204 1142 1216
1216 1142 1115
1090 1087 1217
1158 1160 1199
1210 1119 1218
1115 1114 1190
1150 1108 1200
1150 1200 1219
1220 1145 1159
1220 1159 1221
1183 1186 1177
1177 1072 1183
1085 1148 1222
1206 1187 1185
1179 1223 1178
1113 1078 1165
1178 1167 983
1167 1178 1224
1130 1225 1010
1165 1188 1226
1165 1226 1113
1104 1130 1010
1118 1102 1227
1010 1228 1011
1076 1132 1169
1163 1123 1228
1163 1229 1100
1100 1077 1002
1077 1100 1155
1189 1187 1230
1121 1147 1231
1136 1171 1214
1190 1097 1168
1190 1216 1115
1172 1232 1233
1196 1172 1233
1174 1234 1205
1072 1212 1184
1139 1138 1235
1156 1149 1236
1205 1143 1174
1149 1150 1219
1164 1172 1133
1164 1232 1172
1218 1119 1195
1138 1237 1235
1182 1238 1174
1177 1093 1073
1186 1189 1239
1186 1240 1177
1173 1092 1192
1211 1241 1242
1238 1234 1174
1201 1153 1243
1201 1243 1244
1201 1245 1246
1201 1246 1247
1168 1216 1190
1168 1202 1216
1211 1202 1146
1197 1160 1166
1197 1166 1248
1171 1234 1214
1207 1230 1187
1156 1195 1110
1243 1153 1204
1093 1177 1240
1203 1157 1144
1176 1157 1249
1202 1211 1250
1232 1164 1247
1241 1211 1210
1241 1210 1218
1212 1251 1215
1252 1124 1169
1169 1095 1076
1253 1191 1215
1154 1217 1087
1253 1185 1191
1196 1254 1237
1176 1255 1175
1206 1185 1253
1206 1253 1256
1072 1090 1257
1148 1173 1258
1151 1111 1180
1140 1135 1124
1140 1124 1252
1140 1208 1026
1180 1098 1259
1082 1068 1208
1231 1147 1213
1103 1181 1260
1131 1118 1261
1132 1131 1261
1123 1011 1228
1243 1204 1262
1263 1243 1262
1188 1107 1139
1195 1156 1264
1218 1195 1265
1218 1266 1241
1230 1207 1267
1268 1158 1199
1268 1159 1158
1192 1214 1269
1192 1270 1271
1139 1272 1188
1247 1164 1201
1202 1262 1216
1203 1249 1157
1273 1269 1214
1213 1093 1240
1221 1159 1268
1244 1243 1263
1244 1263 1274
1244 1245 1201
1275 1250 1242
1242 1276 1275
1138 1047 1117
1138 1117 1196
1138 1196 1237
1263 1277 1274
1236 1149 1278
1236 1278 1279
1277 1280 1274
1277 1250 1280
1250 1275 1280
1225 1129 1209
1225 1130 1129
1250 1262 1202
1211 1242 1250
1266 1218 1265
1266 1242 1241
1233 1232 1281
1171 1205 1234
1219 1200 1282
1280 1275 1283
1283 1275 1276
1265 1195 1264
1265 1264 1284
1217 1154 1285
1262 1250 1277
1276 1242 1266
1249 1203 1286
1271 1173 1192
1234 1273 1214
1264 1156 1236
1264 1236 1287
1257 1090 1217
1257 1212 1072
1288 1244 1274
1288 1289 1244
1278 1149 1219
1064 1121 1290
1064 1290 1181
1256 1253 1291
1233 1281 1254
1233 1254 1196
1176 1249 1292
1176 1292 1255
1207 1206 1256
1255 1293 1175
1113 1226 1294
1161 1085 1222
1252 1295 1140
1151 1180 1296
1193 1297 1122
1010 1225 1298
1209 1082 1208
1166 1167 1248
1299 1122 1297
1299 1102 1122
1299 1227 1102
1223 1179 1113
1010 1298 1300
1224 1178 1223
1152 1259 1098
1228 1010 1300
1152 1103 1260
1248 1167 1224
1248 1224 1301
1261 1118 1227
1261 1302 1132
1169 1132 1303
1113 1304 1223
1288 1274 1280
1266 1305 1276
1262 1277 1263
1265 1306 1266
1215 1251 1307
1240 1186 1239
1269 1308 1309
1288 1280 1310
1276 1311 1283
1270 1192 1269
1270 1269 1312
1238 1273 1234
1237 1254 1313
1216 1262 1204
1245 1244 1314
1251 1212 1257
1251 1257 1315
1226 1188 1272
1306 1305 1266
1306 1316 1305
1254 1281 1317
1290 1231 1318
1290 1121 1231
1306 1265 1284
1306 1284 1319
1213 1240 1320
1289 1314 1244
1215 1307 1321
1255 1292 1322
1323 1253 1215
1200 1324 1282
1258 1173 1271
1293 1182 1175
1293 1308 1182
1324 1200 1151
1148 1258 1325
1148 1325 1222
1203 1145 1220
1203 1220 1286
1269 1273 1308
1267 1207 1256
1313 1326 1237
1313 1254 1327
1247 1281 1232
1278 1282 1328
1273 1182 1308
1182 1273 1238
1305 1311 1276
1285 1154 1155
1199 1198 1329
1268 1199 1329
1268 1329 1330
1180 1259 1331
1208 1140 1295
1248 1301 1197
1303 1132 1302
1228 1300 1332
1260 1181 1333
1169 1334 1252
1224 1223 1304
1113 1294 1304
1155 1100 1335
1307 1251 1336
1337 1314 1289
1292 1249 1286
1292 1286 1338
1292 1339 1322
1312 1269 1309
1312 1340 1270
1320 1240 1239
1235 1237 1326
1235 1272 1139
1289 1288 1310
1239 1189 1341
1286 1220 1221
1310 1280 1283
1256 1342 1343
1256 1343 1267
1281 1247 1246
1271 1270 1344
1271 1344 1345
1284 1264 1287
1279 1278 1328
1279 1328 1346
1328 1282 1347
1272 1235 1348
1314 1337 1349
1314 1349 1350
1282 1278 1219
1341 1351 1352
1319 1284 1353
1354 1221 1268
1305 1316 1311
1287 1236 1279
1308 1293 1355
1356 1161 1222
1296 1324 1151
1225 1209 1357
1295 1252 1358
1225 1357 1359
1296 1180 1331
1208 1295 1360
1259 1152 1361
1357 1209 1208
1194 1161 1356
1362 1152 1260
1362 1260 1333
1231 1213 1318
1299 1297 1363
1335 1100 1229
1336 1251 1315
1350 1245 1314
1350 1246 1245
1310 1364 1365
1317 1281 1246
1258 1271 1345
1365 1289 1310
1291 1323 1366
1213 1320 1367
1246 1350 1317
1293 1255 1368
1287 1353 1284
1313 1369 1326
1282 1324 1347
1340 1312 1309
1340 1309 1370
1340 1370 1371
1221 1372 1286
1337 1289 1373
1337 1373 1374
1320 1239 1352
1325 1356 1222
1316 1375 1311
1316 1376 1375
1339 1292 1338
1339 1338 1377
1338 1286 1372
1373 1289 1365
1341 1189 1230
1341 1378 1379
1341 1379 1351
1327 1254 1317
1317 1350 1380
1319 1316 1306
1344 1270 1340
1344 1381 1345
1315 1257 1217
1378 1230 1267
1378 1341 1230
1311 1310 1283
1311 1364 1310
1309 1308 1355
1309 1355 1370
1287 1382 1353
1324 1296 1383
1324 1383 1347
1323 1291 1253
1384 1365 1364
1364 1311 1375
1364 1385 1384
1217 1285 1386
1346 1328 1387
1346 1382 1279
1352 1239 1341
1384 1373 1365
1384 1374 1373
1372 1388 1338
1329 1198 1389
1198 1197 1390
1198 1390 1389
1330 1354 1268
1296 1391 1383
1321 1323 1215
1321 1366 1323
1194 1392 1193
1285 1155 1393
1297 1193 1392
1360 1295 1394
1360 1357 1208
1224 1395 1396
1301 1224 1396
1395 1224 1304
1395 1304 1397
1361 1152 1362
1332 1163 1228
1334 1169 1303
1163 1332 1398
1163 1398 1399
1400 1294 1226
1272 1400 1226
1393 1155 1335
1393 1401 1285
1348 1235 1326
1375 1385 1364
1349 1337 1374
1349 1402 1350
1403 1217 1386
1369 1313 1327
1369 1404 1405
1326 1369 1405
1328 1347 1406
1258 1345 1407
1408 1316 1319
1408 1319 1409
1408 1409 1410
1408 1376 1316
1325 1258 1407
1411 1344 1340
1411 1340 1371
1411 1371 1412
1287 1279 1382
1327 1404 1369
1327 1380 1404
1374 1384 1413
1380 1350 1402
1380 1327 1317
1356 1325 1407
1414 1375 1376
1414 1376 1415
1414 1415 1416
1409 1319 1353
1349 1374 1417
1349 1417 1402
1412 1371 1418
1376 1408 1410
1419 1413 1384
1385 1375 1414
1385 1419 1384
1379 1420 1351
1336 1315 1421
1315 1217 1403
1377 1338 1388
1388 1372 1422
1423 1344 1411
1423 1411 1412
1423 1381 1344
1194 1356 1424
1342 1256 1291
1342 1425 1343
1358 1252 1334
1358 1334 1426
1389 1427 1329
1330 1329 1427
1298 1428 1300
1390 1197 1301
1331 1259 1361
1331 1361 1429
1391 1296 1331
1358 1394 1295
1392 1363 1297
1363 1430 1299
1227 1299 1430
1359 1357 1431
1261 1227 1432
1298 1225 1359
1303 1302 1433
1181 1290 1434
1303 1433 1334
1348 1326 1405
1229 1163 1399
1318 1213 1367
1400 1272 1435
1320 1352 1367
1405 1404 1436
1385 1414 1416
1368 1255 1322
1368 1355 1293
1417 1374 1413
1417 1437 1402
1407 1345 1381
1404 1380 1402
1404 1402 1438
1404 1439 1436
1372 1221 1354
1353 1440 1409
1342 1291 1441
1424 1356 1407
1440 1353 1382
1413 1442 1443
1413 1419 1442
1405 1444 1348
1332 1300 1445
1419 1385 1416
1410 1409 1440
1440 1346 1387
1440 1446 1410
1381 1447 1407
1448 1376 1410
1448 1415 1376
1346 1440 1382
1354 1422 1372
1422 1354 1427
1387 1328 1406
1387 1406 1449
1423 1450 1381
1407 1447 1451
1388 1422 1452
1441 1291 1366
1390 1453 1389
1336 1454 1307
1386 1285 1401
1330 1427 1354
1392 1455 1363
1302 1261 1432
1302 1432 1456
1398 1332 1457
1458 1357 1360
1321 1307 1454
1362 1333 1459
1430 1432 1227
1398 1460 1399
1301 1461 1390
1333 1181 1459
1462 1290 1318
1462 1434 1290
1267 1343 1463
1343 1425 1463
1348 1435 1272
1391 1331 1429
1448 1410 1446
1322 1339 1464
1377 1388 1465
1447 1381 1450
1387 1446 1440
1387 1449 1466
1351 1467 1468
1428 1298 1359
1468 1352 1351
1417 1413 1443
1383 1406 1347
1371 1370 1469
1424 1407 1451
1412 1450 1423
1429 1361 1470
1447 1471 1451
1405 1472 1444
1355 1368 1473
1471 1447 1450
1446 1387 1466
1194 1424 1474
1194 1474 1475
1194 1475 1392
1457 1332 1476
1361 1362 1470
1457 1460 1398
1301 1396 1461
1477 1342 1441
1396 1395 1478
1395 1397 1479
1459 1470 1362
1379 1378 1480
1378 1267 1480
1434 1459 1181
1397 1294 1400
1294 1397 1304
1335 1229 1399
1335 1399 1481
1435 1348 1444
1482 1427 1389
1389 1483 1482
1451 1474 1424
1469 1370 1355
1469 1355 1473
1469 1418 1371
1452 1422 1484
1438 1402 1437
1438 1437 1485
1438 1485 1486
1415 1448 1487
1415 1487 1488
1431 1357 1458
1418 1469 1489
1443 1442 1490
1471 1450 1491
1487 1448 1446
1492 1318 1367
1492 1462 1318
1406 1383 1493
1437 1417 1443
1437 1443 1490
1465 1388 1452
1439 1404 1438
1439 1438 1486
1446 1466 1494
1391 1493 1383
1450 1412 1495
1450 1495 1491
1451 1471 1496
1451 1496 1497
1367 1352 1468
1367 1468 1498
1473 1322 1464
1473 1368 1322
1473 1464 1499
1474 1451 1497
1497 1500 1474
1391 1429 1501
1442 1419 1502
1419 1416 1503
1418 1504 1495
1422 1427 1484
1496 1471 1491
1359 1431 1505
1495 1412 1418
1428 1359 1505
1428 1505 1506
1464 1339 1377
1445 1300 1428
1467 1351 1420
1335 1481 1393
1453 1483 1389
1334 1433 1507
1334 1507 1508
1476 1332 1445
1392 1475 1509
1390 1461 1453
1470 1501 1429
1455 1392 1509
1458 1360 1394
1458 1394 1510
1454 1511 1321
1366 1321 1511
1433 1302 1507
1403 1386 1512
1403 1421 1315
1457 1476 1513
1336 1421 1514
1463 1480 1267
1510 1394 1358
1397 1400 1515
1435 1516 1400
1449 1406 1493
1446 1494 1487
1492 1367 1498
1416 1488 1517
1488 1416 1415
1468 1467 1498
1436 1472 1405
1518 1452 1484
1518 1484 1519
1475 1474 1520
1521 1466 1449
1521 1449 1522
1377 1465 1523
1431 1458 1524
1497 1496 1525
1501 1470 1526
1502 1419 1503
1491 1527 1496
1453 1461 1528
1453 1528 1483
1490 1529 1485
1489 1469 1530
1530 1531 1489
1465 1452 1518
1442 1532 1490
1485 1437 1490
1485 1529 1533
1466 1521 1534
1491 1495 1535
1493 1391 1501
1493 1501 1536
1493 1536 1537
1461 1396 1478
1461 1478 1528
1432 1538 1456
1432 1430 1539
1420 1379 1480
1420 1480 1540
1478 1395 1479
1478 1541 1528
1454 1336 1514
1430 1363 1455
1425 1342 1477
1386 1401 1512
1470 1459 1542
1441 1366 1543
1515 1400 1516
1426 1510 1358
1426 1544 1510
1503 1416 1517
1499 1545 1473
1516 1444 1546
1516 1435 1444
1532 1529 1490
1494 1547 1487
1505 1431 1524
1520 1474 1500
1472 1436 1548
1549 1442 1502
1549 1532 1442
1549 1550 1551
1484 1427 1482
1482 1519 1484
1552 1491 1535
1464 1377 1523
1464 1523 1553
1548 1436 1439
1548 1439 1486
1548 1486 1554
1548 1555 1472
1537 1449 1493
1537 1522 1449
1537 1536 1556
1528 1541 1557
1530 1469 1473
1530 1473 1545
1462 1492 1558
1492 1498 1558
1489 1504 1418
1500 1497 1525
1488 1547 1517
1460 1457 1559
1460 1481 1399
1479 1397 1560
1479 1560 1561
1507 1456 1538
1507 1302 1456
1420 1562 1467
1479 1541 1478
1563 1428 1506
1563 1445 1428
1458 1510 1544
1508 1564 1334
1565 1476 1445
1511 1543 1366
1426 1334 1564
1512 1401 1566
1459 1434 1567
1540 1480 1463
1540 1463 1568
1457 1513 1559
1421 1403 1569
1514 1421 1569
1522 1537 1556
1522 1556 1570
1547 1488 1487
1501 1526 1571
1523 1465 1518
1525 1496 1527
1525 1527 1572
1494 1466 1534
1515 1516 1573
1573 1516 1574
1531 1575 1489
1520 1576 1475
1502 1550 1549
1550 1502 1503
1535 1495 1504
1521 1577 1578
1520 1500 1579
1552 1527 1491
1521 1522 1577
1503 1517 1580
1503 1580 1550
1518 1519 1581
1522 1570 1582
1547 1494 1583
1584 1580 1517
1525 1585 1500
1585 1525 1572
1547 1584 1517
1584 1547 1583
1546 1444 1472
1546 1574 1516
1582 1577 1522
1562 1498 1467
1500 1585 1586
1562 1420 1587
1534 1521 1578
1524 1458 1544
1588 1479 1561
1539 1538 1432
1481 1460 1589
1541 1588 1557
1420 1540 1587
1526 1470 1542
1588 1541 1479
1481 1566 1393
1511 1454 1590
1511 1590 1591
1560 1397 1515
1543 1511 1591
1565 1445 1592
1565 1592 1593
1567 1542 1459
1477 1441 1594
1476 1565 1595
1441 1543 1594
1513 1476 1595
1462 1567 1434
1576 1509 1475
1570 1556 1596
1583 1494 1534
1536 1501 1571
1553 1499 1464
1553 1597 1499
1582 1598 1577
1483 1528 1599
1483 1599 1600
1582 1570 1596
1583 1601 1584
1584 1601 1580
1535 1602 1552
1578 1577 1603
1604 1531 1530
1557 1588 1605
1519 1482 1483
1519 1483 1600
1571 1606 1536
1555 1548 1554
1603 1577 1598
1551 1550 1580
1579 1576 1520
1533 1486 1485
1533 1554 1486
1533 1607 1554
1608 1551 1580
1608 1580 1609
1559 1610 1611
1559 1611 1589
1589 1460 1559
1544 1612 1524
1563 1592 1445
1571 1526 1542
1519 1613 1581
1544 1426 1614
1566 1401 1393
1566 1481 1615
1542 1567 1616
1514 1590 1454
1529 1607 1533
1512 1569 1403
1568 1617 1540
1455 1509 1618
1455 1539 1430
1539 1455 1618
1569 1512 1619
1507 1620 1621
1556 1622 1596
1601 1623 1624
1572 1527 1625
1572 1625 1626
1528 1557 1627
1598 1582 1596
1623 1601 1583
1606 1556 1536
1606 1622 1556
1575 1531 1604
1628 1527 1602
1628 1602 1629
1527 1552 1602
1603 1630 1631
1578 1583 1534
1504 1489 1575
1504 1575 1632
1601 1633 1580
1504 1629 1535
1523 1518 1634
1629 1504 1635
1559 1513 1636
1631 1623 1578
1631 1578 1603
1599 1528 1627
1596 1637 1598
1586 1579 1500
1578 1623 1583
1633 1601 1624
1551 1638 1549
1638 1551 1639
1553 1523 1634
1553 1634 1640
1641 1603 1598
1641 1598 1637
1641 1637 1642
1592 1643 1593
1562 1558 1498
1509 1576 1644
1645 1588 1561
1499 1597 1646
1545 1499 1646
1589 1611 1647
1560 1515 1573
1545 1604 1530
1545 1646 1604
1589 1615 1481
1589 1647 1615
1542 1616 1648
1649 1524 1612
1649 1505 1524
1615 1512 1566
1512 1615 1619
1619 1650 1569
1538 1620 1507
1597 1553 1640
1569 1651 1514
1532 1549 1638
1532 1607 1529
1532 1638 1607
1652 1565 1593
1652 1653 1595
1654 1567 1462
1595 1565 1652
1595 1653 1513
1477 1655 1425
1477 1656 1655
1654 1558 1657
1558 1654 1462
1587 1540 1617
1587 1617 1658
1617 1568 1659
1463 1425 1655
1463 1655 1660
1616 1567 1654
1616 1654 1661
1554 1607 1662
1622 1606 1663
1631 1630 1624
1624 1623 1631
1630 1603 1641
1639 1664 1665
1596 1622 1666
1504 1667 1635
1664 1639 1551
1664 1551 1608
1602 1535 1629
1609 1580 1633
1630 1641 1668
1571 1542 1648
1605 1588 1645
1605 1645 1669
1610 1559 1636
1611 1610 1670
1611 1671 1647
1634 1518 1581
1648 1616 1661
1648 1661 1672
1663 1606 1673
1633 1624 1674
1633 1674 1675
1654 1657 1661
1599 1627 1676
1608 1609 1664
1677 1558 1562
1612 1544 1678
1562 1587 1677
1615 1679 1619
1607 1638 1680
1607 1680 1681
1650 1651 1569
1590 1514 1651
1579 1586 1682
1618 1509 1683
1563 1506 1684
1563 1643 1592
1615 1647 1685
1644 1576 1579
1539 1618 1686
1558 1677 1687
1546 1472 1688
1688 1472 1555
1543 1591 1689
1508 1507 1621
1508 1621 1690
1656 1477 1594
1658 1617 1691
1659 1568 1463
1659 1463 1660
1662 1607 1681
1662 1681 1692
1632 1667 1504
1622 1663 1693
1666 1637 1596
1666 1622 1693
1629 1694 1628
1674 1624 1630
1636 1513 1653
1668 1641 1642
1668 1642 1695
1627 1557 1605
1627 1605 1676
1554 1688 1555
1609 1696 1664
1647 1671 1685
1645 1561 1697
1645 1697 1669
1642 1637 1698
1642 1698 1699
1642 1699 1695
1606 1571 1700
1606 1700 1673
1698 1637 1666
1698 1666 1701
1675 1609 1633
1670 1671 1611
1657 1558 1687
1604 1632 1575
1646 1597 1702
1678 1703 1612
1704 1683 1705
1704 1618 1683
1706 1619 1679
1706 1679 1707
1679 1615 1685
1573 1561 1560
1628 1694 1708
1628 1625 1527
1686 1618 1704
1686 1709 1620
1620 1538 1539
1620 1539 1686
1612 1703 1710
1626 1711 1572
1505 1649 1506
1581 1613 1712
1585 1572 1711
1586 1585 1711
1684 1643 1563
1593 1643 1713
1652 1593 1714
1652 1715 1653
1644 1579 1682
1600 1599 1716
1600 1613 1519
1685 1717 1679
1564 1508 1690
1564 1718 1426
1678 1544 1614
1678 1614 1719
1706 1650 1619
1590 1651 1720
1591 1590 1720
1656 1721 1655
1594 1543 1689
1660 1655 1721
1599 1676 1716
1674 1630 1722
1700 1571 1648
1604 1646 1702
1636 1723 1610
1605 1669 1724
1722 1630 1668
1687 1677 1725
1688 1726 1546
1668 1695 1727
1656 1594 1728
1651 1650 1706
1651 1729 1720
1716 1676 1730
1701 1731 1699
1661 1657 1732
1661 1732 1733
1733 1672 1661
1676 1605 1724
1734 1666 1693
1681 1680 1735
1681 1735 1736
1677 1737 1725
1640 1634 1738
1639 1735 1680
1700 1648 1672
1700 1672 1739
1699 1698 1701
1699 1731 1740
1741 1636 1653
1677 1587 1658
1506 1649 1742
1709 1621 1620
1658 1737 1677
1684 1506 1742
1649 1612 1743
1713 1643 1684
1644 1682 1744
1644 1683 1509
1629 1635 1745
1714 1593 1713
1591 1720 1746
1682 1586 1747
1694 1629 1745
1694 1745 1748
1718 1564 1749
1715 1652 1714
1715 1741 1653
1715 1714 1750
1574 1546 1726
1574 1751 1573
1718 1614 1426
1689 1728 1594
1691 1659 1752
1659 1691 1617
1703 1678 1753
1613 1600 1754
1613 1754 1755
1716 1754 1600
1719 1614 1718
1719 1753 1678
1665 1664 1696
1741 1756 1723
1741 1757 1756
1723 1636 1741
1669 1697 1758
1693 1663 1673
1693 1673 1759
1732 1657 1760
1732 1760 1761
1670 1610 1723
1697 1561 1573
1697 1573 1751
1680 1638 1639
1760 1657 1687
1609 1675 1762
1609 1762 1763
1734 1701 1666
1717 1764 1679
1635 1667 1765
1726 1688 1766
1639 1665 1735
1734 1693 1767
1707 1679 1764
1737 1768 1725
1729 1706 1707
1729 1651 1706
1737 1691 1769
1702 1632 1604
1671 1717 1685
1722 1668 1727
1733 1732 1761
1733 1761 1770
1710 1743 1612
1764 1771 1707
1689 1591 1746
1689 1746 1772
1728 1689 1772
1701 1773 1731
1716 1730 1774
1675 1674 1762
1751 1574 1726
1735 1665 1775
1752 1659 1660
1660 1721 1776
1673 1777 1759
1760 1687 1778
1692 1681 1779
1670 1723 1780
1781 1671 1670
1740 1695 1699
1640 1782 1597
1725 1768 1778
1626 1783 1711
1742 1649 1743
1690 1621 1784
1690 1749 1564
1691 1737 1658
1711 1747 1586
1747 1711 1785
1708 1694 1748
1625 1628 1786
1712 1787 1581
1683 1644 1744
1712 1613 1788
1788 1613 1755
1634 1581 1787
1634 1787 1789
1738 1634 1789
1781 1780 1790
1781 1790 1717
1720 1729 1791
1693 1759 1792
1739 1672 1733
1758 1724 1669
1774 1730 1793
1735 1775 1736
1757 1741 1715
1778 1687 1725
1726 1766 1794
1700 1777 1673
1756 1795 1796
1756 1796 1723
1688 1554 1662
1688 1662 1797
1734 1798 1701
1727 1695 1799
1791 1729 1800
1717 1671 1781
1717 1790 1764
1795 1757 1801
1795 1756 1757
1715 1750 1757
1750 1802 1803
1767 1693 1792
1804 1805 1798
1697 1751 1806
1746 1720 1791
1635 1765 1807
1746 1808 1772
1796 1780 1723
1722 1727 1809
1810 1656 1728
1779 1681 1736
1781 1670 1780
1676 1724 1811
1773 1812 1813
1729 1707 1800
1798 1812 1773
1812 1795 1801
1772 1810 1728
1798 1773 1701
1798 1734 1767
1798 1767 1804
1719 1718 1814
1766 1688 1797
1731 1773 1813
1795 1812 1798
1696 1609 1763
1795 1798 1805
1795 1805 1796
1783 1626 1625
1783 1625 1815
1783 1785 1711
1621 1709 1784
1684 1742 1816
1713 1684 1817
1744 1818 1683
1713 1819 1714
1819 1713 1820
1819 1750 1714
1682 1747 1821
1822 1718 1749
1705 1683 1818
1814 1718 1822
1814 1822 1823
1754 1716 1774
1686 1704 1824
1740 1731 1825
1740 1825 1826
1780 1827 1790
1760 1778 1828
1739 1733 1770
1764 1829 1771
1767 1830 1804
1797 1662 1692
1753 1719 1814
1753 1831 1703
1667 1632 1832
1804 1830 1805
1830 1767 1833
1801 1757 1803
1762 1674 1722
1722 1809 1762
1710 1834 1743
1778 1768 1835
1721 1656 1810
1827 1805 1830
1768 1737 1769
1768 1769 1836
1752 1660 1776
1752 1769 1691
1777 1700 1739
1727 1799 1837
1796 1805 1827
1796 1827 1780
1782 1702 1597
1790 1827 1838
1790 1829 1764
1790 1838 1829
1760 1828 1770
1791 1839 1746
1825 1731 1813
1827 1840 1838
1831 1710 1703
1831 1834 1710
1751 1726 1794
1767 1792 1833
1736 1775 1841
1736 1841 1779
1810 1842 1721
1841 1843 1844
1757 1750 1803
1803 1802 1845
1811 1730 1676
1702 1782 1846
1702 1832 1632
1702 1846 1832
1820 1713 1817
1690 1784 1847
1802 1750 1819
1708 1786 1628
1786 1815 1625
1754 1774 1848
1762 1809 1849
1770 1761 1760
1850 1730 1811
1829 1840 1851
1809 1727 1852
1808 1746 1839
1852 1727 1837
1810 1772 1808
1810 1808 1853
1779 1841 1854
1799 1695 1740
1799 1740 1855
1800 1856 1791
1800 1707 1771
1800 1857 1858
1832 1859 1667
1771 1829 1857
1771 1857 1800
1830 1840 1827
1794 1766 1860
1812 1801 1861
1801 1862 1861
1828 1778 1863
1806 1751 1794
1776 1721 1842
1863 1778 1835
1775 1665 1696
1775 1696 1864
1775 1843 1841
1864 1696 1763
1836 1752 1776
1836 1769 1752
1836 1776 1865
1777 1792 1759
1758 1697 1866
1840 1829 1838
1867 1777 1739
1797 1692 1779
1858 1868 1856
1835 1768 1836
1753 1814 1869
1640 1738 1870
1745 1635 1807
1742 1743 1871
1742 1871 1872
1871 1873 1872
1748 1745 1874
1785 1821 1747
1784 1709 1875
1816 1742 1872
1816 1817 1684
1744 1682 1876
1818 1744 1877
1821 1876 1682
1787 1712 1878
1705 1818 1879
1705 1880 1704
1705 1879 1880
1824 1704 1880
1824 1709 1686
1755 1754 1881
1848 1881 1754
1774 1793 1848
1843 1882 1844
1839 1791 1856
1839 1856 1883
1856 1800 1858
1813 1812 1861
1843 1775 1864
1797 1884 1766
1866 1697 1806
1866 1885 1886
1833 1840 1830
1887 1809 1852
1811 1724 1758
1811 1758 1888
1836 1865 1889
1858 1857 1890
1858 1890 1868
1865 1776 1842
1763 1849 1864
1857 1829 1851
1762 1849 1763
1797 1779 1854
1840 1891 1851
1867 1739 1770
1842 1810 1853
1867 1792 1777
1867 1833 1792
1826 1825 1892
1825 1813 1861
1870 1738 1789
1870 1789 1893
1884 1860 1766
1806 1885 1866
1887 1849 1809
1862 1801 1803
1862 1894 1861
1889 1835 1836
1895 1835 1889
1895 1863 1835
1895 1896 1863
1870 1782 1640
1868 1890 1897
1868 1897 1898
1884 1899 1900
1837 1901 1852
1888 1758 1866
1902 1794 1860
1859 1765 1667
1859 1832 1903
1863 1896 1828
1904 1905 1820
1749 1690 1906
1793 1730 1850
1822 1749 1907
1786 1908 1815
1789 1787 1878
1784 1875 1909
1817 1904 1820
1817 1910 1904
1847 1906 1690
1819 1820 1905
1834 1831 1753
1802 1819 1905
1845 1802 1911
1875 1824 1912
1865 1842 1853
1902 1806 1794
1900 1860 1884
1885 1806 1902
1867 1770 1897
1867 1891 1833
1864 1882 1843
1886 1888 1866
1803 1845 1862
1851 1890 1857
1851 1891 1890
1840 1833 1891
1855 1740 1826
1855 1837 1799
1855 1913 1837
1839 1853 1808
1849 1914 1915
1849 1887 1914
1889 1865 1895
1902 1860 1900
1897 1770 1828
1887 1852 1916
1890 1891 1897
1891 1867 1897
1883 1856 1868
1893 1789 1917
1850 1811 1888
1850 1888 1918
1861 1892 1825
1885 1902 1900
1885 1919 1886
1900 1919 1885
1919 1900 1899
1899 1920 1919
1888 1886 1921
1901 1837 1913
1853 1839 1883
1919 1921 1886
1898 1828 1896
1898 1897 1828
1916 1914 1887
1922 1797 1854
1922 1884 1797
1922 1899 1884
1854 1841 1844
1898 1883 1868
1882 1864 1849
1882 1849 1915
1895 1865 1853
1745 1807 1874
1823 1822 1907
1908 1786 1923
1782 1870 1924
1871 1743 1834
1877 1744 1876
1877 1879 1818
1748 1786 1708
1748 1923 1786
1748 1874 1923
1869 1814 1823
1869 1834 1753
1817 1816 1925
1847 1784 1909
1909 1875 1926
1909 1926 1927
1877 1876 1928
1824 1875 1709
1911 1802 1905
1788 1878 1712
1788 1929 1878
1788 1755 1929
1755 1881 1929
1881 1848 1930
1793 1850 1931
1793 1931 1932
1932 1848 1793
1882 1933 1844
1765 1859 1934
1896 1883 1898
1826 1935 1936
1826 1936 1855
1782 1937 1846
1916 1852 1938
1935 1826 1892
1935 1892 1939
1883 1895 1853
1903 1832 1846
1903 1846 1940
1903 1940 1941
1807 1765 1934
1807 1934 1942
1943 1854 1844
1944 1854 1943
1944 1922 1854
1883 1896 1895
1938 1901 1945
1901 1938 1852
1931 1850 1918
1931 1918 1946
1921 1919 1920
1874 1807 1947
1907 1749 1948
1948 1906 1949
1815 1950 1783
1871 1834 1951
1952 1870 1893
1785 1783 1950
1785 1950 1953
1821 1785 1953
1910 1817 1925
1925 1872 1954
1925 1816 1872
1821 1928 1876
1924 1870 1952
1906 1847 1955
1906 1948 1749
1906 1955 1949
1929 1881 1956
1845 1911 1957
1845 1957 1862
1879 1877 1958
1879 1958 1880
1880 1912 1824
1912 1926 1875
1912 1959 1926
1915 1933 1882
1960 1899 1922
1922 1944 1960
1943 1961 1962
1861 1939 1892
1861 1894 1939
1933 1943 1844
1933 1961 1943
1963 1960 1944
1963 1964 1960
1913 1855 1936
1918 1888 1921
1920 1960 1964
1965 1921 1920
1916 1966 1914
1962 1963 1944
1962 1944 1943
1962 1967 1963
1967 1962 1961
1955 1847 1909
1955 1909 1968
1968 1909 1927
1961 1969 1967
1918 1921 1965
1918 1965 1970
1966 1915 1914
1960 1920 1899
1933 1915 1971
1941 1859 1903
1941 1972 1859
1967 1964 1963
1973 1916 1938
1973 1938 1974
1973 1974 1975
1973 1966 1916
1954 1872 1873
1908 1976 1950
1908 1923 1977
1874 1977 1923
1976 1978 1979
1950 1815 1908
1950 1976 1979
1873 1871 1951
1873 1951 1980
1953 1950 1979
1949 1955 1968
1940 1846 1937
1910 1925 1981
1878 1917 1789
1951 1834 1982
1925 1983 1984
1878 1929 1985
1907 1986 1823
1925 1954 1983
1937 1782 1924
1937 1924 1987
1904 1910 1988
1958 1877 1989
1958 1989 1990
1958 1912 1880
1905 1904 1988
1905 1988 1991
1911 1905 1991
1957 1894 1862
1913 1945 1901
1913 1992 1945
1920 1964 1993
1946 1918 1970
1967 1994 1995
1967 1995 1964
1970 1996 1946
1927 1926 1959
1927 1959 1997
1877 1928 1989
1964 1995 1993
1938 1945 1998
1999 1933 1971
1999 1961 1933
1994 1967 1969
1969 1961 2000
1959 2001 1997
2002 1938 1998
1936 1935 1939
1971 1915 1966
1966 1973 2003
1966 2003 1971
1995 2004 2005
1994 2004 1995
1823 2006 1869
2006 1823 1986
1869 2006 2007
1893 1917 2008
1869 1982 1834
1982 1869 2007
1928 1821 1953
1928 1953 2009
2010 1907 1948
2010 1986 1907
1930 1848 2011
1930 1956 1881
2011 1848 1932
1947 1807 1942
1947 2012 1874
2012 1947 2013
1954 1873 1980
1954 2014 1983
1983 2014 2015
1981 1925 1984
1934 1972 2016
2017 2018 2019
2017 2019 2020
1959 1912 2021
1969 2000 2019
2018 1994 1969
1977 1874 2012
1977 2012 2022
2019 2018 1969
2023 2004 2018
2005 1993 1995
2017 2023 2018
1979 2009 1953
2024 1946 2025
2024 2011 1932
2026 2027 2028
1946 2024 1931
1946 1996 2025
2029 2026 2030
1994 2018 2004
2030 2026 2031
1965 1920 1993
2000 1961 1999
1975 2003 1973
1975 1974 2032
1974 1938 2002
1974 2002 2033
2034 2035 2017
1976 1908 1977
2010 1948 2036
2029 2027 2026
2027 2029 2037
2023 2005 2004
2023 2038 2005
2039 1958 2040
2039 1912 1958
1989 1928 2041
2029 2042 2043
2029 2043 2037
1949 1968 2044
2045 2027 2037
2020 2034 2017
2036 1948 1949
2000 2020 2019
1968 2046 2044
1928 2009 2041
2047 1986 2010
2000 1999 2020
2026 2048 2035
2035 2031 2026
1998 1945 1992
1988 2049 1991
1981 1988 1910
2040 1958 1990
1917 1878 1985
1917 1985 2050
1980 2014 1954
1987 1924 2051
1992 1913 2052
1984 1983 2015
2053 1956 2054
1956 2053 1929
1972 1934 1859
1932 1931 2024
1947 1942 2013
2010 2036 2055
2056 1988 1981
2056 2049 1988
2048 2026 2028
2048 2038 2023
2046 1968 2057
2046 2057 2058
2001 1959 2021
1989 2041 1990
2048 2023 2035
1911 2059 1957
2042 2029 2030
2042 2060 2043
2005 2061 1993
2005 2062 2061
1971 2003 2063
2030 2031 2064
1970 2065 2066
1913 1936 2052
2028 2027 2045
1996 2067 2025
1936 2068 2052
1997 2057 1927
1965 2061 1970
1894 2069 1939
2057 1968 1927
1965 1993 2061
1975 2070 2003
2068 1936 1939
2036 1949 2044
2036 2044 2071
2036 2071 2055
2021 1912 2039
2034 2020 2072
2035 2023 2017
2063 1999 1971
2063 2073 1999
2064 2031 2074
2064 2074 2075
2030 2064 2076
2038 2062 2005
2037 2043 2077
2061 2065 1970
2070 2063 2003
2034 2072 2035
2028 2078 2038
2072 2020 2073
2063 2070 2073
2032 2070 1975
1996 1970 2066
1996 2066 2067
2031 2035 2072
2068 2079 2052
2074 2072 2080
2074 2031 2072
2061 2062 2065
2081 1981 1984
2081 2056 1981
2002 1998 1992
2020 1999 2073
1951 1982 2082
1940 1937 2083
2039 2040 2084
1952 1893 2008
1985 1929 2085
2008 2086 1952
1980 1951 2087
1937 1987 2083
2008 1917 2050
1984 2015 2081
2007 2082 1982
2088 1942 1934
2088 1934 2016
1942 2088 2013
1930 2054 1956
2045 2037 2089
2043 2060 2090
2043 2090 2077
2078 2062 2038
2022 2012 2091
2022 1976 1977
1990 2041 2092
2093 2078 2094
2065 2078 2093
2078 2065 2062
2009 1979 2095
2078 2028 2096
2065 2093 2066
2032 1974 2097
2098 2057 1997
2098 2058 2057
2098 1997 2099
2096 2028 2045
2038 2048 2028
2032 2073 2070
2100 2074 2080
2049 2101 2059
2068 1939 2069
1911 1991 2049
1911 2049 2059
2102 2056 2081
2072 2073 2080
2074 2103 2075
2069 1894 2104
2055 2105 2106
2094 2078 2096
2042 2030 2076
2032 2080 2073
2055 2071 2107
2055 2107 2105
2047 2010 2106
2047 2106 2108
2096 2045 2089
2058 2098 2109
2097 1974 2033
2089 2037 2077
2089 2077 2110
2089 2111 2096
2046 2058 2109
2002 1992 2112
2002 2112 2113
1957 2059 2114
1957 2104 1894
1997 2001 2115
2075 2116 2064
1941 2117 1972
2118 2085 1929
2053 2054 2119
2053 2118 1929
2053 2120 2118
1924 1952 2086
2119 2120 2053
1986 2047 2108
1986 2121 2006
1986 2108 2121
1951 2082 2087
2007 2006 2121
1930 2122 2123
2122 1930 2011
1987 2051 2124
1987 2124 2083
2122 2024 2025
2122 2011 2024
2122 2025 2125
1941 1940 2117
2091 2012 2013
2091 2013 2126
2091 2126 2127
2066 2093 2067
2128 2080 2032
2128 2097 2129
2033 2130 2097
2059 2101 2114
2093 2094 2131
2076 2064 2116
2097 2128 2032
2106 2010 2055
2060 2132 2133
2075 2103 2134
1978 2095 1979
1992 2052 2135
2095 2092 2009
2095 2136 2092
2103 2074 2137
2138 2094 2096
2138 2096 2111
2138 2111 2139
2098 2140 2109
2098 2099 2140
2141 2046 2109
2141 2142 2143
2067 2093 2144
2067 2144 2145
2090 2060 2133
2090 2133 2140
2044 2046 2141
2146 2021 2039
2106 2105 2147
2080 2128 2100
2107 2148 2105
2114 2104 1957
2092 2041 2009
2092 2149 1990
2092 2150 2149
2128 2129 2151
2132 2042 2076
2132 2060 2042
2001 2021 2146
2076 2152 2132
1978 1976 2022
1978 2022 2153
2134 2116 2075
2129 2097 2130
2137 2074 2100
2137 2100 2154
2137 2154 2155
2067 2145 2025
2040 1990 2149
2040 2149 2084
2039 2084 2156
2119 2054 2123
2157 2102 2081
2123 2054 1930
2081 2015 2158
2008 2159 2086
2008 2050 2159
2160 2007 2121
2160 2121 2161
2082 2007 2160
2083 2124 2162
2051 1924 2086
2091 2127 2163
2164 2106 2147
2106 2164 2165
2111 2110 2166
2111 2166 2139
2148 2107 2167
2167 2107 2071
2148 2134 2103
2148 2103 2137
2101 2168 2114
2110 2111 2089
2154 2128 2151
2044 2167 2071
2099 1997 2115
2099 2115 2169
2069 2104 2170
2140 2133 2142
2140 2142 2109
2135 2052 2079
2109 2142 2141
2141 2143 2167
2100 2128 2154
2105 2137 2155
2105 2148 2137
2167 2134 2148
2152 2076 2116
2125 2025 2145
2125 2145 2171
2090 2140 2172
2090 2172 2077
2142 2133 2132
2142 2132 2152
2108 2106 2165
2113 2112 2173
2113 2033 2002
2114 2170 2104
2135 2112 1992
2152 2143 2142
2131 2144 2093
2131 2138 2174
2056 2102 2175
2119 2123 2176
2177 2115 2001
2177 2001 2146
2153 2022 2178
2153 2095 1978
2153 2179 2095
2169 2115 2177
2169 2177 2180
2102 2157 2181
2123 2122 2125
2123 2125 2182
2136 2095 2179
2161 2121 2183
2146 2156 2184
2086 2185 2051
2014 1980 2186
2108 2183 2121
2117 1940 2083
2157 2081 2158
2149 2187 2084
2084 2187 2188
2084 2188 2189
2156 2146 2039
2050 1985 2190
2085 2118 2191
2085 2190 1985
2190 2085 2191
2167 2044 2141
2127 2126 2192
2176 2123 2182
2079 2068 2069
2079 2069 2170
2155 2147 2105
2166 2110 2193
2166 2194 2139
2155 2154 2195
2149 2150 2187
2178 2022 2091
2173 2112 2135
2173 2135 2196
2145 2197 2198
2152 2116 2134
2120 2119 2199
2200 2118 2120
2200 2120 2199
2150 2092 2136
2151 2129 2201
2101 2049 2056
2154 2151 2195
2157 2158 2202
2157 2202 2181
2138 2139 2174
2138 2131 2094
2099 2172 2140
2203 2130 2033
2203 2113 2204
2113 2203 2033
2143 2152 2167
2113 2173 2205
2167 2152 2134
2182 2125 2171
2175 2102 2181
2181 2202 2206
2195 2151 2207
2172 2110 2077
2187 2150 2208
2110 2172 2209
2178 2091 2163
2178 2163 2210
2207 2151 2211
2191 2118 2200
2191 2200 2212
2175 2101 2056
2172 2099 2213
2172 2213 2209
2213 2099 2169
2214 2144 2131
2214 2174 2215
2139 2194 2216
2139 2216 2174
2147 2155 2217
2087 2186 1980
2186 2087 2218
2219 1972 2117
2016 1972 2219
2082 2160 2220
2177 2146 2184
2086 2159 2185
2126 2088 2221
2126 2013 2088
2126 2221 2222
2126 2222 2192
2087 2082 2220
2223 2083 2162
2174 2214 2131
2205 2173 2196
2178 2179 2153
2211 2151 2201
2196 2135 2079
2208 2150 2224
2208 2188 2187
2179 2210 2225
2168 2170 2114
2204 2113 2205
2204 2205 2226
2217 2155 2195
2217 2195 2207
2217 2164 2147
2136 2179 2225
2136 2224 2150
2199 2119 2176
2171 2145 2198
2207 2227 2228
2197 2145 2144
2201 2129 2130
2201 2130 2229
2182 2230 2176
2181 2231 2175
2175 2168 2101
2232 2169 2180
2232 2213 2169
2117 2083 2223
2117 2223 2233
2190 2191 2234
2219 2117 2233
2159 2050 2234
2235 2108 2165
2235 2183 2108
2160 2161 2236
2050 2190 2234
2221 2088 2016
2218 2087 2220
2124 2051 2237
2203 2204 2229
2196 2079 2170
2196 2170 2168
2231 2205 2196
2194 2238 2216
2197 2144 2214
2210 2179 2178
2210 2163 2239
2224 2136 2225
2191 2212 2234
2231 2196 2168
2168 2175 2231
2208 2240 2188
2189 2156 2084
2199 2176 2230
2200 2199 2241
2231 2206 2242
2227 2207 2211
2213 2243 2209
2215 2174 2244
2193 2194 2166
2206 2231 2181
2208 2224 2245
2208 2245 2246
2226 2205 2231
2230 2182 2247
2230 2241 2199
2230 2248 2241
2230 2247 2249
2193 2110 2209
2193 2209 2250
2225 2239 2251
2183 2235 2252
2229 2130 2203
2233 2253 2219
2254 2177 2184
2015 2014 2255
2164 2217 2256
2185 2159 2257
2185 2237 2051
2016 2219 2258
2180 2177 2254
2180 2254 2259
2257 2159 2234
2234 2260 2257
2165 2164 2256
2165 2261 2235
2220 2262 2218
2127 2192 2163
2163 2263 2239
2186 2255 2014
2198 2197 2214
2198 2214 2215
2198 2247 2171
2245 2224 2225
2245 2225 2264
2245 2264 2265
2264 2225 2251
2245 2265 2266
2238 2194 2193
2209 2243 2267
2209 2267 2250
2215 2244 2268
2215 2268 2269
2248 2230 2249
2231 2242 2226
2212 2270 2271
2247 2182 2171
2243 2213 2232
2243 2272 2273
2274 2189 2188
2274 2188 2240
2252 2235 2261
2261 2165 2256
2202 2158 2275
2158 2015 2255
2158 2255 2275
2255 2186 2276
2237 2185 2257
2161 2183 2252
2161 2252 2277
2234 2212 2271
2228 2217 2207
2221 2016 2258
2222 2221 2278
2124 2279 2162
2236 2161 2277
2236 2220 2160
2211 2201 2280
2163 2192 2263
2184 2156 2189
2184 2189 2281
2281 2189 2282
2262 2220 2283
2250 2284 2193
2216 2238 2285
2239 2225 2210
2270 2212 2200
2247 2198 2269
2284 2238 2193
2284 2285 2238
2216 2244 2174
2198 2215 2269
2282 2189 2274
2240 2208 2246
2240 2246 2286
2240 2286 2287
2269 2249 2247
2202 2275 2288
2289 2229 2204
2232 2272 2243
2255 2276 2290
2283 2220 2236
2271 2260 2234
2256 2217 2228
2256 2291 2261
2206 2202 2288
2222 2263 2192
2227 2280 2292
2280 2227 2211
2218 2276 2186
2218 2262 2276
2201 2229 2293
2263 2294 2239
2223 2162 2295
2223 2295 2233
2273 2272 2296
2216 2297 2244
2270 2200 2241
2266 2265 2298
2246 2245 2266
2267 2243 2273
2299 2240 2287
2300 2226 2242
2249 2269 2268
2241 2301 2302
2284 2303 2285
2304 2284 2250
2305 2284 2304
2305 2303 2284
2305 2306 2307
2274 2240 2299
2274 2299 2308
2285 2297 2216
2309 2244 2297
2267 2273 2310
2293 2280 2201
2237 2279 2124
2237 2311 2312
2233 2295 2313
2228 2227 2292
2276 2262 2314
2226 2300 2315
2271 2270 2302
2228 2291 2256
2180 2259 2316
2221 2258 2317
2221 2317 2278
2236 2318 2283
2162 2279 2295
2242 2206 2288
2290 2275 2255
2254 2184 2319
2259 2254 2319
2320 2321 2306
2306 2304 2320
2306 2305 2304
2307 2303 2305
2303 2297 2285
2302 2270 2241
2268 2244 2309
2268 2309 2322
2248 2301 2241
2248 2323 2301
2304 2250 2267
2324 2286 2266
2266 2286 2246
2306 2324 2307
2320 2304 2325
2286 2324 2306
2286 2306 2321
2287 2286 2326
2249 2268 2327
2252 2261 2328
2321 2320 2329
2298 2330 2266
2277 2252 2331
2277 2331 2318
2304 2267 2310
2324 2266 2330
2332 2309 2297
2321 2326 2286
2321 2329 2326
2287 2326 2333
2287 2334 2299
2283 2318 2335
2283 2314 2262
2260 2271 2336
2232 2180 2316
2314 2290 2276
2311 2237 2257
2311 2257 2260
2271 2302 2336
2315 2289 2204
2308 2282 2274
2308 2299 2337
2308 2338 2282
2308 2339 2338
2318 2236 2277
2258 2219 2253
2315 2204 2226
2281 2319 2184
2279 2312 2340
2242 2288 2341
2300 2242 2341
2293 2342 2280
2341 2288 2343
2249 2323 2248
2265 2264 2344
2314 2283 2335
2314 2335 2345
2329 2320 2325
2303 2307 2346
2303 2332 2297
2275 2290 2347
2346 2348 2303
2346 2349 2348
2337 2299 2334
2337 2339 2308
2289 2315 2350
2323 2249 2327
2325 2304 2310
2309 2332 2351
2307 2324 2330
2325 2310 2352
2292 2280 2353
2251 2294 2354
2251 2354 2355
2251 2355 2264
2293 2229 2289
2293 2289 2350
2293 2350 2356
2292 2357 2228
2263 2222 2358
2336 2302 2359
2294 2263 2358
2294 2358 2354
2313 2253 2233
2279 2237 2312
2294 2251 2239
2316 2272 2232
2312 2360 2361
2281 2282 2338
2281 2338 2362
2281 2362 2319
2295 2279 2340
2259 2319 2316
2300 2350 2315
2300 2363 2350
2359 2302 2301
2268 2322 2364
2357 2291 2228
2342 2293 2356
2300 2341 2363
2331 2252 2328
2330 2346 2307
2333 2326 2329
2333 2329 2365
2333 2365 2366
2348 2332 2303
2347 2290 2314
2334 2287 2333
2334 2333 2366
2298 2265 2344
2298 2367 2330
2328 2261 2291
2310 2273 2296
2350 2368 2356
2325 2352 2369
2330 2367 2370
2329 2325 2369
2328 2291 2371
2328 2371 2372
2337 2334 2366
2353 2280 2342
2352 2310 2296
2352 2296 2373
2358 2222 2278
2358 2278 2374
2272 2316 2375
2343 2288 2275
2343 2275 2347
2253 2376 2258
2316 2319 2377
2317 2258 2376
2317 2378 2278
2362 2338 2339
2319 2362 2377
2312 2311 2360
2379 2260 2336
2272 2375 2296
2362 2380 2377
2365 2329 2369
2330 2370 2381
2347 2314 2345
2364 2327 2268
2346 2381 2349
2330 2381 2346
2335 2318 2331
2335 2331 2382
2360 2311 2383
2341 2343 2384
2344 2264 2355
2344 2355 2385
2364 2323 2327
2323 2386 2387
2359 2301 2387
2359 2379 2336
2341 2384 2363
2379 2359 2387
2371 2291 2357
2371 2357 2388
2373 2296 2375
2375 2316 2377
2367 2298 2344
2389 2343 2347
2322 2309 2351
2390 2339 2337
2390 2337 2366
2340 2312 2361
2295 2391 2313
2313 2376 2253
2354 2358 2392
2392 2358 2374
2392 2374 2393
2387 2301 2323
2345 2335 2382
2362 2339 2380
2311 2260 2379
2311 2379 2383
2348 2394 2332
2357 2292 2353
2357 2353 2388
2353 2395 2388
2366 2365 2396
2361 2360 2383
2361 2383 2397
2355 2354 2398
2368 2342 2356
2368 2350 2363
2353 2342 2395
2352 2399 2369
2394 2351 2332
2344 2385 2400
2367 2344 2400
2384 2343 2389
2364 2351 2401
2340 2391 2295
2278 2378 2402
2376 2313 2403
2376 2378 2317
2342 2368 2395
2331 2328 2372
2331 2372 2382
2390 2404 2380
2364 2386 2323
2405 2345 2382
2375 2377 2406
2347 2345 2405
2347 2405 2389
2372 2371 2388
2351 2364 2322
2385 2398 2407
2380 2339 2390
2379 2408 2383
2380 2404 2406
2373 2375 2406
2373 2399 2352
2386 2364 2409
2387 2408 2379
2361 2391 2340
2381 2370 2410
2383 2411 2397
2391 2361 2412
2374 2278 2402
2403 2413 2376
2413 2403 2414
2398 2354 2392
2398 2385 2355
2372 2415 2382
2368 2363 2416
2408 2387 2417
2417 2387 2386
2349 2394 2348
2418 2400 2385
2418 2419 2400
2416 2420 2368
2388 2415 2372
2416 2363 2384
2382 2421 2405
2406 2399 2373
2406 2377 2380
2411 2383 2408
2404 2390 2366
2404 2366 2396
2396 2365 2369
2405 2384 2389
2396 2399 2404
2417 2386 2409
2385 2407 2418
2420 2416 2422
2420 2395 2368
2412 2361 2397
2412 2397 2423
2397 2411 2423
2364 2401 2409
2394 2424 2351
2424 2401 2351
2395 2420 2415
2370 2367 2400
2370 2400 2410
2384 2422 2416
2399 2396 2369
2349 2381 2425
2402 2393 2374
2391 2403 2313
2378 2376 2413
2378 2413 2426
2398 2392 2393
2415 2388 2395
2422 2405 2421
2422 2384 2405
2394 2349 2425
2415 2420 2421
2421 2382 2415
2425 2381 2410
2421 2420 2422
2404 2399 2406
2408 2417 2427
2408 2427 2428
2401 2424 2429
2409 2401 2430
2409 2430 2427
2414 2431 2413
2428 2411 2408
2410 2400 2419
2427 2417 2409
2428 2423 2411
2429 2432 2433
2432 2394 2425
2432 2424 2394
2432 2429 2424
2430 2401 2429
2398 2393 2434
2426 2413 2431
2426 2431 2435
2403 2391 2436
2402 2378 2426
2402 2426 2437
2436 2391 2438
2402 2437 2439
2402 2439 2393
2427 2430 2440
2428 2427 2440
2425 2441 2432
2442 2425 2410
2442 2441 2425
2440 2430 2443
2430 2429 2443
2432 2441 2433
2393 2439 2434
2434 2407 2398
2412 2423 2444
2412 2438 2391
2428 2445 2423
2418 2407 2446
2442 2410 2419
2442 2419 2447
2442 2447 2441
2434 2439 2448
2431 2449 2435
2437 2426 2435
2437 2435 2450
2438 2412 2444
2414 2451 2431
2436 2414 2403
2419 2418 2446
2441 2452 2433
2444 2423 2445
2433 2443 2429
2436 2453 2454
2445 2428 2440
2447 2419 2446
2447 2446 2455
2446 2407 2456
2446 2457 2455
2446 2456 2457
2444 2445 2458
2444 2458 2459
2434 2448 2407
2445 2440 2460
2452 2461 2433
2453 2438 2444
2453 2436 2438
2453 2444 2459
2452 2441 2447
2452 2447 2462
2454 2414 2436
2449 2431 2451
2450 2435 2449
2439 2437 2463
2447 2455 2464
2460 2443 2433
2462 2461 2452
2458 2445 2460
2456 2407 2465
2460 2440 2443
2461 2462 2466
2461 2460 2433
2461 2467 2460
2407 2448 2465
2437 2450 2463
2462 2447 2464
2465 2448 2468
2464 2466 2462
2467 2461 2466
2451 2414 2469
2463 2450 2470
2448 2439 2463
2448 2463 2468
2467 2464 2471
2467 2466 2464
2467 2471 2472
2471 2464 2455
2471 2455 2457
2471 2457 2473
2460 2474 2458
2453 2459 2475
2474 2459 2458
2456 2465 2476
2456 2476 2457
2474 2460 2467
2470 2450 2477
2469 2414 2454
2468 2463 2470
2451 2478 2449
2450 2449 2478
2467 2472 2479
2467 2479 2474
2475 2459 2474
2472 2471 2480
2454 2453 2475
2478 2451 2481
2478 2477 2450
2476 2465 2482
2476 2482 2483
2480 2471 2473
2474 2479 2484
2474 2485 2475
2478 2481 2486
2468 2482 2465
2469 2454 2475
2481 2469 2487
2481 2451 2469
2485 2474 2484
2484 2479 2472
2473 2476 2483
2473 2457 2476
2477 2478 2486
2487 2469 2475
2487 2475 2488
2475 2485 2488
2480 2473 2483
2480 2489 2472
2482 2490 2491
2482 2468 2470
2482 2470 2490
2477 2490 2470
2485 2484 2492
2485 2492 2488
2493 2480 2483
2484 2472 2489
2489 2480 2494
2492 2484 2489
2492 2489 2495
2490 2477 2486
2490 2486 2496
2483 2482 2491
2483 2491 2493
2486 2481 2497
2495 2489 2494
2497 2481 2487
2486 2497 2498
2494 2480 2493
2493 2491 2499
2496 2486 2498
2497 2487 2488
2500 2497 2488
2494 2493 2499
2495 2488 2492
2495 2500 2488
2496 2491 2490
2496 2501 2499
2498 2497 2500
2499 2491 2496
2500 2495 2494
2499 2501 2494
2498 2500 2501
2501 2496 2498
2501 2500 2494
