6.528907012939453125e+01 7.738459777832031250e+01 2.482521247863769531e+01
6.577795410156250000e+01 7.533141326904296875e+01 2.576323890686035156e+01
6.647367095947265625e+01 7.735942077636718750e+01 2.607942199707031250e+01
6.267766189575195312e+01 7.671731567382812500e+01 2.467674255371093750e+01
6.206594848632812500e+01 7.581851196289062500e+01 2.506798934936523438e+01
6.345740509033203125e+01 7.590571594238281250e+01 2.436234474182128906e+01
6.477386474609375000e+01 7.567144012451171875e+01 2.492935371398925781e+01
6.417180633544921875e+01 7.684008026123046875e+01 2.515697097778320312e+01
6.028213119506835938e+01 7.281441497802734375e+01 2.451769638061523438e+01
6.111412048339843750e+01 7.195249176025390625e+01 2.426719856262207031e+01
6.139916610717773438e+01 7.275804138183593750e+01 2.422020530700683594e+01
6.549672698974609375e+01 7.805351257324218750e+01 2.524901008605957031e+01
6.461785888671875000e+01 7.813341522216796875e+01 2.521882820129394531e+01
6.438222503662109375e+01 7.489191436767578125e+01 2.485152816772460938e+01
6.254562759399414062e+01 7.455310058593750000e+01 2.559913825988769531e+01
6.102923583984375000e+01 7.417677307128906250e+01 2.569292831420898438e+01
6.235926818847656250e+01 7.385367584228515625e+01 2.580785560607910156e+01
6.205222320556640625e+01 7.243458557128906250e+01 2.521597671508789062e+01
6.286047363281250000e+01 7.780168151855468750e+01 2.516689872741699219e+01
6.568362426757812500e+01 7.333095550537109375e+01 2.509217262268066406e+01
6.560029602050781250e+01 7.396281433105468750e+01 2.505053520202636719e+01
5.970487594604492188e+01 7.249417114257812500e+01 2.509034347534179688e+01
5.993008422851562500e+01 7.146649932861328125e+01 2.524036598205566406e+01
6.398591232299804688e+01 7.413465881347656250e+01 2.532996749877929688e+01
6.376470947265625000e+01 7.874980163574218750e+01 2.557784652709960938e+01
6.182253265380859375e+01 7.819847106933593750e+01 2.622832107543945312e+01
6.027036285400390625e+01 7.658232879638671875e+01 2.623900985717773438e+01
6.649438476562500000e+01 7.272978973388671875e+01 2.563664436340332031e+01
6.758776092529296875e+01 7.318771362304687500e+01 2.557962417602539062e+01
6.666153717041015625e+01 7.457403564453125000e+01 2.595634460449218750e+01
6.552699279785156250e+01 7.220535278320312500e+01 2.623475646972656250e+01
6.098352432250976562e+01 7.812461090087890625e+01 2.658144378662109375e+01
6.321689224243164062e+01 7.954769897460937500e+01 2.651693344116210938e+01
6.528227996826171875e+01 7.880772399902343750e+01 2.640506172180175781e+01
6.311015701293945312e+01 7.408158111572265625e+01 2.580706787109375000e+01
6.077487564086914062e+01 7.094911193847656250e+01 2.607182502746582031e+01
6.431294250488281250e+01 7.270616149902343750e+01 2.675672149658203125e+01
6.664671325683593750e+01 7.540957641601562500e+01 2.603682708740234375e+01
6.764814758300781250e+01 7.733767700195312500e+01 2.628045463562011719e+01
5.929249954223632812e+01 7.210934448242187500e+01 2.683117675781250000e+01
6.682272338867187500e+01 7.831784820556640625e+01 2.762844085693359375e+01
6.139710617065429688e+01 7.465039062500000000e+01 2.559386634826660156e+01
5.988422393798828125e+01 7.504438018798828125e+01 2.572919464111328125e+01
6.873471069335937500e+01 7.419809722900390625e+01 2.715083694458007812e+01
6.006555557250976562e+01 7.359273529052734375e+01 2.599658584594726562e+01
6.013899612426757812e+01 7.414591979980468750e+01 2.616107559204101562e+01
6.679815673828125000e+01 7.168778228759765625e+01 2.699350547790527344e+01
5.919822692871093750e+01 7.609058380126953125e+01 2.662962913513183594e+01
6.458741760253906250e+01 7.995033264160156250e+01 2.827795410156250000e+01
5.922097015380859375e+01 7.487161254882812500e+01 2.640237808227539062e+01
6.821224975585937500e+01 7.640816497802734375e+01 2.683777618408203125e+01
6.283831787109375000e+01 7.278067779541015625e+01 2.642968750000000000e+01
6.961164093017578125e+01 7.516717529296875000e+01 2.782895660400390625e+01
6.184975433349609375e+01 7.121719360351562500e+01 2.671178054809570312e+01
6.616020202636718750e+01 6.771043395996093750e+01 2.530917358398437500e+01
6.672264862060546875e+01 6.714707946777343750e+01 2.699461364746093750e+01
6.682406616210937500e+01 6.808797454833984375e+01 2.587594413757324219e+01
6.643028259277343750e+01 6.973448181152343750e+01 2.696886444091796875e+01
6.590354919433593750e+01 6.866386413574218750e+01 2.566124916076660156e+01
6.692406463623046875e+01 7.935643768310546875e+01 2.996754837036132812e+01
6.175861358642578125e+01 7.053712463378906250e+01 2.797458648681640625e+01
6.907479095458984375e+01 7.609667205810546875e+01 2.767056274414062500e+01
6.525057983398437500e+01 6.776461029052734375e+01 2.562541007995605469e+01
6.504346466064453125e+01 6.840959167480468750e+01 2.623694992065429688e+01
5.957379531860351562e+01 7.337550354003906250e+01 2.756973457336425781e+01
6.201136016845703125e+01 8.029418945312500000e+01 2.881804084777832031e+01
6.852899169921875000e+01 7.219190216064453125e+01 2.738071441650390625e+01
5.951919937133789062e+01 7.827349090576171875e+01 2.687631225585937500e+01
6.582701110839843750e+01 6.680184936523437500e+01 2.669195365905761719e+01
6.440408325195312500e+01 6.802494812011718750e+01 2.718594360351562500e+01
5.841247940063476562e+01 7.549811553955078125e+01 2.767093467712402344e+01
5.863913726806640625e+01 7.443771362304687500e+01 2.762367630004882812e+01
5.829190063476562500e+01 7.712231445312500000e+01 2.700778007507324219e+01
5.975427246093750000e+01 7.092936706542968750e+01 2.697844123840332031e+01
5.987414550781250000e+01 7.948123168945312500e+01 2.819636917114257812e+01
5.966492080688476562e+01 7.390071105957031250e+01 2.725237846374511719e+01
6.546921539306640625e+01 6.978479003906250000e+01 2.778838920593261719e+01
6.279661178588867188e+01 7.144178771972656250e+01 2.760037231445312500e+01
6.995561218261718750e+01 7.590010070800781250e+01 2.874270820617675781e+01
6.483451843261718750e+01 6.704106903076171875e+01 2.726189994812011719e+01
6.971756744384765625e+01 7.705553436279296875e+01 2.955459213256835938e+01
6.887953186035156250e+01 7.810979461669921875e+01 2.936127853393554688e+01
5.813048553466796875e+01 7.769147491455078125e+01 2.780350685119628906e+01
6.578004455566406250e+01 7.132977294921875000e+01 2.704211044311523438e+01
6.699791717529296875e+01 6.994053649902343750e+01 2.771266555786132812e+01
6.453997039794921875e+01 7.073616027832031250e+01 2.807173538208007812e+01
6.368014526367187500e+01 7.125600433349609375e+01 2.792850112915039062e+01
7.055148315429687500e+01 7.379328155517578125e+01 2.790755653381347656e+01
7.117129516601562500e+01 7.478518676757812500e+01 2.803952598571777344e+01
6.973457336425781250e+01 7.798326110839843750e+01 3.041149902343750000e+01
6.266807937622070312e+01 8.070794677734375000e+01 2.916074371337890625e+01
6.675430297851562500e+01 7.064029693603515625e+01 2.712114334106445312e+01
6.334244918823242188e+01 8.112187194824218750e+01 3.010685920715332031e+01
6.470425415039062500e+01 6.942639923095703125e+01 2.879204177856445312e+01
6.782162475585937500e+01 7.883888244628906250e+01 2.983541679382324219e+01
5.917331314086914062e+01 7.193151092529296875e+01 2.894695091247558594e+01
6.953201293945312500e+01 7.106222534179687500e+01 2.946532058715820312e+01
7.043359375000000000e+01 7.198019409179687500e+01 2.985430145263671875e+01
5.757569503784179688e+01 7.687937164306640625e+01 2.820284652709960938e+01
7.068356323242187500e+01 7.309442138671875000e+01 2.860160255432128906e+01
6.766423797607421875e+01 6.820950317382812500e+01 2.837448310852050781e+01
5.931286239624023438e+01 7.372100830078125000e+01 2.876306724548339844e+01
7.140354156494140625e+01 7.522896575927734375e+01 2.899593353271484375e+01
6.820180511474609375e+01 7.097231292724609375e+01 2.824105262756347656e+01
5.805717468261718750e+01 7.496243286132812500e+01 2.903355026245117188e+01
6.775670623779296875e+01 6.982084655761718750e+01 2.953839302062988281e+01
5.950457763671875000e+01 7.998782348632812500e+01 2.946924018859863281e+01
6.312390136718750000e+01 7.075501251220703125e+01 2.854900360107421875e+01
6.427482604980468750e+01 6.765286254882812500e+01 2.793847656250000000e+01
7.169519042968750000e+01 7.368252563476562500e+01 2.910972213745117188e+01
6.735647583007812500e+01 6.742096710205078125e+01 2.851625442504882812e+01
6.550090026855468750e+01 6.662063598632812500e+01 2.844598770141601562e+01
7.176285552978515625e+01 7.561638641357421875e+01 3.043205261230468750e+01
6.063993453979492188e+01 8.119352722167968750e+01 2.986927413940429688e+01
5.740152359008789062e+01 7.665908050537109375e+01 2.912601089477539062e+01
6.467196655273437500e+01 6.992941284179687500e+01 2.893991470336914062e+01
5.935569381713867188e+01 7.303652191162109375e+01 2.962162780761718750e+01
6.614273834228515625e+01 7.999859619140625000e+01 3.093397712707519531e+01
7.031870269775390625e+01 7.633071136474609375e+01 2.997146987915039062e+01
6.159099578857421875e+01 7.035089111328125000e+01 2.930254936218261719e+01
5.971174240112304688e+01 7.090538787841796875e+01 2.876707458496093750e+01
7.002989196777343750e+01 7.863478088378906250e+01 3.188839149475097656e+01
7.224141693115234375e+01 7.427355194091796875e+01 2.994652557373046875e+01
6.426538848876953125e+01 6.861610412597656250e+01 2.961017036437988281e+01
6.644142913818359375e+01 6.665846252441406250e+01 2.920117759704589844e+01
6.090167236328125000e+01 8.179505157470703125e+01 3.106153488159179688e+01
5.760207366943359375e+01 7.773745727539062500e+01 2.976419067382812500e+01
6.373379135131835938e+01 8.141895294189453125e+01 3.133853721618652344e+01
6.405180358886718750e+01 7.053474426269531250e+01 2.930306053161621094e+01
6.459626007080078125e+01 6.694321441650390625e+01 2.960805702209472656e+01
7.231783294677734375e+01 7.225457000732421875e+01 3.028981590270996094e+01
7.271472930908203125e+01 7.278408050537109375e+01 3.054288101196289062e+01
6.365973281860351562e+01 7.051512908935546875e+01 3.060645866394042969e+01
6.437260437011718750e+01 6.977465820312500000e+01 3.107820129394531250e+01
7.081326293945312500e+01 7.681352233886718750e+01 3.170064163208007812e+01
5.955569458007812500e+01 8.148130798339843750e+01 3.061026954650878906e+01
5.899264907836914062e+01 8.104621124267578125e+01 3.113662910461425781e+01
5.868616104125976562e+01 7.976915740966796875e+01 3.114213562011718750e+01
6.029864501953125000e+01 8.189587402343750000e+01 3.104027557373046875e+01
7.010977935791015625e+01 7.020100402832031250e+01 3.127854728698730469e+01
6.488529205322265625e+01 8.053138732910156250e+01 3.086634063720703125e+01
6.807440948486328125e+01 6.935258483886718750e+01 3.082474517822265625e+01
6.831597900390625000e+01 7.000521087646484375e+01 3.061343383789062500e+01
6.027009201049804688e+01 7.079035186767578125e+01 3.013922309875488281e+01
6.603837585449218750e+01 6.658750152587890625e+01 3.024327659606933594e+01
5.829078674316406250e+01 7.426786804199218750e+01 2.996139144897460938e+01
7.293298339843750000e+01 7.525141143798828125e+01 3.140661048889160156e+01
7.259214782714843750e+01 7.590550994873046875e+01 3.171805572509765625e+01
5.795993041992187500e+01 8.233532714843750000e+01 3.014596939086914062e+01
5.815710830688476562e+01 8.287135314941406250e+01 3.008256149291992188e+01
7.092689514160156250e+01 7.102925872802734375e+01 3.079889106750488281e+01
6.878278350830078125e+01 7.970052337646484375e+01 3.235203552246093750e+01
5.881965637207031250e+01 8.344096374511718750e+01 3.135863304138183594e+01
7.297557830810546875e+01 7.361401367187500000e+01 3.097188568115234375e+01
6.657411956787109375e+01 8.007206726074218750e+01 3.160478210449218750e+01
6.416981506347656250e+01 6.775004577636718750e+01 3.051441383361816406e+01
5.921529006958007812e+01 7.362123107910156250e+01 3.070797157287597656e+01
5.958718490600585938e+01 7.148218536376953125e+01 3.073192596435546875e+01
5.741149139404296875e+01 7.594734191894531250e+01 3.124490928649902344e+01
6.756862640380859375e+01 6.736254882812500000e+01 3.040207290649414062e+01
6.791636657714843750e+01 8.043938446044921875e+01 3.257695770263671875e+01
6.080661392211914062e+01 8.214625549316406250e+01 3.223711395263671875e+01
5.736403656005859375e+01 8.204814147949218750e+01 3.174759864807128906e+01
6.503633880615234375e+01 6.678170776367187500e+01 3.186764144897460938e+01
6.182214355468750000e+01 7.042826080322265625e+01 3.101907157897949219e+01
7.196694183349609375e+01 7.072086334228515625e+01 3.256581878662109375e+01
5.836502838134765625e+01 8.094665527343750000e+01 3.261863708496093750e+01
7.074771118164062500e+01 7.004009246826171875e+01 3.239252853393554688e+01
5.730141830444335938e+01 8.327830505371093750e+01 3.215657424926757812e+01
5.950392913818359375e+01 7.299423217773437500e+01 3.131923484802246094e+01
5.989416122436523438e+01 7.240396118164062500e+01 3.199877357482910156e+01
6.447079467773437500e+01 6.756584930419921875e+01 3.197399330139160156e+01
6.422006988525390625e+01 7.011650848388671875e+01 3.231683349609375000e+01
5.707699584960937500e+01 7.707811737060546875e+01 3.268699264526367188e+01
7.327307891845703125e+01 7.194396209716796875e+01 3.326993179321289062e+01
5.788558197021484375e+01 8.395681762695312500e+01 3.279574966430664062e+01
5.959087753295898438e+01 8.344392395019531250e+01 3.300733947753906250e+01
6.805587768554687500e+01 6.845143127441406250e+01 3.191427230834960938e+01
5.893221282958984375e+01 7.394889831542968750e+01 3.302072143554687500e+01
6.534833526611328125e+01 8.078480529785156250e+01 3.376123046875000000e+01
6.355213165283203125e+01 7.057885742187500000e+01 3.289468383789062500e+01
6.850348663330078125e+01 6.955641174316406250e+01 3.278668212890625000e+01
7.053684997558593750e+01 7.867444610595703125e+01 3.263497543334960938e+01
6.948891448974609375e+01 7.976699829101562500e+01 3.431061172485351562e+01
6.102668762207031250e+01 8.230901336669921875e+01 3.360747528076171875e+01
7.374414062500000000e+01 7.410456848144531250e+01 3.283930206298828125e+01
7.403191375732421875e+01 7.582210540771484375e+01 3.338683319091796875e+01
7.149383544921875000e+01 7.719557189941406250e+01 3.248425292968750000e+01
7.323870849609375000e+01 7.669882202148437500e+01 3.284940338134765625e+01
5.830055236816406250e+01 8.042931365966796875e+01 3.409674453735351562e+01
5.734755706787109375e+01 7.849960327148437500e+01 3.346408081054687500e+01
6.707129669189453125e+01 6.708512878417968750e+01 3.168832778930664062e+01
6.450284576416015625e+01 6.858746337890625000e+01 3.251748657226562500e+01
6.393448638916015625e+01 8.183470153808593750e+01 3.411124801635742188e+01
6.078529357910156250e+01 7.198387145996093750e+01 3.290809249877929688e+01
6.185670089721679688e+01 7.112918090820312500e+01 3.290195465087890625e+01
7.216608428955078125e+01 7.863448333740234375e+01 3.356997680664062500e+01
7.372681427001953125e+01 7.267372894287109375e+01 3.351908111572265625e+01
5.975244903564453125e+01 7.288350677490234375e+01 3.288099288940429688e+01
6.765697479248046875e+01 6.759613037109375000e+01 3.244956970214843750e+01
6.301707458496093750e+01 7.083834075927734375e+01 3.415942001342773438e+01
5.684852218627929688e+01 7.664633941650390625e+01 3.478399658203125000e+01
6.840937805175781250e+01 8.095057678222656250e+01 3.607678604125976562e+01
7.438240814208984375e+01 7.481895446777343750e+01 3.358854675292968750e+01
7.457774353027343750e+01 7.624884796142578125e+01 3.423749542236328125e+01
7.097222900390625000e+01 7.894561004638671875e+01 3.339814758300781250e+01
6.487464904785156250e+01 6.926537322998046875e+01 3.321630477905273438e+01
6.600362396240234375e+01 8.132409667968750000e+01 3.632656478881835938e+01
6.601833343505859375e+01 6.700180053710937500e+01 3.343010711669921875e+01
5.811697769165039062e+01 7.479663848876953125e+01 3.398963165283203125e+01
5.760235595703125000e+01 7.545805358886718750e+01 3.341434478759765625e+01
5.819861221313476562e+01 8.144256591796875000e+01 3.536081695556640625e+01
5.706086349487304688e+01 8.301036834716796875e+01 3.413893890380859375e+01
6.722647094726562500e+01 8.103931427001953125e+01 3.551873779296875000e+01
6.982765960693359375e+01 8.010481262207031250e+01 3.578781127929687500e+01
7.146127319335937500e+01 6.996185302734375000e+01 3.318936920166015625e+01
6.509729766845703125e+01 6.755592346191406250e+01 3.366614532470703125e+01
6.422176361083984375e+01 8.220398712158203125e+01 3.599229431152343750e+01
7.430989837646484375e+01 7.802143096923828125e+01 3.461669540405273438e+01
7.430760955810546875e+01 7.348339080810546875e+01 3.396236801147460938e+01
7.368488311767578125e+01 7.132539367675781250e+01 3.427074050903320312e+01
7.493320465087890625e+01 7.171829223632812500e+01 3.581704711914062500e+01
7.244261932373046875e+01 7.946422576904296875e+01 3.458312225341796875e+01
5.960753250122070312e+01 8.334640502929687500e+01 3.458144378662109375e+01
5.724778747558593750e+01 8.217208099365234375e+01 3.388395690917968750e+01
5.794680404663085938e+01 8.392873382568359375e+01 3.421027374267578125e+01
6.741955566406250000e+01 6.800618743896484375e+01 3.388253784179687500e+01
6.821206665039062500e+01 6.927597808837890625e+01 3.402366638183593750e+01
6.929409790039062500e+01 6.950048065185546875e+01 3.449341583251953125e+01
7.320500183105468750e+01 6.956893157958984375e+01 3.398720169067382812e+01
7.155399322509765625e+01 7.954367828369140625e+01 3.468130493164062500e+01
7.086036682128906250e+01 6.949541473388671875e+01 3.403761672973632812e+01
6.129889678955078125e+01 7.201265716552734375e+01 3.483380889892578125e+01
5.784757232666015625e+01 8.072767639160156250e+01 3.591617202758789062e+01
6.514879608154296875e+01 6.941742706298828125e+01 3.393667602539062500e+01
6.864125823974609375e+01 6.948651123046875000e+01 3.425391387939453125e+01
5.703223037719726562e+01 7.592763519287109375e+01 3.587267684936523438e+01
5.742074203491210938e+01 8.273621368408203125e+01 3.570059204101562500e+01
6.069945526123046875e+01 8.253137207031250000e+01 3.507686233520507812e+01
7.570588684082031250e+01 7.455884552001953125e+01 3.434947204589843750e+01
6.534957122802734375e+01 6.849042510986328125e+01 3.422616577148437500e+01
7.264859771728515625e+01 6.898867034912109375e+01 3.503126525878906250e+01
7.512245941162109375e+01 7.947886657714843750e+01 3.659475708007812500e+01
7.416797637939453125e+01 8.091354370117187500e+01 3.730418014526367188e+01
6.766388702392578125e+01 6.906024169921875000e+01 3.465719223022460938e+01
5.851409530639648438e+01 8.341455841064453125e+01 3.564975738525390625e+01
5.763311767578125000e+01 8.325023651123046875e+01 3.581160736083984375e+01
5.946650314331054688e+01 7.328196716308593750e+01 3.795950698852539062e+01
5.675786972045898438e+01 7.798994445800781250e+01 3.538728713989257812e+01
6.224008941650390625e+01 8.232160949707031250e+01 3.556527328491210938e+01
6.489546966552734375e+01 6.987908935546875000e+01 3.452401351928710938e+01
7.587373352050781250e+01 7.682389068603515625e+01 3.561449432373046875e+01
6.021425628662109375e+01 8.244674682617187500e+01 3.635637283325195312e+01
6.628226470947265625e+01 6.809998321533203125e+01 3.466896438598632812e+01
5.957051086425781250e+01 7.319576263427734375e+01 3.416515350341796875e+01
6.308333969116210938e+01 8.249512481689453125e+01 3.669230270385742188e+01
5.787692260742187500e+01 7.485752868652343750e+01 3.828074645996093750e+01
5.651731109619140625e+01 7.732884979248046875e+01 3.625260543823242188e+01
6.195480728149414062e+01 7.151047515869140625e+01 3.565374374389648438e+01
7.447048950195312500e+01 6.946487426757812500e+01 3.640329360961914062e+01
7.253304290771484375e+01 8.099761962890625000e+01 3.646280670166015625e+01
6.606840515136718750e+01 6.940643310546875000e+01 3.544685745239257812e+01
7.607600402832031250e+01 7.317453002929687500e+01 3.598686981201171875e+01
6.702744293212890625e+01 6.914424896240234375e+01 3.523112869262695312e+01
6.790264892578125000e+01 6.942692565917968750e+01 3.582554626464843750e+01
7.053689575195312500e+01 8.046895599365234375e+01 3.672879791259765625e+01
5.839681243896484375e+01 8.192499542236328125e+01 3.641606521606445312e+01
7.198263549804687500e+01 6.853665161132812500e+01 3.624034118652343750e+01
7.144058990478515625e+01 6.824829864501953125e+01 3.764010620117187500e+01
6.648239135742187500e+01 6.926781463623046875e+01 3.544246292114257812e+01
6.426655578613281250e+01 7.033104705810546875e+01 3.653544235229492188e+01
7.650110626220703125e+01 7.462036895751953125e+01 3.535660552978515625e+01
7.669715881347656250e+01 7.924908447265625000e+01 3.777692031860351562e+01
6.845612335205078125e+01 6.937209320068359375e+01 3.611210250854492188e+01
7.655613708496093750e+01 7.628264617919921875e+01 3.633367156982421875e+01
7.374063110351562500e+01 6.857913970947265625e+01 3.693936920166015625e+01
5.912639999389648438e+01 8.252724456787109375e+01 3.656444931030273438e+01
6.199770355224609375e+01 8.250002288818359375e+01 3.723854064941406250e+01
5.702426910400390625e+01 7.947205352783203125e+01 3.675577163696289062e+01
7.699396514892578125e+01 7.322127532958984375e+01 3.749317932128906250e+01
6.480028533935546875e+01 8.284194946289062500e+01 3.843417739868164062e+01
6.966485595703125000e+01 8.139739227294921875e+01 3.845355987548828125e+01
7.767269897460937500e+01 7.486270904541015625e+01 3.842033004760742188e+01
7.692243957519531250e+01 7.795966339111328125e+01 3.752916717529296875e+01
5.871577072143554688e+01 8.193623352050781250e+01 3.772599029541015625e+01
7.735924530029296875e+01 7.386412048339843750e+01 3.789196014404296875e+01
7.717095947265625000e+01 7.672003173828125000e+01 3.797386932373046875e+01
6.738648223876953125e+01 6.948221588134765625e+01 3.730498886108398438e+01
5.713475418090820312e+01 8.005568695068359375e+01 3.784240722656250000e+01
5.659000015258789062e+01 7.684438323974609375e+01 3.711785125732421875e+01
5.642167663574218750e+01 7.765998077392578125e+01 3.718540573120117188e+01
7.559322357177734375e+01 7.058882904052734375e+01 3.741950988769531250e+01
7.673062133789062500e+01 7.199696350097656250e+01 3.766761779785156250e+01
6.627751922607421875e+01 6.962482452392578125e+01 3.772256469726562500e+01
6.090102386474609375e+01 8.228237915039062500e+01 3.784104537963867188e+01
6.663602447509765625e+01 8.240312194824218750e+01 3.994903564453125000e+01
7.558457183837890625e+01 6.732437133789062500e+01 3.626634216308593750e+01
7.609561157226562500e+01 6.608908081054687500e+01 3.634799194335937500e+01
7.655167388916015625e+01 6.694062042236328125e+01 3.587373352050781250e+01
5.950582122802734375e+01 8.158219909667968750e+01 3.964771652221679688e+01
6.918566894531250000e+01 8.187190246582031250e+01 3.982785034179687500e+01
6.401071166992187500e+01 8.331457519531250000e+01 4.104712295532226562e+01
7.350833892822265625e+01 8.212245178222656250e+01 3.895993804931640625e+01
7.727804565429687500e+01 7.214064025878906250e+01 3.859486770629882812e+01
7.563661193847656250e+01 8.097972869873046875e+01 3.798609161376953125e+01
7.518083953857421875e+01 6.661291503906250000e+01 3.681219482421875000e+01
7.684326934814453125e+01 6.637555694580078125e+01 3.647149276733398438e+01
7.628386688232421875e+01 6.756133270263671875e+01 3.642009353637695312e+01
7.472361755371093750e+01 6.874599456787109375e+01 3.767980957031250000e+01
7.712374877929687500e+01 6.741669464111328125e+01 3.717049407958984375e+01
7.737437438964843750e+01 6.636450195312500000e+01 3.816223907470703125e+01
7.533652496337890625e+01 6.833079528808593750e+01 3.816956710815429688e+01
7.209728240966796875e+01 8.219150543212890625e+01 3.883554840087890625e+01
7.059145355224609375e+01 8.213098144531250000e+01 3.982103347778320312e+01
7.278196716308593750e+01 6.808098602294921875e+01 3.827082824707031250e+01
5.771833038330078125e+01 8.111950683593750000e+01 3.842447280883789062e+01
6.207360076904296875e+01 7.133045196533203125e+01 3.885070037841796875e+01
7.748308563232421875e+01 7.914484405517578125e+01 3.861829376220703125e+01
5.687615966796875000e+01 7.896468353271484375e+01 3.852077865600585938e+01
5.664708709716796875e+01 7.745777130126953125e+01 3.802970886230468750e+01
7.762831115722656250e+01 7.830714416503906250e+01 3.860011291503906250e+01
5.751995849609375000e+01 8.064210510253906250e+01 3.916642379760742188e+01
6.018342590332031250e+01 8.163320159912109375e+01 4.035189056396484375e+01
7.477429199218750000e+01 8.252185058593750000e+01 3.999942016601562500e+01
7.696665954589843750e+01 6.579856872558593750e+01 3.867701721191406250e+01
5.787598419189453125e+01 7.525793457031250000e+01 3.933526229858398438e+01
7.619828796386718750e+01 6.856117248535156250e+01 3.876019287109375000e+01
7.471707153320312500e+01 6.783329772949218750e+01 3.803901290893554688e+01
7.512192535400390625e+01 6.607738494873046875e+01 3.796207809448242188e+01
5.839248657226562500e+01 8.121405792236328125e+01 3.947394561767578125e+01
7.139247894287109375e+01 6.789785003662109375e+01 3.915450668334960938e+01
6.191713333129882812e+01 8.277732849121093750e+01 4.075669479370117188e+01
6.107022094726562500e+01 7.208031463623046875e+01 3.827187347412109375e+01
7.457406616210937500e+01 6.827867889404296875e+01 3.803802490234375000e+01
7.750893402099609375e+01 8.030580902099609375e+01 3.948458099365234375e+01
7.709647369384765625e+01 7.072894287109375000e+01 3.989800262451171875e+01
7.744700622558593750e+01 6.738493347167968750e+01 3.835594177246093750e+01
6.163561248779296875e+01 7.147656250000000000e+01 4.007871627807617188e+01
6.980705261230468750e+01 6.869155120849609375e+01 3.906046676635742188e+01
6.350405120849609375e+01 7.042578125000000000e+01 4.004448699951171875e+01
7.806898498535156250e+01 7.537328338623046875e+01 4.033503723144531250e+01
7.628887939453125000e+01 6.922376251220703125e+01 3.949615097045898438e+01
7.608131408691406250e+01 6.561996459960937500e+01 3.834011459350585938e+01
7.805146026611328125e+01 7.677139282226562500e+01 4.053704833984375000e+01
7.377039337158203125e+01 8.359864807128906250e+01 4.150910949707031250e+01
7.663185119628906250e+01 8.111373901367187500e+01 3.941617584228515625e+01
7.802153015136718750e+01 7.920069122314453125e+01 3.965747070312500000e+01
5.757579803466796875e+01 7.782854461669921875e+01 4.018125534057617188e+01
7.581468200683593750e+01 8.216053009033203125e+01 4.014743041992187500e+01
7.679884338378906250e+01 6.888897705078125000e+01 4.016811752319335938e+01
6.756778717041015625e+01 6.936360168457031250e+01 3.898820877075195312e+01
6.488793945312500000e+01 8.317048645019531250e+01 4.028098678588867188e+01
7.398950195312500000e+01 6.797074890136718750e+01 3.880591583251953125e+01
5.929113769531250000e+01 8.069934844970703125e+01 4.111597442626953125e+01
5.753282165527343750e+01 7.932206726074218750e+01 3.970861053466796875e+01
7.535888671875000000e+01 6.562566375732421875e+01 3.963102722167968750e+01
6.557505035400390625e+01 6.978379821777343750e+01 3.972600555419921875e+01
5.794262313842773438e+01 8.009594726562500000e+01 4.016331863403320312e+01
7.775354766845703125e+01 7.091949462890625000e+01 4.149868392944335938e+01
5.827274322509765625e+01 7.895057678222656250e+01 4.071738433837890625e+01
7.455135345458984375e+01 8.344954681396484375e+01 4.131360626220703125e+01
7.408162689208984375e+01 6.679998779296875000e+01 4.028625488281250000e+01
7.745626831054687500e+01 6.654926300048828125e+01 4.071974182128906250e+01
7.179441070556640625e+01 6.749470520019531250e+01 4.018866348266601562e+01
6.141793823242187500e+01 8.240280151367187500e+01 4.150690460205078125e+01
7.705930328369140625e+01 8.216925811767578125e+01 4.155936050415039062e+01
5.977918624877929688e+01 7.325910949707031250e+01 4.071297836303710938e+01
6.917750549316406250e+01 6.868341827392578125e+01 4.067396926879882812e+01
7.065251922607421875e+01 6.765763854980468750e+01 4.074811935424804688e+01
5.791515350341796875e+01 7.712557220458984375e+01 4.082003402709960938e+01
7.808782196044921875e+01 7.239960479736328125e+01 4.119863128662109375e+01
5.893270874023437500e+01 7.415515136718750000e+01 4.059580230712890625e+01
5.842244338989257812e+01 7.549557495117187500e+01 4.112002182006835938e+01
7.707846832275390625e+01 6.862186431884765625e+01 4.083498001098632812e+01
7.348354339599609375e+01 6.691606140136718750e+01 4.080007171630859375e+01
6.690961456298828125e+01 8.266264343261718750e+01 4.202401733398437500e+01
7.709849548339843750e+01 6.594573211669921875e+01 4.070262527465820312e+01
6.056199645996093750e+01 7.250380706787109375e+01 4.039436721801757812e+01
6.935337829589843750e+01 8.237316894531250000e+01 4.165995025634765625e+01
7.750652313232421875e+01 6.747785186767578125e+01 4.188594055175781250e+01
7.406400299072265625e+01 6.645372772216796875e+01 4.144869995117187500e+01
7.253752136230468750e+01 8.375059509277343750e+01 4.260762405395507812e+01
6.041127395629882812e+01 8.110522460937500000e+01 4.238345718383789062e+01
7.614523315429687500e+01 8.325324249267578125e+01 4.181698226928710938e+01
5.858832168579101562e+01 7.819842529296875000e+01 4.210146331787109375e+01
7.624658966064453125e+01 6.553939819335937500e+01 4.085491180419921875e+01
6.078231811523437500e+01 7.200019836425781250e+01 4.197596359252929688e+01
6.540557861328125000e+01 8.309132385253906250e+01 4.278413391113281250e+01
7.857379913330078125e+01 7.397137451171875000e+01 4.253227233886718750e+01
6.322588348388671875e+01 7.003504180908203125e+01 4.295754623413085938e+01
6.826897430419921875e+01 8.247703552246093750e+01 4.197972106933593750e+01
5.936106872558593750e+01 7.978830718994140625e+01 4.212595748901367188e+01
5.876020812988281250e+01 7.480256652832031250e+01 4.186570358276367188e+01
7.472032928466796875e+01 6.600527191162109375e+01 4.301922225952148438e+01
7.720553588867187500e+01 6.951778411865234375e+01 4.143394851684570312e+01
5.837726593017578125e+01 7.716168212890625000e+01 4.203527450561523438e+01
7.035682678222656250e+01 8.280744934082031250e+01 4.218939208984375000e+01
6.880435180664062500e+01 8.265935516357421875e+01 4.358092880249023438e+01
7.835705566406250000e+01 7.240941619873046875e+01 4.228889465332031250e+01
7.856948089599609375e+01 8.029772949218750000e+01 4.284595108032226562e+01
6.340733718872070312e+01 8.321540832519531250e+01 4.289440155029296875e+01
6.582762145996093750e+01 6.941948699951171875e+01 4.127969360351562500e+01
6.510034179687500000e+01 8.299471282958984375e+01 4.376136016845703125e+01
7.779058837890625000e+01 7.004058837890625000e+01 4.301174926757812500e+01
7.776361846923828125e+01 8.176895141601562500e+01 4.222586441040039062e+01
7.738649749755859375e+01 6.671186828613281250e+01 4.295442581176757812e+01
7.856869506835937500e+01 7.713134002685546875e+01 4.276021575927734375e+01
7.890016937255859375e+01 7.813393402099609375e+01 4.380560684204101562e+01
6.482290649414062500e+01 6.954849243164062500e+01 4.193746185302734375e+01
6.016068267822265625e+01 8.042758941650390625e+01 4.405771255493164062e+01
5.986198043823242188e+01 7.980271911621093750e+01 4.450511932373046875e+01
5.857978820800781250e+01 7.623944091796875000e+01 4.283856964111328125e+01
6.970100402832031250e+01 6.751899719238281250e+01 4.188538360595703125e+01
7.077809906005859375e+01 6.692691040039062500e+01 4.200222015380859375e+01
5.904534912109375000e+01 7.442591857910156250e+01 4.377665710449218750e+01
7.709822845458984375e+01 6.877425384521484375e+01 4.314516830444335938e+01
5.935611343383789062e+01 7.852834320068359375e+01 4.410647201538085938e+01
5.871171569824218750e+01 7.721984100341796875e+01 4.334804916381835938e+01
6.854637908935546875e+01 6.860292816162109375e+01 4.190887451171875000e+01
6.762038421630859375e+01 6.828705596923828125e+01 4.351392745971679688e+01
5.962400054931640625e+01 7.345204162597656250e+01 4.209126663208007812e+01
6.246728515625000000e+01 8.238743591308593750e+01 4.367584991455078125e+01
7.350624084472656250e+01 6.633236694335937500e+01 4.254455184936523438e+01
7.462951660156250000e+01 8.420995330810546875e+01 4.309947967529296875e+01
7.571728515625000000e+01 8.425418853759765625e+01 4.319876480102539062e+01
7.185089874267578125e+01 6.625035095214843750e+01 4.306275177001953125e+01
7.679760742187500000e+01 8.410289764404296875e+01 4.351650238037109375e+01
6.120067214965820312e+01 8.115252685546875000e+01 4.369338226318359375e+01
7.125258636474609375e+01 8.373502349853515625e+01 4.420354843139648438e+01
6.018252563476562500e+01 7.266683197021484375e+01 4.364527130126953125e+01
6.709255981445312500e+01 8.263340759277343750e+01 4.267036819458007812e+01
6.661058044433593750e+01 8.252316284179687500e+01 4.380408096313476562e+01
6.375426483154296875e+01 8.276969909667968750e+01 4.434413909912109375e+01
7.830462646484375000e+01 7.109125518798828125e+01 4.322288131713867188e+01
7.889580535888671875e+01 7.233353424072265625e+01 4.362052917480468750e+01
7.809484863281250000e+01 6.716667938232421875e+01 4.346021270751953125e+01
7.872741699218750000e+01 7.490459442138671875e+01 4.305710983276367188e+01
7.914466857910156250e+01 7.505535888671875000e+01 4.411989593505859375e+01
7.768332672119140625e+01 6.777005767822265625e+01 4.300837707519531250e+01
6.880074310302734375e+01 8.308308410644531250e+01 4.586809158325195312e+01
7.620952606201171875e+01 6.607412719726562500e+01 4.420502853393554688e+01
6.245692443847656250e+01 7.046386718750000000e+01 4.332307434082031250e+01
6.739687347412109375e+01 8.256822967529296875e+01 4.438660812377929688e+01
6.488465118408203125e+01 6.856538391113281250e+01 4.412442398071289062e+01
6.957203674316406250e+01 6.585141754150390625e+01 4.283286666870117188e+01
7.865610504150390625e+01 8.233634948730468750e+01 4.382027435302734375e+01
7.357988739013671875e+01 8.424085998535156250e+01 4.390481948852539062e+01
6.177323150634765625e+01 7.113540649414062500e+01 4.277302551269531250e+01
7.827899932861328125e+01 7.018859863281250000e+01 4.406448745727539062e+01
7.911838531494140625e+01 8.064524841308593750e+01 4.426887512207031250e+01
7.778874969482421875e+01 8.386357879638671875e+01 4.402890777587890625e+01
7.736970520019531250e+01 6.887760162353515625e+01 4.403117752075195312e+01
7.484443664550781250e+01 8.485026550292968750e+01 4.422747802734375000e+01
5.871000289916992188e+01 7.554283142089843750e+01 4.490230941772460938e+01
6.037623977661132812e+01 7.957649230957031250e+01 4.587671661376953125e+01
7.982115936279296875e+01 7.349708557128906250e+01 4.452692794799804688e+01
7.933460235595703125e+01 7.927793884277343750e+01 4.517427825927734375e+01
7.287399291992187500e+01 8.459551239013671875e+01 4.684245681762695312e+01
8.014854431152343750e+01 8.226750183105468750e+01 4.586433029174804688e+01
7.941734313964843750e+01 7.112004089355468750e+01 4.514099121093750000e+01
7.675041198730468750e+01 6.609741210937500000e+01 4.482610321044921875e+01
6.135448455810546875e+01 7.165087890625000000e+01 4.408409500122070312e+01
7.116033172607421875e+01 6.550129699707031250e+01 4.434714508056640625e+01
6.835015106201171875e+01 6.591257476806640625e+01 4.403525161743164062e+01
6.233283233642578125e+01 8.070848846435546875e+01 4.472563171386718750e+01
5.890668487548828125e+01 7.644181060791015625e+01 4.526203155517578125e+01
7.881069183349609375e+01 6.766706085205078125e+01 4.388727188110351562e+01
6.356182098388671875e+01 8.182337951660156250e+01 4.539040374755859375e+01
7.816105651855468750e+01 6.923867034912109375e+01 4.456697082519531250e+01
7.439070129394531250e+01 6.600421905517578125e+01 4.402511978149414062e+01
6.462203216552734375e+01 8.239704132080078125e+01 4.585271072387695312e+01
6.909387969970703125e+01 6.527322387695312500e+01 4.393777847290039062e+01
7.672582244873046875e+01 8.507135772705078125e+01 4.408949661254882812e+01
7.925871276855468750e+01 6.852632904052734375e+01 4.498474884033203125e+01
6.963750457763671875e+01 6.430303955078125000e+01 4.556402206420898438e+01
6.087525939941406250e+01 7.997237396240234375e+01 4.561986923217773438e+01
7.387014007568359375e+01 8.479780578613281250e+01 4.555179977416992188e+01
6.672737884521484375e+01 6.790169525146484375e+01 4.497280120849609375e+01
6.310949707031250000e+01 6.999369812011718750e+01 4.459472656250000000e+01
6.755526733398437500e+01 6.724700927734375000e+01 4.460570526123046875e+01
7.886492156982421875e+01 6.682456207275390625e+01 4.426484680175781250e+01
7.336109924316406250e+01 6.592156219482421875e+01 4.399338150024414062e+01
6.626423645019531250e+01 8.219570159912109375e+01 4.563793182373046875e+01
5.917991638183593750e+01 7.478955078125000000e+01 4.524668502807617188e+01
6.196831512451171875e+01 7.082978057861328125e+01 4.488382720947265625e+01
7.850651550292968750e+01 8.391153717041015625e+01 4.445734786987304688e+01
7.792476654052734375e+01 8.608371734619140625e+01 4.458307647705078125e+01
7.963195037841796875e+01 8.396074676513671875e+01 4.576469802856445312e+01
6.002976608276367188e+01 7.876560974121093750e+01 4.615859603881835938e+01
6.106307983398437500e+01 7.274692535400390625e+01 4.573916244506835938e+01
8.016858673095703125e+01 7.371009063720703125e+01 4.511832427978515625e+01
8.016761779785156250e+01 7.487244415283203125e+01 4.628357696533203125e+01
7.514688110351562500e+01 8.545876312255859375e+01 4.459403991699218750e+01
7.673487091064453125e+01 8.628756713867187500e+01 4.428244781494140625e+01
7.459766387939453125e+01 8.590327453613281250e+01 4.537387466430664062e+01
7.579630279541015625e+01 8.671474456787109375e+01 4.463407135009765625e+01
7.938460540771484375e+01 7.799976348876953125e+01 4.517974090576171875e+01
7.691791534423828125e+01 8.711679840087890625e+01 4.498479080200195312e+01
6.782812500000000000e+01 6.562176513671875000e+01 4.547209167480468750e+01
7.922856903076171875e+01 6.944065093994140625e+01 4.568238830566406250e+01
7.953446960449218750e+01 6.751201629638671875e+01 4.488320922851562500e+01
7.932447052001953125e+01 6.614496612548828125e+01 4.483444976806640625e+01
7.807637023925781250e+01 6.599444580078125000e+01 4.486780929565429688e+01
7.080413055419921875e+01 6.462578582763671875e+01 4.576235198974609375e+01
7.174167633056640625e+01 6.462197875976562500e+01 4.646854400634765625e+01
8.031188964843750000e+01 8.087786865234375000e+01 4.606539916992187500e+01
7.923239135742187500e+01 8.573434448242187500e+01 4.568906784057617188e+01
8.029602813720703125e+01 7.620312500000000000e+01 4.673140716552734375e+01
6.203524017333984375e+01 7.108584594726562500e+01 4.577814865112304688e+01
8.057124328613281250e+01 7.807419586181640625e+01 4.845656967163085938e+01
8.069287109375000000e+01 7.680471038818359375e+01 4.830601501464843750e+01
6.760907745361328125e+01 8.271553039550781250e+01 4.693387222290039062e+01
6.395849609375000000e+01 6.897836303710937500e+01 4.571337509155273438e+01
6.325402069091796875e+01 7.021282958984375000e+01 4.634836578369140625e+01
7.535328674316406250e+01 6.586568450927734375e+01 4.556034851074218750e+01
7.744869995117187500e+01 6.583187103271484375e+01 4.531441879272460938e+01
7.700914001464843750e+01 8.794135284423828125e+01 4.631169891357421875e+01
7.494947052001953125e+01 8.727492523193359375e+01 4.670265960693359375e+01
8.080886077880859375e+01 7.202816772460937500e+01 4.660815429687500000e+01
7.314105987548828125e+01 6.549463653564453125e+01 4.504720306396484375e+01
6.190232086181640625e+01 8.011233520507812500e+01 4.748572158813476562e+01
6.281690216064453125e+01 8.078057861328125000e+01 4.746524047851562500e+01
7.802322387695312500e+01 8.709396362304687500e+01 4.571850585937500000e+01
6.896365356445312500e+01 6.434706115722656250e+01 4.621273803710937500e+01
6.649735260009765625e+01 6.709693145751953125e+01 4.764098358154296875e+01
7.998536682128906250e+01 6.396535873413085938e+01 4.466299438476562500e+01
7.865854644775390625e+01 6.395254516601562500e+01 4.473730087280273438e+01
8.070869445800781250e+01 6.481954193115234375e+01 4.539535903930664062e+01
6.586451721191406250e+01 6.804499816894531250e+01 4.631476974487304688e+01
6.388995742797851562e+01 8.134113311767578125e+01 4.798044967651367188e+01
7.452558135986328125e+01 8.671039581298828125e+01 4.633108520507812500e+01
8.007339477539062500e+01 6.661142730712890625e+01 4.626274871826171875e+01
8.003737640380859375e+01 7.034194183349609375e+01 4.663002395629882812e+01
6.049316024780273438e+01 7.444746398925781250e+01 4.652109527587890625e+01
5.982221984863281250e+01 7.663446807861328125e+01 4.675722122192382812e+01
6.547760009765625000e+01 8.171679687500000000e+01 4.759930419921875000e+01
6.032006454467773438e+01 7.574202728271484375e+01 4.705224227905273438e+01
7.943153381347656250e+01 6.331805801391601562e+01 4.558095169067382812e+01
7.338668060302734375e+01 6.482720947265625000e+01 4.628955841064453125e+01
7.602256011962890625e+01 6.528913116455078125e+01 4.656871414184570312e+01
8.007903289794921875e+01 6.809799194335937500e+01 4.689590072631835938e+01
8.073661804199218750e+01 8.272403717041015625e+01 4.761493682861328125e+01
8.071212768554687500e+01 6.357053375244140625e+01 4.638948822021484375e+01
8.163528442382812500e+01 7.293868255615234375e+01 4.828981399536132812e+01
8.135587310791015625e+01 7.438631439208984375e+01 4.817808151245117188e+01
8.015384674072265625e+01 8.476687622070312500e+01 4.724166870117187500e+01
7.677119445800781250e+01 6.456264495849609375e+01 4.715916824340820312e+01
7.744495391845703125e+01 6.304399490356445312e+01 4.730513381958007812e+01
7.849492645263671875e+01 6.273451614379882812e+01 4.721648025512695312e+01
7.993025970458984375e+01 8.684573364257812500e+01 4.767790222167968750e+01
7.916630554199218750e+01 8.744569396972656250e+01 4.769805526733398438e+01
7.331266784667968750e+01 8.512644195556640625e+01 4.841119384765625000e+01
6.189865112304687500e+01 7.218783569335937500e+01 4.703317642211914062e+01
8.081518554687500000e+01 8.137078857421875000e+01 4.740444564819335938e+01
7.426223754882812500e+01 8.678076934814453125e+01 4.736965942382812500e+01
6.550005340576171875e+01 6.828089141845703125e+01 4.764236831665039062e+01
6.694992065429687500e+01 8.228102111816406250e+01 4.822664260864257812e+01
7.108760833740234375e+01 8.437968444824218750e+01 4.826793670654296875e+01
6.085108947753906250e+01 7.752021789550781250e+01 4.757374572753906250e+01
6.305498123168945312e+01 7.113922882080078125e+01 4.745121002197265625e+01
8.103437805175781250e+01 6.543535614013671875e+01 4.662424087524414062e+01
6.916003417968750000e+01 6.311363983154296875e+01 4.662956619262695312e+01
7.607972717285156250e+01 8.821756744384765625e+01 4.814558029174804688e+01
8.139359283447265625e+01 6.470996093750000000e+01 4.731597900390625000e+01
8.041520690917968750e+01 8.656608581542968750e+01 4.819080352783203125e+01
7.993591308593750000e+01 6.951592254638671875e+01 4.717728042602539062e+01
7.004907226562500000e+01 6.258909606933593750e+01 4.636725616455078125e+01
7.041900634765625000e+01 8.386851501464843750e+01 4.729536819458007812e+01
8.155134582519531250e+01 7.540801239013671875e+01 4.888072967529296875e+01
8.059989929199218750e+01 6.660487365722656250e+01 4.785201644897460938e+01
8.028106689453125000e+01 6.914464569091796875e+01 4.858959579467773438e+01
8.123104095458984375e+01 7.171642303466796875e+01 4.773789596557617188e+01
6.382953643798828125e+01 7.062702178955078125e+01 4.860591506958007812e+01
6.447222137451171875e+01 6.938009643554687500e+01 4.871187591552734375e+01
7.143258666992187500e+01 6.291144561767578125e+01 4.796892547607421875e+01
6.277908325195312500e+01 8.019178009033203125e+01 4.835000228881835938e+01
8.012635040283203125e+01 6.280329513549804688e+01 4.822946929931640625e+01
6.807728576660156250e+01 8.258947753906250000e+01 4.839110183715820312e+01
7.003596496582031250e+01 8.349206542968750000e+01 4.856986236572265625e+01
6.138318252563476562e+01 7.504027557373046875e+01 4.754707336425781250e+01
8.092995452880859375e+01 7.960355377197265625e+01 4.905676269531250000e+01
6.207664871215820312e+01 7.326429748535156250e+01 4.823265838623046875e+01
6.849014282226562500e+01 6.454402160644531250e+01 4.768791198730468750e+01
6.165385818481445312e+01 7.916460418701171875e+01 4.824428176879882812e+01
7.633708190917968750e+01 6.393254089355468750e+01 4.809148788452148438e+01
7.539029693603515625e+01 6.449507141113281250e+01 4.705410766601562500e+01
7.430159759521484375e+01 6.337091064453125000e+01 4.714836120605468750e+01
6.712652587890625000e+01 6.602843475341796875e+01 4.828814697265625000e+01
7.252794647216796875e+01 8.476014709472656250e+01 4.908939361572265625e+01
7.444040679931640625e+01 8.740834808349609375e+01 4.967018508911132812e+01
7.528181457519531250e+01 6.273777770996093750e+01 4.789639663696289062e+01
8.020085906982421875e+01 8.852267456054687500e+01 4.671305847167968750e+01
8.122963714599609375e+01 8.818782806396484375e+01 4.672181701660156250e+01
8.068022155761718750e+01 8.964396667480468750e+01 4.662052154541015625e+01
7.950486755371093750e+01 8.947573089599609375e+01 4.706175231933593750e+01
7.820046234130859375e+01 6.220642852783203125e+01 4.759142303466796875e+01
8.122731781005859375e+01 6.332276153564453125e+01 4.902725982666015625e+01
8.181708526611328125e+01 6.411991882324218750e+01 5.021453857421875000e+01
6.578674316406250000e+01 8.131885528564453125e+01 4.839419174194335938e+01
6.349681854248046875e+01 7.184133148193359375e+01 4.876562500000000000e+01
6.865763854980468750e+01 6.299441528320312500e+01 4.812207031250000000e+01
6.942664337158203125e+01 6.226543045043945312e+01 4.754198074340820312e+01
6.265590667724609375e+01 7.476997375488281250e+01 4.836928176879882812e+01
6.296078491210937500e+01 7.906483459472656250e+01 4.846598052978515625e+01
6.234662628173828125e+01 7.769734191894531250e+01 4.880823516845703125e+01
7.258768463134765625e+01 6.285536193847656250e+01 4.777075195312500000e+01
6.545897674560546875e+01 8.084337615966796875e+01 4.851494979858398438e+01
7.810324096679687500e+01 8.783290863037109375e+01 4.841146850585937500e+01
8.165634918212890625e+01 8.737472534179687500e+01 4.775286102294921875e+01
8.215274810791015625e+01 8.808177185058593750e+01 4.793178176879882812e+01
8.062451171875000000e+01 8.609639739990234375e+01 4.882046890258789062e+01
7.038613128662109375e+01 6.219298171997070312e+01 4.933804702758789062e+01
7.959710693359375000e+01 9.026435852050781250e+01 4.794102478027343750e+01
6.316386413574218750e+01 7.344510650634765625e+01 4.927806854248046875e+01
6.479119110107421875e+01 6.948844146728515625e+01 5.001318740844726562e+01
7.822359466552734375e+01 8.798548126220703125e+01 4.896378326416015625e+01
6.467740631103515625e+01 7.878657531738281250e+01 4.851540374755859375e+01
6.230966186523437500e+01 7.562364959716796875e+01 4.810578918457031250e+01
6.313171005249023438e+01 7.568527984619140625e+01 4.831071853637695312e+01
8.079509735107421875e+01 9.011430358886718750e+01 4.738211822509765625e+01
8.058831024169921875e+01 7.013505554199218750e+01 4.889978790283203125e+01
8.189196777343750000e+01 8.918260192871093750e+01 4.749498748779296875e+01
7.405848693847656250e+01 6.051421737670898438e+01 4.959829711914062500e+01
7.965554809570312500e+01 6.225658798217773438e+01 4.873451232910156250e+01
7.288671112060546875e+01 8.510089874267578125e+01 5.012710952758789062e+01
6.274348068237304688e+01 7.749092102050781250e+01 4.895985031127929688e+01
6.697805786132812500e+01 8.146345520019531250e+01 5.015584564208984375e+01
7.999481964111328125e+01 9.049087524414062500e+01 4.832197189331054688e+01
7.722303009033203125e+01 6.178079986572265625e+01 4.774919891357421875e+01
7.607725524902343750e+01 6.235330200195312500e+01 4.798407363891601562e+01
6.421264648437500000e+01 7.746936035156250000e+01 4.859641647338867188e+01
6.623075103759765625e+01 8.100297546386718750e+01 4.911441040039062500e+01
6.588862609863281250e+01 7.713512420654296875e+01 4.965373992919921875e+01
6.581541442871093750e+01 7.891000366210937500e+01 4.902781677246093750e+01
8.067827606201171875e+01 8.470401763916015625e+01 4.905855178833007812e+01
6.541304016113281250e+01 7.548377227783203125e+01 4.927777099609375000e+01
6.863322448730468750e+01 8.201902008056640625e+01 4.969236755371093750e+01
7.532276916503906250e+01 8.801519012451171875e+01 4.938516998291015625e+01
8.189758300781250000e+01 8.978619384765625000e+01 4.906567764282226562e+01
7.525831604003906250e+01 6.157342910766601562e+01 4.867467498779296875e+01
6.549135589599609375e+01 6.781803894042968750e+01 5.026727676391601562e+01
8.180236053466796875e+01 7.250682067871093750e+01 4.887580490112304688e+01
7.097657775878906250e+01 8.426916503906250000e+01 4.973423385620117188e+01
8.180044555664062500e+01 7.573739624023437500e+01 5.030239868164062500e+01
8.160307312011718750e+01 6.541754913330078125e+01 4.936915588378906250e+01
8.089504241943359375e+01 7.683504486083984375e+01 4.981866073608398438e+01
8.066008758544921875e+01 6.701155090332031250e+01 4.961693954467773438e+01
6.739735412597656250e+01 7.790019226074218750e+01 4.988719558715820312e+01
6.773062133789062500e+01 7.851664733886718750e+01 5.015932083129882812e+01
8.250156402587890625e+01 8.757197570800781250e+01 4.966703414916992188e+01
7.614172363281250000e+01 6.045567321777343750e+01 4.965513992309570312e+01
7.776693725585937500e+01 6.101306915283203125e+01 4.827124786376953125e+01
6.446922302246093750e+01 7.207289123535156250e+01 4.968530273437500000e+01
8.208078002929687500e+01 8.681777191162109375e+01 4.983059692382812500e+01
6.490901947021484375e+01 6.899490356445312500e+01 4.971597290039062500e+01
7.606385803222656250e+01 8.805744171142578125e+01 5.041878890991210938e+01
6.562014770507812500e+01 7.448863220214843750e+01 4.980414962768554688e+01
8.245708465576171875e+01 8.876819610595703125e+01 4.897822189331054688e+01
7.011068725585937500e+01 8.315381622314453125e+01 4.964285659790039062e+01
6.467160034179687500e+01 7.090333557128906250e+01 5.026240539550781250e+01
6.968965148925781250e+01 8.216675567626953125e+01 5.034768676757812500e+01
6.915538787841796875e+01 6.243183135986328125e+01 4.959516906738281250e+01
7.240626525878906250e+01 8.462451934814453125e+01 5.056035232543945312e+01
6.799630737304687500e+01 6.499982452392578125e+01 5.088500976562500000e+01
8.054978179931640625e+01 6.878878784179687500e+01 5.031505966186523438e+01
8.071587371826171875e+01 7.748069000244140625e+01 5.070251846313476562e+01
8.064823150634765625e+01 6.986515045166015625e+01 5.072126007080078125e+01
8.145979309082031250e+01 8.216487121582031250e+01 5.265925598144531250e+01
7.151467132568359375e+01 6.229042816162109375e+01 4.879452514648437500e+01
7.290636444091796875e+01 6.040346527099609375e+01 5.012747573852539062e+01
8.113945007324218750e+01 9.025337219238281250e+01 4.959093475341796875e+01
7.954483795166015625e+01 6.100884628295898438e+01 4.940868377685546875e+01
6.940675354003906250e+01 8.106398010253906250e+01 5.093159484863281250e+01
6.725171661376953125e+01 8.078119659423828125e+01 5.049135589599609375e+01
8.163523864746093750e+01 7.448368835449218750e+01 4.984664154052734375e+01
8.089345550537109375e+01 7.071126556396484375e+01 5.034075927734375000e+01
7.330005645751953125e+01 8.577580261230468750e+01 5.068658065795898438e+01
6.515526580810546875e+01 7.324172973632812500e+01 5.024514770507812500e+01
6.760021972656250000e+01 7.618138122558593750e+01 5.020273971557617188e+01
6.692378997802734375e+01 7.515365600585937500e+01 4.997595214843750000e+01
7.674764251708984375e+01 8.802007293701171875e+01 5.049906921386718750e+01
7.785472106933593750e+01 8.942353820800781250e+01 4.971144866943359375e+01
6.809087371826171875e+01 7.713977050781250000e+01 5.040332412719726562e+01
7.832700347900390625e+01 8.994076538085937500e+01 5.026747512817382812e+01
7.122295379638671875e+01 8.385240173339843750e+01 5.112172317504882812e+01
8.089073181152343750e+01 8.534215545654296875e+01 5.066546630859375000e+01
6.842459869384765625e+01 6.327060317993164062e+01 5.015235900878906250e+01
7.209989929199218750e+01 8.417196655273437500e+01 5.152802658081054688e+01
8.120965576171875000e+01 8.345868682861328125e+01 5.235367202758789062e+01
6.649763488769531250e+01 6.642761230468750000e+01 5.147539901733398438e+01
8.086528015136718750e+01 7.869911956787109375e+01 5.067290878295898438e+01
8.132978057861328125e+01 8.057018280029296875e+01 5.163852691650390625e+01
6.581037139892578125e+01 7.344953918457031250e+01 5.065831756591796875e+01
8.111305999755859375e+01 8.593397521972656250e+01 5.068062210083007812e+01
8.124758148193359375e+01 6.282714462280273438e+01 4.992507553100585938e+01
6.819453430175781250e+01 7.958158874511718750e+01 5.066004562377929688e+01
6.844806671142578125e+01 7.890490722656250000e+01 5.088439941406250000e+01
7.831512451171875000e+01 6.028041076660156250e+01 5.016777038574218750e+01
6.511328887939453125e+01 7.185972595214843750e+01 5.069738388061523438e+01
6.790069580078125000e+01 7.489450073242187500e+01 5.062558364868164062e+01
6.879029083251953125e+01 7.659169006347656250e+01 5.182722473144531250e+01
8.089701080322265625e+01 7.064505004882812500e+01 5.208226776123046875e+01
8.183524322509765625e+01 7.602941894531250000e+01 5.256381988525390625e+01
8.151635742187500000e+01 7.242581939697265625e+01 5.177259063720703125e+01
8.188754272460937500e+01 7.544976043701171875e+01 5.183892822265625000e+01
7.487204742431640625e+01 8.784002685546875000e+01 5.132815170288085938e+01
6.607171630859375000e+01 7.294918823242187500e+01 5.146049880981445312e+01
6.608854675292968750e+01 7.203272247314453125e+01 5.285463333129882812e+01
6.879818725585937500e+01 7.506085968017578125e+01 5.199900817871093750e+01
6.755529022216796875e+01 7.400782775878906250e+01 5.165211486816406250e+01
6.515054321289062500e+01 6.937236785888671875e+01 5.166449356079101562e+01
6.961775207519531250e+01 7.978929138183593750e+01 5.146764755249023438e+01
8.034771728515625000e+01 6.106275939941406250e+01 4.982988739013671875e+01
7.015037536621093750e+01 6.208039855957031250e+01 5.090837478637695312e+01
7.046644592285156250e+01 8.175203704833984375e+01 5.176795578002929688e+01
8.122677612304687500e+01 6.238931655883789062e+01 5.006305694580078125e+01
8.211836242675781250e+01 8.942472839355468750e+01 5.049247360229492188e+01
8.166019439697265625e+01 6.529463958740234375e+01 5.246401214599609375e+01
8.170774841308593750e+01 7.369150543212890625e+01 5.182960128784179688e+01
7.366477203369140625e+01 8.692090606689453125e+01 5.202277755737304688e+01
6.805438232421875000e+01 6.517579650878906250e+01 5.201596832275390625e+01
8.054075622558593750e+01 9.022273254394531250e+01 5.168325042724609375e+01
7.167987823486328125e+01 6.049114227294921875e+01 5.125895690917968750e+01
8.004257202148437500e+01 6.038908004760742188e+01 5.013719558715820312e+01
7.054598999023437500e+01 7.985035705566406250e+01 5.233419799804687500e+01
7.316857910156250000e+01 8.558094024658203125e+01 5.179900360107421875e+01
8.150405120849609375e+01 6.074848175048828125e+01 5.006193542480468750e+01
6.563648986816406250e+01 7.082220458984375000e+01 5.278078842163085938e+01
7.393956756591796875e+01 5.987157440185546875e+01 5.116466522216796875e+01
8.161808776855468750e+01 6.276047515869140625e+01 5.055598068237304688e+01
8.192634582519531250e+01 6.342201995849609375e+01 5.163813018798828125e+01
7.930948638916015625e+01 9.036966705322265625e+01 5.159501647949218750e+01
6.982015228271484375e+01 6.234595489501953125e+01 5.184685897827148438e+01
6.945081329345703125e+01 6.343672561645507812e+01 5.349346160888671875e+01
6.649732208251953125e+01 7.288322448730468750e+01 5.241246032714843750e+01
7.716375732421875000e+01 5.977562332153320312e+01 5.134473419189453125e+01
8.163339233398437500e+01 6.006557464599609375e+01 5.063518905639648438e+01
6.916429138183593750e+01 7.783754730224609375e+01 5.262990951538085938e+01
7.208674621582031250e+01 8.315937805175781250e+01 5.247290802001953125e+01
7.922734069824218750e+01 5.996315002441406250e+01 5.075488281250000000e+01
8.224045562744140625e+01 6.067717742919921875e+01 5.053181076049804688e+01
8.226990509033203125e+01 6.124532318115234375e+01 5.062244033813476562e+01
7.586875152587890625e+01 8.802275848388671875e+01 5.229910278320312500e+01
8.265289306640625000e+01 6.187993240356445312e+01 5.162197875976562500e+01
7.293479919433593750e+01 8.476541137695312500e+01 5.267264938354492188e+01
6.988711547851562500e+01 7.568624877929687500e+01 5.282292938232421875e+01
7.830826568603515625e+01 5.918431472778320312e+01 5.209088516235351562e+01
8.049695587158203125e+01 6.865221405029296875e+01 5.270423889160156250e+01
8.257109832763671875e+01 8.737985992431640625e+01 5.308710861206054688e+01
8.118550109863281250e+01 8.510591125488281250e+01 5.279643630981445312e+01
8.044240570068359375e+01 7.905368041992187500e+01 5.301005935668945312e+01
8.223979187011718750e+01 8.642632293701171875e+01 5.264715957641601562e+01
6.631149291992187500e+01 6.682450866699218750e+01 5.370582199096679688e+01
6.531797790527343750e+01 6.830579376220703125e+01 5.203443145751953125e+01
7.079076385498046875e+01 6.076073837280273438e+01 5.240382385253906250e+01
8.219029235839843750e+01 6.275851821899414062e+01 5.177005767822265625e+01
7.164562988281250000e+01 8.071556091308593750e+01 5.271212768554687500e+01
7.192960357666015625e+01 8.179842376708984375e+01 5.265127182006835938e+01
8.186946868896484375e+01 7.463841247558593750e+01 5.246765518188476562e+01
8.240296936035156250e+01 5.989019012451171875e+01 5.207294845581054688e+01
6.810308074951171875e+01 7.449584197998046875e+01 5.320838546752929688e+01
7.196016693115234375e+01 7.972416687011718750e+01 5.358323669433593750e+01
7.989311218261718750e+01 5.959608840942382812e+01 5.154148101806640625e+01
7.279000854492187500e+01 8.307333374023437500e+01 5.317096328735351562e+01
8.129219818115234375e+01 6.626586914062500000e+01 5.352150726318359375e+01
7.345776367187500000e+01 8.651634979248046875e+01 5.300568008422851562e+01
8.248260498046875000e+01 8.837953948974609375e+01 5.244198989868164062e+01
8.153121185302734375e+01 7.211347961425781250e+01 5.306981277465820312e+01
6.577198028564453125e+01 6.866717529296875000e+01 5.431385803222656250e+01
7.021779632568359375e+01 7.760679626464843750e+01 5.321889495849609375e+01
6.969226837158203125e+01 7.518825531005859375e+01 5.334075927734375000e+01
8.120646667480468750e+01 5.945560836791992188e+01 5.191733551025390625e+01
7.302597045898437500e+01 5.968742752075195312e+01 5.305671310424804688e+01
6.654291534423828125e+01 7.190365600585937500e+01 5.466671752929687500e+01
8.110605621337890625e+01 8.025165557861328125e+01 5.283283233642578125e+01
8.063130950927734375e+01 6.785166931152343750e+01 5.502921295166015625e+01
7.668166351318359375e+01 8.890846252441406250e+01 5.255740356445312500e+01
8.108949279785156250e+01 7.692868804931640625e+01 5.450940322875976562e+01
8.062477111816406250e+01 6.966300964355468750e+01 5.531023025512695312e+01
8.037678527832031250e+01 7.798154449462890625e+01 5.356178283691406250e+01
7.437620544433593750e+01 8.737799072265625000e+01 5.324371337890625000e+01
8.127828216552734375e+01 8.563013458251953125e+01 5.317202758789062500e+01
8.309277343750000000e+01 6.085558319091796875e+01 5.244512176513671875e+01
6.626908111572265625e+01 6.734435272216796875e+01 5.542805099487304688e+01
7.331029510498046875e+01 8.060604858398437500e+01 5.297643280029296875e+01
7.074237060546875000e+01 7.593483734130859375e+01 5.362279891967773438e+01
8.326048278808593750e+01 6.193279647827148438e+01 5.389450454711914062e+01
7.834876251220703125e+01 9.000315093994140625e+01 5.278941726684570312e+01
6.739024353027343750e+01 6.591490173339843750e+01 5.287151718139648438e+01
8.145548248291015625e+01 8.181474304199218750e+01 5.327296447753906250e+01
8.204622650146484375e+01 8.892420196533203125e+01 5.360046768188476562e+01
7.407833099365234375e+01 8.134742736816406250e+01 5.375315856933593750e+01
7.314251708984375000e+01 8.465482330322265625e+01 5.338298034667968750e+01
7.087038421630859375e+01 7.646820068359375000e+01 5.366733169555664062e+01
7.399584197998046875e+01 7.939484405517578125e+01 5.367947006225585938e+01
7.607508850097656250e+01 5.957859039306640625e+01 5.283460998535156250e+01
6.949465942382812500e+01 6.546676635742187500e+01 5.454346466064453125e+01
7.352976226806640625e+01 8.360147094726562500e+01 5.391322708129882812e+01
6.615415191650390625e+01 6.995243835449218750e+01 5.549600601196289062e+01
7.422653198242187500e+01 8.049734497070312500e+01 5.349462890625000000e+01
6.711742401123046875e+01 7.311170196533203125e+01 5.431576919555664062e+01
7.072276306152343750e+01 7.545803070068359375e+01 5.421627044677734375e+01
7.128629302978515625e+01 7.569437408447265625e+01 5.471111297607421875e+01
8.034026336669921875e+01 8.074549102783203125e+01 5.496552658081054688e+01
8.114670562744140625e+01 8.178337097167968750e+01 5.451375198364257812e+01
8.183613586425781250e+01 7.316029357910156250e+01 5.441141128540039062e+01
7.001850128173828125e+01 6.191190338134765625e+01 5.325258255004882812e+01
8.152996826171875000e+01 7.150598907470703125e+01 5.385093307495117188e+01
8.123880767822265625e+01 8.300245666503906250e+01 5.346321868896484375e+01
7.435961914062500000e+01 8.709424591064453125e+01 5.411822891235351562e+01
8.277160644531250000e+01 5.992180252075195312e+01 5.401627349853515625e+01
7.288474273681640625e+01 7.818077850341796875e+01 5.404044342041015625e+01
8.188124084472656250e+01 5.939860153198242188e+01 5.373649978637695312e+01
7.973947906494140625e+01 5.928861618041992188e+01 5.268489074707031250e+01
7.392459106445312500e+01 7.833374023437500000e+01 5.441613769531250000e+01
7.714183807373046875e+01 5.904717254638671875e+01 5.351844787597656250e+01
7.182125854492187500e+01 7.651699066162109375e+01 5.431919097900390625e+01
7.168463134765625000e+01 6.006920623779296875e+01 5.461113739013671875e+01
8.005807495117187500e+01 7.987761688232421875e+01 5.447500991821289062e+01
7.493601989746093750e+01 8.049604034423828125e+01 5.467170715332031250e+01
6.823641204833984375e+01 7.472534179687500000e+01 5.485753250122070312e+01
7.454565429687500000e+01 7.965281677246093750e+01 5.411197662353515625e+01
7.517962646484375000e+01 7.999991607666015625e+01 5.519398498535156250e+01
8.208158111572265625e+01 6.327820205688476562e+01 5.377590942382812500e+01
7.440034484863281250e+01 5.923257446289062500e+01 5.397127914428710938e+01
7.373230743408203125e+01 8.587664031982421875e+01 5.469742584228515625e+01
8.220492553710937500e+01 7.413436126708984375e+01 5.568896484375000000e+01
8.113322448730468750e+01 8.553471374511718750e+01 5.410312652587890625e+01
8.026885986328125000e+01 7.817493438720703125e+01 5.466486740112304688e+01
7.980273437500000000e+01 7.923905181884765625e+01 5.494019317626953125e+01
8.102471923828125000e+01 8.985959625244140625e+01 5.296707916259765625e+01
7.621935272216796875e+01 8.732309722900390625e+01 5.493951416015625000e+01
7.995525360107421875e+01 9.015077209472656250e+01 5.381593322753906250e+01
6.709747314453125000e+01 7.260825347900390625e+01 5.547745513916015625e+01
7.015473175048828125e+01 7.505923461914062500e+01 5.479828262329101562e+01
7.013152313232421875e+01 7.474201202392578125e+01 5.606960296630859375e+01
7.493625640869140625e+01 8.123606872558593750e+01 5.479670715332031250e+01
7.838156890869140625e+01 5.884238433837890625e+01 5.382028579711914062e+01
7.449584960937500000e+01 7.871245574951171875e+01 5.485490798950195312e+01
6.838087463378906250e+01 6.640280151367187500e+01 5.564567947387695312e+01
7.301036071777343750e+01 7.741450500488281250e+01 5.482319641113281250e+01
7.665813446044921875e+01 8.877590942382812500e+01 5.424028778076171875e+01
8.101486206054687500e+01 8.300698852539062500e+01 5.427630615234375000e+01
6.824543762207031250e+01 7.443178558349609375e+01 5.565753936767578125e+01
8.295521545410156250e+01 6.259090805053710938e+01 5.499292373657226562e+01
8.159082794189453125e+01 6.400892639160156250e+01 5.441201019287109375e+01
8.203381347656250000e+01 7.515316772460937500e+01 5.577117538452148438e+01
8.227290344238281250e+01 8.813548278808593750e+01 5.422678756713867188e+01
7.893026733398437500e+01 8.990981292724609375e+01 5.453818511962890625e+01
7.515600585937500000e+01 8.285355377197265625e+01 5.563889312744140625e+01
8.026165008544921875e+01 5.921687316894531250e+01 5.439421081542968750e+01
7.532781219482421875e+01 7.964694976806640625e+01 5.618548965454101562e+01
7.103356933593750000e+01 7.506274414062500000e+01 5.610438156127929688e+01
6.681850433349609375e+01 6.682254028320312500e+01 5.549711608886718750e+01
7.391835784912109375e+01 8.519902038574218750e+01 5.520736312866210938e+01
7.437458038330078125e+01 8.479594421386718750e+01 5.573316574096679688e+01
7.614758300781250000e+01 8.088115692138671875e+01 5.549263381958007812e+01
8.063777923583984375e+01 8.557812500000000000e+01 5.542428588867187500e+01
8.335868835449218750e+01 6.094772338867187500e+01 5.425931167602539062e+01
7.046811676025390625e+01 6.088190460205078125e+01 5.421364593505859375e+01
8.102059936523437500e+01 7.057289123535156250e+01 5.437868118286132812e+01
8.180688476562500000e+01 8.649601745605468750e+01 5.509487915039062500e+01
8.067037200927734375e+01 8.961454772949218750e+01 5.471249008178710938e+01
6.955234527587890625e+01 6.331889343261718750e+01 5.443536376953125000e+01
7.410670471191406250e+01 7.753100585937500000e+01 5.629981994628906250e+01
6.978258514404296875e+01 6.625809478759765625e+01 5.674090576171875000e+01
6.631446838378906250e+01 6.906966400146484375e+01 5.618215179443359375e+01
7.456605529785156250e+01 7.812261199951171875e+01 5.646083450317382812e+01
6.980152130126953125e+01 6.531121826171875000e+01 5.576158142089843750e+01
7.620135498046875000e+01 8.026163482666015625e+01 5.606872940063476562e+01
7.519807434082031250e+01 8.680239105224609375e+01 5.498849105834960938e+01
7.548541259765625000e+01 8.197824096679687500e+01 5.558325958251953125e+01
7.477960968017578125e+01 8.544924926757812500e+01 5.577706909179687500e+01
7.931903076171875000e+01 7.993229675292968750e+01 5.535323333740234375e+01
7.759799957275390625e+01 8.917144775390625000e+01 5.479703140258789062e+01
8.165811157226562500e+01 8.715948486328125000e+01 5.601483535766601562e+01
8.069097137451171875e+01 7.002278137207031250e+01 5.666246795654296875e+01
7.930906677246093750e+01 7.929047393798828125e+01 5.586986160278320312e+01
8.284862518310546875e+01 7.263195037841796875e+01 5.732668304443359375e+01
6.943490600585937500e+01 6.298154830932617188e+01 5.577507019042968750e+01
7.542053222656250000e+01 8.383788299560546875e+01 5.645588684082031250e+01
7.276697540283203125e+01 7.645230865478515625e+01 5.705632400512695312e+01
7.182730102539062500e+01 7.527996826171875000e+01 5.741808319091796875e+01
7.568298339843750000e+01 8.260235595703125000e+01 5.585008239746093750e+01
8.035045623779296875e+01 8.360752105712890625e+01 5.555065155029296875e+01
7.705362701416015625e+01 8.035569763183593750e+01 5.608625411987304688e+01
6.970831298828125000e+01 7.413880920410156250e+01 5.674553680419921875e+01
7.965571594238281250e+01 8.957503509521484375e+01 5.539305114746093750e+01
7.688482666015625000e+01 8.820660400390625000e+01 5.509725189208984375e+01
6.808052062988281250e+01 7.319151306152343750e+01 5.670157623291015625e+01
8.016511535644531250e+01 8.169747924804687500e+01 5.562162399291992188e+01
8.039662170410156250e+01 6.806333923339843750e+01 5.677185058593750000e+01
8.336428833007812500e+01 6.185653305053710938e+01 5.580186462402343750e+01
8.281095886230468750e+01 5.993677139282226562e+01 5.580136108398437500e+01
6.992268371582031250e+01 6.163754272460937500e+01 5.629796600341796875e+01
7.952237701416015625e+01 8.289372253417968750e+01 5.573520660400390625e+01
7.812285614013671875e+01 8.030658721923828125e+01 5.582238769531250000e+01
6.718907928466796875e+01 7.089645385742187500e+01 5.689746475219726562e+01
7.709204101562500000e+01 8.094730377197265625e+01 5.582889556884765625e+01
7.861695861816406250e+01 7.961117553710937500e+01 5.653159713745117188e+01
8.022682189941406250e+01 7.805779266357421875e+01 5.702807617187500000e+01
7.689144897460937500e+01 8.237445831298828125e+01 5.590622329711914062e+01
7.790209197998046875e+01 8.232179260253906250e+01 5.577708816528320312e+01
6.691666412353515625e+01 6.782810974121093750e+01 5.699185943603515625e+01
7.938349914550781250e+01 5.887369537353515625e+01 5.548268890380859375e+01
7.421691131591796875e+01 7.718366241455078125e+01 5.696418762207031250e+01
8.154803466796875000e+01 8.839975738525390625e+01 5.539704513549804688e+01
8.226418304443359375e+01 7.169899749755859375e+01 5.670514678955078125e+01
8.053169250488281250e+01 7.651900482177734375e+01 5.856087112426757812e+01
8.102696228027343750e+01 7.051393127441406250e+01 5.667058563232421875e+01
8.244352722167968750e+01 7.198744201660156250e+01 5.916732025146484375e+01
8.135269165039062500e+01 6.600965118408203125e+01 5.596224212646484375e+01
7.588325500488281250e+01 7.923987579345703125e+01 5.928779602050781250e+01
7.775390625000000000e+01 8.627120971679687500e+01 5.655479812622070312e+01
7.670956420898437500e+01 5.852534866333007812e+01 5.512753295898437500e+01
7.671844482421875000e+01 8.411676788330078125e+01 5.733957672119140625e+01
7.792568969726562500e+01 8.871662902832031250e+01 5.570810317993164062e+01
7.888325500488281250e+01 8.920318603515625000e+01 5.575123977661132812e+01
7.358692932128906250e+01 5.917747497558593750e+01 5.484597015380859375e+01
7.741692352294921875e+01 8.405148315429687500e+01 5.738277816772460938e+01
8.042892456054687500e+01 8.919519042968750000e+01 5.569630432128906250e+01
7.942014312744140625e+01 7.881945800781250000e+01 5.785293579101562500e+01
7.297062683105468750e+01 7.566809844970703125e+01 5.796781539916992188e+01
7.894741058349609375e+01 8.443971252441406250e+01 5.688938140869140625e+01
7.470739746093750000e+01 7.736855316162109375e+01 5.753839111328125000e+01
8.086280822753906250e+01 8.804347229003906250e+01 5.643112945556640625e+01
6.854358673095703125e+01 7.222637939453125000e+01 5.789449310302734375e+01
7.963959503173828125e+01 8.616834259033203125e+01 5.651663589477539062e+01
7.806430816650390625e+01 5.811336517333984375e+01 5.656816482543945312e+01
7.709517669677734375e+01 7.979064941406250000e+01 5.823174285888671875e+01
7.818596649169921875e+01 7.950018310546875000e+01 5.789598464965820312e+01
7.810836029052734375e+01 8.760763549804687500e+01 5.633482360839843750e+01
7.987971496582031250e+01 8.890481567382812500e+01 5.618531417846679688e+01
6.839720153808593750e+01 6.705609130859375000e+01 5.684879302978515625e+01
7.672828674316406250e+01 8.469405364990234375e+01 5.713586044311523438e+01
8.286621093750000000e+01 7.235769653320312500e+01 5.843678283691406250e+01
7.251405334472656250e+01 5.945391845703125000e+01 5.571533966064453125e+01
8.253027343750000000e+01 7.429018402099609375e+01 5.717331695556640625e+01
8.255077362060546875e+01 7.478266143798828125e+01 5.881190490722656250e+01
8.073255920410156250e+01 5.928599548339843750e+01 5.679169464111328125e+01
8.174011230468750000e+01 6.376724243164062500e+01 5.670951843261718750e+01
8.144197845458984375e+01 6.449571228027343750e+01 5.673343658447265625e+01
6.939778137207031250e+01 6.431051635742187500e+01 5.653501129150390625e+01
7.128432464599609375e+01 7.441054534912109375e+01 5.820813751220703125e+01
7.022332763671875000e+01 7.338896942138671875e+01 5.781705474853515625e+01
7.979232025146484375e+01 8.731172180175781250e+01 5.713052749633789062e+01
7.478756713867187500e+01 7.586785888671875000e+01 5.803682708740234375e+01
6.918849945068359375e+01 6.686737060546875000e+01 5.699574279785156250e+01
7.942304229736328125e+01 8.790904235839843750e+01 5.698114776611328125e+01
7.854030609130859375e+01 8.537220001220703125e+01 5.706991958618164062e+01
7.659845733642578125e+01 7.955010223388671875e+01 5.938470458984375000e+01
7.130268859863281250e+01 6.019927597045898438e+01 5.717216873168945312e+01
7.758445739746093750e+01 7.939678192138671875e+01 6.005328750610351562e+01
7.904266357421875000e+01 8.675845336914062500e+01 5.669445037841796875e+01
8.013539886474609375e+01 7.782487487792968750e+01 5.907449722290039062e+01
7.023009490966796875e+01 6.113219451904296875e+01 5.686358642578125000e+01
7.959094238281250000e+01 7.845728302001953125e+01 5.995558166503906250e+01
8.114757537841796875e+01 6.594486999511718750e+01 5.765120697021484375e+01
6.779273986816406250e+01 7.011841583251953125e+01 5.737068939208984375e+01
7.511515045166015625e+01 7.846339416503906250e+01 5.946430969238281250e+01
6.998727416992187500e+01 6.718129730224609375e+01 5.796258926391601562e+01
6.889947509765625000e+01 6.769069671630859375e+01 5.713834762573242188e+01
6.940275573730468750e+01 6.981886291503906250e+01 5.839724349975585938e+01
6.857617950439453125e+01 7.157422637939453125e+01 5.816633224487304688e+01
7.316856384277343750e+01 5.890962600708007812e+01 5.774057769775390625e+01
8.179610443115234375e+01 7.548478698730468750e+01 5.795671463012695312e+01
8.287528991699218750e+01 6.260332489013671875e+01 5.742026519775390625e+01
6.904962921142578125e+01 6.252515029907226562e+01 5.848274993896484375e+01
6.876555633544921875e+01 6.361277008056640625e+01 5.862012481689453125e+01
7.008791351318359375e+01 6.637568664550781250e+01 5.809907531738281250e+01
6.966545104980468750e+01 6.544371032714843750e+01 5.785708999633789062e+01
7.228867340087890625e+01 7.407778167724609375e+01 5.903785705566406250e+01
7.590325164794921875e+01 7.886178588867187500e+01 6.051817321777343750e+01
7.589022827148437500e+01 5.845921707153320312e+01 5.690580749511718750e+01
7.548255157470703125e+01 7.576617431640625000e+01 5.905371475219726562e+01
7.740124511718750000e+01 5.777057647705078125e+01 5.859162902832031250e+01
7.869025421142578125e+01 5.804111862182617188e+01 5.825563812255859375e+01
7.071474456787109375e+01 7.277170562744140625e+01 5.831546020507812500e+01
7.514550781250000000e+01 7.697858428955078125e+01 5.906935119628906250e+01
8.044441223144531250e+01 5.912065887451171875e+01 5.755453872680664062e+01
8.051434326171875000e+01 7.060443115234375000e+01 5.840644073486328125e+01
8.323651123046875000e+01 6.115834808349609375e+01 5.722061157226562500e+01
8.305439758300781250e+01 7.354866027832031250e+01 5.929071807861328125e+01
7.991780853271484375e+01 7.670334625244140625e+01 6.037290191650390625e+01
8.010888671875000000e+01 6.866784667968750000e+01 5.779399871826171875e+01
7.873854827880859375e+01 7.905619812011718750e+01 6.009762191772460938e+01
8.101535797119140625e+01 6.387112808227539062e+01 5.888977050781250000e+01
8.000543975830078125e+01 6.771469879150390625e+01 5.821621704101562500e+01
7.001311492919921875e+01 7.091100311279296875e+01 5.820854568481445312e+01
7.037527465820312500e+01 6.909848785400390625e+01 5.938561248779296875e+01
7.519341278076171875e+01 7.481223297119140625e+01 5.940343856811523438e+01
7.175162506103515625e+01 7.199367523193359375e+01 5.901833724975585938e+01
7.074460601806640625e+01 6.735560607910156250e+01 5.901912307739257812e+01
7.355932617187500000e+01 7.396345520019531250e+01 5.995497894287109375e+01
8.262567138671875000e+01 6.025496673583984375e+01 5.754043579101562500e+01
8.277941131591796875e+01 6.089144515991210938e+01 5.817729949951171875e+01
6.995780181884765625e+01 6.120217514038085938e+01 5.862904357910156250e+01
7.554124450683593750e+01 7.765634155273437500e+01 6.156370544433593750e+01
7.089293670654296875e+01 7.038693237304687500e+01 5.872010040283203125e+01
7.236253356933593750e+01 7.310901641845703125e+01 5.914190673828125000e+01
7.986077117919921875e+01 6.714825439453125000e+01 5.949995040893554688e+01
7.934596252441406250e+01 6.769373321533203125e+01 5.926322174072265625e+01
7.598996734619140625e+01 7.580905151367187500e+01 6.020723342895507812e+01
7.238887786865234375e+01 7.052145385742187500e+01 5.870560455322265625e+01
7.103426361083984375e+01 6.927625274658203125e+01 5.947673034667968750e+01
8.268261718750000000e+01 6.216385269165039062e+01 5.843434906005859375e+01
8.112961578369140625e+01 7.136362457275390625e+01 5.942269515991210938e+01
6.900797271728515625e+01 6.479399108886718750e+01 5.932979202270507812e+01
8.236122894287109375e+01 7.528591918945312500e+01 6.086912155151367188e+01
8.139220428466796875e+01 7.610658264160156250e+01 6.233410644531250000e+01
8.105702972412109375e+01 7.600602722167968750e+01 5.955799484252929688e+01
8.063844299316406250e+01 6.611875152587890625e+01 5.940003204345703125e+01
7.331576538085937500e+01 7.143080139160156250e+01 5.882663726806640625e+01
8.093347930908203125e+01 5.989262771606445312e+01 5.920532608032226562e+01
7.379405212402343750e+01 7.014915466308593750e+01 5.917324066162109375e+01
7.009542083740234375e+01 6.612007141113281250e+01 5.941764068603515625e+01
7.477707672119140625e+01 6.983182525634765625e+01 5.834676742553710938e+01
7.504274749755859375e+01 6.877696990966796875e+01 5.838258361816406250e+01
7.380739593505859375e+01 6.873303222656250000e+01 5.923406600952148438e+01
7.556302642822265625e+01 6.937613677978515625e+01 5.821134567260742188e+01
7.547846221923828125e+01 7.057154846191406250e+01 5.902818298339843750e+01
7.578354644775390625e+01 7.368168640136718750e+01 6.031823348999023438e+01
7.634937286376953125e+01 7.449468231201171875e+01 6.068019104003906250e+01
8.008412170410156250e+01 7.117433929443359375e+01 5.967903137207031250e+01
8.085505676269531250e+01 6.549472045898437500e+01 5.923686218261718750e+01
7.640522003173828125e+01 6.845897674560546875e+01 5.994350814819335938e+01
7.940747833251953125e+01 6.976570129394531250e+01 5.989550018310546875e+01
7.360781097412109375e+01 7.270874023437500000e+01 5.973318481445312500e+01
7.434751129150390625e+01 7.101066589355468750e+01 5.937439727783203125e+01
7.921826171875000000e+01 6.849984741210937500e+01 5.893293380737304688e+01
8.173728942871093750e+01 7.193704986572265625e+01 6.143312454223632812e+01
7.920893096923828125e+01 7.787349700927734375e+01 6.134400558471679688e+01
7.149082946777343750e+01 5.967933654785156250e+01 6.000632476806640625e+01
7.972444915771484375e+01 5.859269332885742188e+01 5.865209960937500000e+01
7.887376403808593750e+01 7.860919189453125000e+01 6.139150619506835938e+01
7.692512512207031250e+01 6.885443115234375000e+01 5.992237091064453125e+01
7.502667236328125000e+01 7.394170379638671875e+01 5.995499420166015625e+01
7.126670074462890625e+01 6.769974517822265625e+01 5.929645919799804688e+01
7.744436645507812500e+01 7.893084716796875000e+01 6.163061141967773438e+01
7.927270507812500000e+01 7.080935668945312500e+01 6.020797729492187500e+01
7.480274963378906250e+01 7.176007843017578125e+01 5.968762969970703125e+01
7.483927917480468750e+01 7.299703979492187500e+01 6.001994323730468750e+01
7.580677795410156250e+01 7.107446289062500000e+01 5.940016174316406250e+01
7.684088134765625000e+01 7.002235412597656250e+01 6.082209777832031250e+01
7.312197875976562500e+01 6.871501922607421875e+01 5.935235595703125000e+01
7.624553680419921875e+01 7.799858093261718750e+01 6.254127883911132812e+01
7.552827453613281250e+01 7.235011291503906250e+01 6.036595916748046875e+01
8.081831359863281250e+01 6.477253723144531250e+01 5.992625427246093750e+01
6.930397796630859375e+01 6.221659469604492188e+01 5.960330963134765625e+01
7.199533081054687500e+01 5.893117523193359375e+01 6.227193450927734375e+01
8.289079284667968750e+01 7.474462127685546875e+01 6.197353744506835938e+01
7.530560302734375000e+01 5.839337158203125000e+01 5.949832153320312500e+01
7.432815551757812500e+01 6.826354980468750000e+01 5.971276855468750000e+01
7.312672424316406250e+01 6.799337768554687500e+01 5.980401611328125000e+01
8.194281005859375000e+01 6.166248321533203125e+01 5.951949691772460938e+01
7.783540344238281250e+01 6.865574645996093750e+01 6.003052520751953125e+01
7.845800018310546875e+01 6.766299438476562500e+01 6.040808105468750000e+01
7.700939941406250000e+01 7.190100860595703125e+01 6.050643920898437500e+01
7.986212158203125000e+01 7.647869873046875000e+01 6.113349151611328125e+01
7.862211608886718750e+01 7.141616058349609375e+01 6.067138671875000000e+01
8.088432312011718750e+01 7.161206054687500000e+01 6.048633575439453125e+01
7.561003112792968750e+01 6.770191192626953125e+01 6.145539093017578125e+01
7.596783447265625000e+01 7.748861694335937500e+01 6.214728164672851562e+01
7.705970001220703125e+01 7.603601837158203125e+01 6.224861145019531250e+01
6.903014373779296875e+01 6.386675643920898438e+01 6.064862060546875000e+01
6.903077697753906250e+01 6.469125366210937500e+01 6.024227905273437500e+01
7.293089294433593750e+01 5.859100341796875000e+01 6.208261871337890625e+01
7.702655792236328125e+01 5.755093765258789062e+01 6.133136749267578125e+01
8.035776519775390625e+01 5.945746231079101562e+01 6.070740509033203125e+01
7.637152099609375000e+01 7.327699279785156250e+01 6.063640594482421875e+01
7.680254364013671875e+01 7.359658813476562500e+01 6.134330368041992188e+01
7.281935119628906250e+01 6.678421020507812500e+01 6.105869293212890625e+01
7.787851715087890625e+01 7.109967041015625000e+01 6.040871429443359375e+01
8.064959716796875000e+01 6.358206558227539062e+01 5.988142013549804688e+01
8.049588775634765625e+01 6.186707305908203125e+01 6.085391998291015625e+01
7.705285644531250000e+01 6.811440277099609375e+01 6.040206909179687500e+01
7.811048889160156250e+01 7.007214355468750000e+01 6.106458282470703125e+01
7.983403778076171875e+01 7.170764160156250000e+01 6.095270538330078125e+01
7.756629943847656250e+01 7.260449218750000000e+01 6.144158172607421875e+01
8.156663513183593750e+01 6.091633605957031250e+01 5.963619995117187500e+01
7.668335723876953125e+01 7.444747924804687500e+01 6.152009582519531250e+01
7.107673645019531250e+01 6.685475921630859375e+01 6.077888870239257812e+01
8.265982055664062500e+01 7.263045501708984375e+01 6.075163269042968750e+01
7.431548309326171875e+01 6.753202056884765625e+01 6.117988204956054688e+01
7.769939422607421875e+01 7.821688842773437500e+01 6.284743499755859375e+01
7.894135284423828125e+01 7.199549102783203125e+01 6.162209701538085938e+01
7.011150360107421875e+01 6.521796417236328125e+01 6.151306533813476562e+01
7.835447692871093750e+01 7.682403564453125000e+01 6.234803771972656250e+01
8.008197021484375000e+01 6.688370513916015625e+01 6.085906219482421875e+01
8.098376464843750000e+01 6.077180480957031250e+01 6.043873596191406250e+01
7.950257110595703125e+01 6.723628997802734375e+01 6.192423248291015625e+01
8.079203796386718750e+01 6.630934906005859375e+01 6.236946487426757812e+01
8.046987915039062500e+01 6.431803131103515625e+01 6.062972640991210938e+01
8.094453430175781250e+01 6.534028625488281250e+01 6.193097686767578125e+01
7.073577880859375000e+01 6.037813568115234375e+01 6.112725067138671875e+01
7.011843109130859375e+01 6.222974395751953125e+01 6.169475555419921875e+01
7.991012573242187500e+01 7.643359375000000000e+01 6.272923278808593750e+01
7.730541229248046875e+01 7.584999084472656250e+01 6.305827331542968750e+01
7.867411804199218750e+01 7.648836517333984375e+01 6.353265380859375000e+01
7.938554382324218750e+01 6.341735839843750000e+01 6.157942581176757812e+01
7.735021972656250000e+01 6.751334381103515625e+01 6.135325622558593750e+01
7.142235565185546875e+01 6.581614685058593750e+01 6.196463012695312500e+01
7.266585540771484375e+01 6.538156890869140625e+01 6.273191070556640625e+01
7.455997467041015625e+01 6.612812805175781250e+01 6.289870452880859375e+01
8.287096405029296875e+01 7.384999084472656250e+01 6.244550323486328125e+01
7.941963958740234375e+01 5.779845809936523438e+01 6.323542404174804688e+01
7.993635559082031250e+01 5.853963470458984375e+01 6.211052703857421875e+01
7.664196014404296875e+01 7.745117950439453125e+01 6.273838806152343750e+01
7.752577972412109375e+01 7.295989990234375000e+01 6.280596542358398438e+01
7.892338562011718750e+01 7.233707427978515625e+01 6.412980651855468750e+01
7.695749664306640625e+01 7.443237304687500000e+01 6.467858886718750000e+01
7.057610321044921875e+01 6.342416000366210938e+01 6.222070312500000000e+01
7.861570739746093750e+01 6.737278747558593750e+01 6.216883087158203125e+01
7.153404998779296875e+01 5.920111846923828125e+01 6.311977386474609375e+01
7.786405181884765625e+01 7.660578918457031250e+01 6.263507843017578125e+01
7.601206970214843750e+01 6.669203186035156250e+01 6.259335708618164062e+01
8.025157165527343750e+01 6.005427551269531250e+01 6.270464706420898438e+01
7.950743865966796875e+01 6.387720108032226562e+01 6.161920928955078125e+01
7.851104736328125000e+01 7.629740142822265625e+01 6.436022949218750000e+01
7.065708923339843750e+01 6.263722229003906250e+01 6.255782318115234375e+01
7.174601745605468750e+01 6.410861968994140625e+01 6.300589752197265625e+01
7.707966613769531250e+01 6.653230285644531250e+01 6.294739913940429688e+01
8.020130920410156250e+01 6.144337081909179688e+01 6.221720123291015625e+01
8.124295043945312500e+01 7.207561492919921875e+01 6.383319091796875000e+01
8.062969207763671875e+01 6.670906829833984375e+01 6.400311279296875000e+01
8.190307617187500000e+01 7.607517242431640625e+01 6.417041015625000000e+01
7.858479309082031250e+01 5.731822586059570312e+01 6.315499877929687500e+01
7.998699951171875000e+01 6.707847595214843750e+01 6.414757537841796875e+01
8.264025878906250000e+01 7.498568725585937500e+01 6.358008193969726562e+01
7.967798614501953125e+01 6.242086029052734375e+01 6.228620910644531250e+01
7.853696441650390625e+01 6.350551986694335938e+01 6.303205490112304688e+01
7.767955017089843750e+01 6.715860748291015625e+01 6.250655746459960938e+01
7.274773406982421875e+01 6.475060272216796875e+01 6.333618927001953125e+01
7.066247558593750000e+01 6.154543685913085938e+01 6.240975570678710938e+01
7.106475067138671875e+01 5.998801422119140625e+01 6.294416046142578125e+01
8.043931579589843750e+01 6.481140899658203125e+01 6.383897018432617188e+01
8.118962860107421875e+01 7.632476806640625000e+01 6.463036346435546875e+01
8.212895202636718750e+01 7.287483978271484375e+01 6.387803649902343750e+01
7.438726806640625000e+01 5.833506011962890625e+01 6.301676940917968750e+01
7.750286865234375000e+01 7.326413726806640625e+01 6.492507934570312500e+01
8.101880645751953125e+01 6.593247222900390625e+01 6.332558441162109375e+01
8.094876861572265625e+01 6.524064636230468750e+01 6.371825408935546875e+01
8.206120300292968750e+01 7.358638000488281250e+01 6.496342468261718750e+01
7.841802978515625000e+01 6.390916061401367188e+01 6.284706497192382812e+01
7.879753112792968750e+01 6.445296478271484375e+01 6.331427383422851562e+01
7.961855316162109375e+01 7.642093658447265625e+01 6.447135162353515625e+01
7.731872558593750000e+01 7.520529174804687500e+01 6.542092132568359375e+01
7.868264007568359375e+01 6.720308685302734375e+01 6.441310119628906250e+01
7.979290771484375000e+01 7.216016387939453125e+01 6.453800964355468750e+01
7.583407592773437500e+01 5.791030883789062500e+01 6.336485671997070312e+01
7.817930603027343750e+01 6.678079223632812500e+01 6.552123260498046875e+01
7.440019989013671875e+01 6.543656921386718750e+01 6.346762847900390625e+01
7.907848358154296875e+01 6.264578628540039062e+01 6.360331726074218750e+01
7.801296234130859375e+01 7.590914154052734375e+01 6.538806915283203125e+01
7.144325256347656250e+01 6.191090393066406250e+01 6.395480346679687500e+01
7.105049896240234375e+01 6.118774032592773438e+01 6.328616333007812500e+01
7.580327606201171875e+01 6.530794525146484375e+01 6.314904403686523438e+01
7.676670837402343750e+01 6.502699279785156250e+01 6.290206146240234375e+01
7.397061920166015625e+01 6.478418731689453125e+01 6.411024475097656250e+01
7.757020568847656250e+01 6.657764434814453125e+01 6.404561614990234375e+01
7.220460510253906250e+01 5.898863220214843750e+01 6.419776153564453125e+01
7.397064208984375000e+01 5.855646896362304688e+01 6.410027313232421875e+01
7.733164215087890625e+01 6.575608825683593750e+01 6.338213729858398438e+01
7.801081085205078125e+01 6.482275390625000000e+01 6.324676895141601562e+01
7.214582824707031250e+01 6.232981491088867188e+01 6.464365386962890625e+01
7.786344909667968750e+01 6.349887847900390625e+01 6.401530456542968750e+01
8.125621795654296875e+01 7.278424835205078125e+01 6.548252868652343750e+01
7.950672149658203125e+01 6.525173950195312500e+01 6.565615081787109375e+01
8.171854400634765625e+01 7.519207000732421875e+01 6.571973419189453125e+01
7.126212310791015625e+01 5.999981689453125000e+01 6.417989349365234375e+01
7.907769775390625000e+01 7.617240142822265625e+01 6.579220581054687500e+01
7.757722473144531250e+01 7.405521392822265625e+01 6.594373321533203125e+01
8.014941406250000000e+01 7.610287475585937500e+01 6.642905426025390625e+01
7.962829589843750000e+01 6.159454345703125000e+01 6.495405578613281250e+01
7.669423675537109375e+01 6.355011367797851562e+01 6.501460266113281250e+01
8.117910766601562500e+01 7.591281127929687500e+01 6.612626647949218750e+01
8.058959197998046875e+01 6.535462188720703125e+01 6.522093963623046875e+01
7.518389129638671875e+01 6.267362594604492188e+01 6.631031799316406250e+01
8.017170715332031250e+01 5.972053146362304688e+01 6.523411560058593750e+01
7.870197296142578125e+01 7.287432098388671875e+01 6.582798004150390625e+01
8.013176727294921875e+01 5.863320159912109375e+01 6.549635314941406250e+01
8.081565093994140625e+01 6.619973754882812500e+01 6.487006378173828125e+01
7.836528778076171875e+01 7.562746429443359375e+01 6.650513458251953125e+01
7.393703460693359375e+01 6.287083435058593750e+01 6.560926055908203125e+01
8.077824401855468750e+01 7.237734985351562500e+01 6.530671691894531250e+01
7.870112609863281250e+01 6.590685272216796875e+01 6.618989562988281250e+01
7.888147735595703125e+01 6.215932846069335938e+01 6.553577423095703125e+01
7.812014770507812500e+01 7.479621887207031250e+01 6.659221649169921875e+01
7.802596282958984375e+01 6.238546752929687500e+01 6.632999420166015625e+01
7.973078155517578125e+01 7.309306335449218750e+01 6.651417541503906250e+01
7.894422149658203125e+01 6.699636840820312500e+01 6.578872680664062500e+01
7.813469696044921875e+01 5.723960113525390625e+01 6.462127685546875000e+01
7.982478332519531250e+01 6.667068481445312500e+01 6.613822174072265625e+01
7.882920837402343750e+01 5.728738784790039062e+01 6.593687438964843750e+01
7.183969879150390625e+01 5.952426528930664062e+01 6.488494110107421875e+01
8.012552642822265625e+01 6.603742980957031250e+01 6.634687805175781250e+01
8.069715881347656250e+01 7.395683288574218750e+01 6.671597290039062500e+01
7.367505645751953125e+01 5.909975433349609375e+01 6.547920989990234375e+01
7.978045654296875000e+01 6.069212341308593750e+01 6.625997924804687500e+01
7.282077789306640625e+01 6.166493988037109375e+01 6.533973693847656250e+01
7.199052429199218750e+01 6.013790512084960938e+01 6.521705627441406250e+01
7.896870422363281250e+01 7.374024963378906250e+01 6.693377685546875000e+01
7.509135437011718750e+01 6.208096313476562500e+01 6.676191711425781250e+01
7.490663909912109375e+01 5.794682312011718750e+01 6.563192749023437500e+01
7.931602478027343750e+01 5.768632125854492188e+01 6.704016113281250000e+01
7.677882385253906250e+01 5.770940399169921875e+01 6.657457733154296875e+01
8.034938812255859375e+01 7.512799835205078125e+01 6.716806793212890625e+01
7.997226715087890625e+01 5.933940124511718750e+01 6.758057403564453125e+01
7.337506866455078125e+01 5.977536010742187500e+01 6.592940521240234375e+01
7.442597198486328125e+01 6.151062011718750000e+01 6.665116882324218750e+01
7.472805786132812500e+01 5.804342269897460938e+01 6.667092132568359375e+01
7.910023498535156250e+01 7.512342834472656250e+01 6.707334899902343750e+01
7.335331726074218750e+01 6.098316192626953125e+01 6.582365417480468750e+01
7.929162597656250000e+01 6.015154266357421875e+01 6.801318359375000000e+01
7.439498901367187500e+01 5.851508331298828125e+01 6.758003997802734375e+01
7.693865966796875000e+01 6.224801635742187500e+01 6.729257202148437500e+01
7.371920013427734375e+01 6.001374435424804688e+01 6.641417694091796875e+01
7.783709716796875000e+01 5.718476104736328125e+01 6.678832244873046875e+01
7.558468627929687500e+01 6.043428802490234375e+01 6.860884094238281250e+01
7.876838684082031250e+01 5.720156097412109375e+01 6.685733032226562500e+01
7.593277740478515625e+01 5.776024246215820312e+01 6.847910308837890625e+01
7.462712860107421875e+01 5.963021469116210938e+01 6.888898468017578125e+01
7.760702514648437500e+01 6.187157440185546875e+01 6.737728881835937500e+01
7.687792205810546875e+01 6.155592727661132812e+01 6.794323730468750000e+01
7.441943359375000000e+01 5.907046508789062500e+01 6.852442932128906250e+01
7.832170104980468750e+01 6.025776672363281250e+01 6.857235717773437500e+01
7.946700286865234375e+01 5.822549057006835938e+01 6.845676422119140625e+01
7.787946319580078125e+01 5.671905899047851562e+01 6.862753295898437500e+01
7.926081848144531250e+01 5.888098907470703125e+01 6.944549560546875000e+01
7.865544128417968750e+01 5.940526962280273438e+01 6.985510253906250000e+01
7.566825866699218750e+01 5.807875442504882812e+01 6.911198425292968750e+01
7.489685058593750000e+01 5.951494216918945312e+01 6.926209259033203125e+01
7.603945922851562500e+01 5.925074768066406250e+01 6.928841400146484375e+01
7.853417968750000000e+01 5.664900970458984375e+01 6.918350219726562500e+01
7.911373138427734375e+01 5.716359710693359375e+01 6.888151550292968750e+01
7.780851745605468750e+01 5.967991638183593750e+01 6.932093811035156250e+01
7.693875885009765625e+01 5.683567810058593750e+01 7.012210845947265625e+01
7.901978302001953125e+01 5.699899673461914062e+01 7.056802368164062500e+01
7.601806640625000000e+01 5.851414871215820312e+01 7.081894683837890625e+01
7.556798553466796875e+01 5.872707366943359375e+01 6.959066772460937500e+01
7.601439666748046875e+01 5.743329620361328125e+01 7.038560485839843750e+01
7.773184967041015625e+01 5.887413024902343750e+01 7.140069580078125000e+01
7.758518218994140625e+01 5.657328796386718750e+01 7.071983337402343750e+01
7.910032653808593750e+01 5.790357971191406250e+01 7.119228363037109375e+01
7.832127380371093750e+01 5.853810501098632812e+01 7.220749664306640625e+01
7.790013885498046875e+01 5.677364349365234375e+01 7.231871032714843750e+01
7.640673828125000000e+01 5.682383728027343750e+01 7.186544036865234375e+01
7.643966674804687500e+01 5.798910522460937500e+01 7.261812591552734375e+01
7.872243499755859375e+01 5.758386230468750000e+01 7.230360412597656250e+01
7.589891815185546875e+01 5.769450759887695312e+01 7.178102874755859375e+01
7.782558441162109375e+01 5.778152465820312500e+01 7.308450317382812500e+01
7.672068786621093750e+01 5.717391204833984375e+01 7.282690429687500000e+01
