6.540731811523437500e+01 7.783781433105468750e+01 2.485797691345214844e+01
6.589776611328125000e+01 7.488140106201171875e+01 2.570518302917480469e+01
6.660662078857421875e+01 7.768403625488281250e+01 2.620277786254882812e+01
6.267766189575195312e+01 7.671731567382812500e+01 2.467674255371093750e+01
6.221617126464843750e+01 7.560682678222656250e+01 2.500536537170410156e+01
6.358040618896484375e+01 7.581444549560546875e+01 2.445952796936035156e+01
6.481295776367187500e+01 7.590087890625000000e+01 2.497910308837890625e+01
6.129327392578125000e+01 7.234030914306640625e+01 2.389837646484375000e+01
6.184670639038085938e+01 7.411164855957031250e+01 2.562703132629394531e+01
5.989969635009765625e+01 7.275561523437500000e+01 2.472963714599609375e+01
6.354541015625000000e+01 7.897358703613281250e+01 2.556385993957519531e+01
5.993008422851562500e+01 7.146649932861328125e+01 2.524036598205566406e+01
6.578510284423828125e+01 7.331965637207031250e+01 2.495909881591796875e+01
6.286795806884765625e+01 7.271936798095703125e+01 2.646979522705078125e+01
6.139276504516601562e+01 7.808232116699218750e+01 2.645639991760253906e+01
6.027036285400390625e+01 7.658232879638671875e+01 2.623900985717773438e+01
6.758776092529296875e+01 7.318771362304687500e+01 2.557962417602539062e+01
6.495320892333984375e+01 7.952758026123046875e+01 2.760382652282714844e+01
6.119811248779296875e+01 7.093827819824218750e+01 2.621902084350585938e+01
6.431294250488281250e+01 7.270616149902343750e+01 2.675672149658203125e+01
6.763515472412109375e+01 7.735792541503906250e+01 2.632260322570800781e+01
5.933070373535156250e+01 7.225466918945312500e+01 2.675454521179199219e+01
5.964810943603515625e+01 7.497442626953125000e+01 2.581801223754882812e+01
6.017204284667968750e+01 7.395218658447265625e+01 2.629047203063964844e+01
6.593419647216796875e+01 7.141072845458984375e+01 2.692199897766113281e+01
5.870666503906250000e+01 7.589698028564453125e+01 2.700733184814453125e+01
6.982702636718750000e+01 7.544683074951171875e+01 2.798027038574218750e+01
6.619042968750000000e+01 6.992370605468750000e+01 2.709769439697265625e+01
6.542028808593750000e+01 6.808702087402343750e+01 2.519285964965820312e+01
6.663173675537109375e+01 6.789720153808593750e+01 2.540829086303710938e+01
6.701893615722656250e+01 7.924537658691406250e+01 2.982786941528320312e+01
6.244355010986328125e+01 8.102134704589843750e+01 2.952691459655761719e+01
6.852899169921875000e+01 7.219190216064453125e+01 2.738071441650390625e+01
5.943152236938476562e+01 7.822727966308593750e+01 2.689369773864746094e+01
6.740312194824218750e+01 6.764933776855468750e+01 2.741954231262207031e+01
6.541143035888671875e+01 6.671506500244140625e+01 2.693346023559570312e+01
5.833427810668945312e+01 7.424964904785156250e+01 2.887777137756347656e+01
5.805076599121093750e+01 7.727999877929687500e+01 2.718352890014648438e+01
5.975427246093750000e+01 7.092936706542968750e+01 2.697844123840332031e+01
5.918489837646484375e+01 7.368482971191406250e+01 2.908010673522949219e+01
6.189910125732421875e+01 7.039418029785156250e+01 2.831321907043457031e+01
6.720024871826171875e+01 6.990541839599609375e+01 2.809939765930175781e+01
6.390232467651367188e+01 7.091672515869140625e+01 2.832745742797851562e+01
7.050835418701171875e+01 7.367657470703125000e+01 2.789211082458496094e+01
7.107425689697265625e+01 7.486569213867187500e+01 2.801918601989746094e+01
6.409967041015625000e+01 6.782852172851562500e+01 2.849265480041503906e+01
6.436237335205078125e+01 6.976889038085937500e+01 3.033476257324218750e+01
5.919441604614257812e+01 7.206442260742187500e+01 2.913798904418945312e+01
6.828876495361328125e+01 7.104116058349609375e+01 2.820434379577636719e+01
7.043359375000000000e+01 7.198019409179687500e+01 2.985430145263671875e+01
5.746413421630859375e+01 7.673168945312500000e+01 2.851939201354980469e+01
6.881433105468750000e+01 7.791139221191406250e+01 2.890894699096679688e+01
6.015277862548828125e+01 8.075691986083984375e+01 2.950350761413574219e+01
7.309602355957031250e+01 7.565602111816406250e+01 3.197820281982421875e+01
6.568383026123046875e+01 8.040177917480468750e+01 3.261242675781250000e+01
7.090683746337890625e+01 7.694614410400390625e+01 3.200565338134765625e+01
5.960870361328125000e+01 7.102759552001953125e+01 2.996832847595214844e+01
6.625972747802734375e+01 6.654313659667968750e+01 2.952264785766601562e+01
5.996762466430664062e+01 8.177239990234375000e+01 3.066518783569335938e+01
5.760207366943359375e+01 7.773745727539062500e+01 2.976419067382812500e+01
6.369143295288085938e+01 8.136662292480468750e+01 3.119142341613769531e+01
6.478217315673828125e+01 6.680736541748046875e+01 3.127493476867675781e+01
7.252153015136718750e+01 7.263979339599609375e+01 3.004444122314453125e+01
7.036859130859375000e+01 7.868207550048828125e+01 3.254643630981445312e+01
5.847502136230468750e+01 8.087899780273437500e+01 3.211534881591796875e+01
5.860915756225585938e+01 7.979936981201171875e+01 3.156011199951171875e+01
6.365973281860351562e+01 7.051512908935546875e+01 3.060645866394042969e+01
6.837388610839843750e+01 6.957693481445312500e+01 3.205364990234375000e+01
5.757580566406250000e+01 8.211900329589843750e+01 3.084631156921386719e+01
5.858406829833984375e+01 8.317680358886718750e+01 3.059564590454101562e+01
7.016714477539062500e+01 7.029090881347656250e+01 3.108288574218750000e+01
6.792539978027343750e+01 8.046780395507812500e+01 3.273991012573242188e+01
5.741149139404296875e+01 7.594734191894531250e+01 3.124490928649902344e+01
6.768424987792968750e+01 6.748699951171875000e+01 3.268819808959960938e+01
6.106002044677734375e+01 8.221540832519531250e+01 3.290211105346679688e+01
6.240616607666015625e+01 7.062493896484375000e+01 3.270077896118164062e+01
7.147906494140625000e+01 7.031289672851562500e+01 3.235737991333007812e+01
5.715576934814453125e+01 8.331629943847656250e+01 3.260786819458007812e+01
5.971736907958984375e+01 7.302079010009765625e+01 3.254455947875976562e+01
6.468647766113281250e+01 6.759873962402343750e+01 3.314989471435546875e+01
6.354871368408203125e+01 7.055075836181640625e+01 3.340042877197265625e+01
5.698535156250000000e+01 7.735771179199218750e+01 3.346147918701171875e+01
7.404381561279296875e+01 7.242112731933593750e+01 3.430194091796875000e+01
5.788558197021484375e+01 8.395681762695312500e+01 3.279574966430664062e+01
5.968096923828125000e+01 8.346960449218750000e+01 3.364520263671875000e+01
5.787834548950195312e+01 7.504476165771484375e+01 3.381125259399414062e+01
6.973162841796875000e+01 7.981171417236328125e+01 3.500205612182617188e+01
6.391061019897460938e+01 8.207397460937500000e+01 3.515369796752929688e+01
5.734755706787109375e+01 7.849960327148437500e+01 3.346408081054687500e+01
7.187833404541015625e+01 7.900469970703125000e+01 3.369867706298828125e+01
7.412998199462890625e+01 7.517848968505859375e+01 3.337967681884765625e+01
5.684887695312500000e+01 7.624029541015625000e+01 3.548508834838867188e+01
6.840937805175781250e+01 8.095057678222656250e+01 3.607678604125976562e+01
6.542746734619140625e+01 6.948275756835937500e+01 3.458930206298828125e+01
6.601833343505859375e+01 6.700180053710937500e+01 3.343010711669921875e+01
5.822844696044921875e+01 8.163800048828125000e+01 3.622501373291015625e+01
6.619567108154296875e+01 8.135201263427734375e+01 3.659898376464843750e+01
7.502944183349609375e+01 7.851281738281250000e+01 3.562324523925781250e+01
5.724778747558593750e+01 8.217208099365234375e+01 3.388395690917968750e+01
5.816219711303710938e+01 8.363969421386718750e+01 3.547412872314453125e+01
6.929409790039062500e+01 6.950048065185546875e+01 3.449341583251953125e+01
7.307144927978515625e+01 6.949851989746093750e+01 3.390139389038085938e+01
6.809222412109375000e+01 6.931885528564453125e+01 3.470453262329101562e+01
5.735484695434570312e+01 8.300338745117187500e+01 3.578652572631835938e+01
6.076100540161132812e+01 8.238072204589843750e+01 3.648759078979492188e+01
7.623640441894531250e+01 7.460311889648437500e+01 3.483050537109375000e+01
7.548783111572265625e+01 8.097367095947265625e+01 3.802903366088867188e+01
6.212502670288085938e+01 8.243325805664062500e+01 3.638288879394531250e+01
7.653748321533203125e+01 7.683032226562500000e+01 3.635198593139648438e+01
6.203929901123046875e+01 7.147441101074218750e+01 3.539962005615234375e+01
6.673252105712890625e+01 6.923831176757812500e+01 3.564290618896484375e+01
5.884243011474609375e+01 7.382704925537109375e+01 3.897670745849609375e+01
5.634165954589843750e+01 7.749306488037109375e+01 3.737289810180664062e+01
7.447048950195312500e+01 6.946487426757812500e+01 3.640329360961914062e+01
7.601921081542968750e+01 7.149538421630859375e+01 3.724013900756835938e+01
6.965828704833984375e+01 8.166265869140625000e+01 3.929139328002929688e+01
7.253304290771484375e+01 8.099761962890625000e+01 3.646280670166015625e+01
7.272990417480468750e+01 6.879661560058593750e+01 3.538425827026367188e+01
7.165650177001953125e+01 6.815808105468750000e+01 3.782696914672851562e+01
7.752761840820312500e+01 7.987644195556640625e+01 3.902890014648437500e+01
6.817666625976562500e+01 6.947167968750000000e+01 3.595973205566406250e+01
5.703519821166992188e+01 7.979709625244140625e+01 3.741949462890625000e+01
7.744126129150390625e+01 7.447449493408203125e+01 3.763888931274414062e+01
5.850534057617187500e+01 8.157106781005859375e+01 3.885300064086914062e+01
6.649384307861328125e+01 6.956276702880859375e+01 3.776296615600585938e+01
6.426655578613281250e+01 7.033104705810546875e+01 3.653544235229492188e+01
6.663602447509765625e+01 8.240312194824218750e+01 3.994903564453125000e+01
7.526137542724609375e+01 6.706487274169921875e+01 3.641944122314453125e+01
7.609561157226562500e+01 6.608908081054687500e+01 3.634799194335937500e+01
7.665933227539062500e+01 6.724897766113281250e+01 3.592682647705078125e+01
6.004190063476562500e+01 8.155511474609375000e+01 4.023006820678710938e+01
7.333039855957031250e+01 8.318431854248046875e+01 4.070745468139648438e+01
7.717731475830078125e+01 6.603266143798828125e+01 3.773767089843750000e+01
7.468196105957031250e+01 6.824981689453125000e+01 3.801634216308593750e+01
7.711851501464843750e+01 7.221069335937500000e+01 3.805498886108398438e+01
7.741472625732421875e+01 6.636589050292968750e+01 3.837405014038085938e+01
7.623983001708984375e+01 6.890247344970703125e+01 3.933775329589843750e+01
7.178085327148437500e+01 8.226788330078125000e+01 3.920434951782226562e+01
6.440376281738281250e+01 8.333805084228515625e+01 4.073303985595703125e+01
5.749631118774414062e+01 8.069438934326171875e+01 3.930272293090820312e+01
6.164806365966796875e+01 7.155852508544921875e+01 3.904454421997070312e+01
7.791799926757812500e+01 7.911059570312500000e+01 3.919073486328125000e+01
7.533060455322265625e+01 8.419155883789062500e+01 4.286185455322265625e+01
5.906518554687500000e+01 7.398317718505859375e+01 4.125078201293945312e+01
7.522728729248046875e+01 6.570128631591796875e+01 3.907098388671875000e+01
6.209948348999023438e+01 8.287252044677734375e+01 4.164241409301757812e+01
7.744700622558593750e+01 6.738493347167968750e+01 3.835594177246093750e+01
7.709647369384765625e+01 7.072894287109375000e+01 3.989800262451171875e+01
6.907704925537109375e+01 6.870864868164062500e+01 4.097029495239257812e+01
6.322369766235351562e+01 7.030136871337890625e+01 4.185497665405273438e+01
7.844231414794921875e+01 7.521665191650390625e+01 4.207150650024414062e+01
7.614483642578125000e+01 6.542705535888671875e+01 3.983632278442382812e+01
7.643611145019531250e+01 8.358611297607421875e+01 4.263780212402343750e+01
6.571910095214843750e+01 6.969081878662109375e+01 4.044470214843750000e+01
5.959368896484375000e+01 8.063860321044921875e+01 4.158918380737304688e+01
5.760978698730468750e+01 7.767205810546875000e+01 4.038825225830078125e+01
7.079290771484375000e+01 6.741739654541015625e+01 4.126329040527343750e+01
7.832887268066406250e+01 7.153928375244140625e+01 4.261693954467773438e+01
7.376020050048828125e+01 6.676242828369140625e+01 4.106612014770507812e+01
5.855560302734375000e+01 7.559605407714843750e+01 4.174082565307617188e+01
7.701660156250000000e+01 6.892506408691406250e+01 4.145483779907226562e+01
6.624153137207031250e+01 8.290677642822265625e+01 4.315975189208984375e+01
7.709849548339843750e+01 6.594573211669921875e+01 4.070262527465820312e+01
7.753202056884765625e+01 6.748055267333984375e+01 4.245413970947265625e+01
6.078321075439453125e+01 8.104213714599609375e+01 4.337203979492187500e+01
6.038914108276367188e+01 7.236974334716796875e+01 4.345425415039062500e+01
6.908544921875000000e+01 8.259138488769531250e+01 4.313214111328125000e+01
7.188246154785156250e+01 8.372700500488281250e+01 4.310205841064453125e+01
5.856563949584960938e+01 7.763772583007812500e+01 4.253297424316406250e+01
7.447062683105468750e+01 6.610474395751953125e+01 4.376352310180664062e+01
7.856948089599609375e+01 8.029772949218750000e+01 4.284595108032226562e+01
6.327380752563476562e+01 8.306007385253906250e+01 4.372101211547851562e+01
7.776361846923828125e+01 8.176895141601562500e+01 4.222586441040039062e+01
7.738649749755859375e+01 6.671186828613281250e+01 4.295442581176757812e+01
6.000090026855468750e+01 8.021064758300781250e+01 4.435041046142578125e+01
5.894110107421875000e+01 7.486402130126953125e+01 4.493978500366210938e+01
7.720909118652343750e+01 6.867955017089843750e+01 4.364766693115234375e+01
6.762038421630859375e+01 6.828705596923828125e+01 4.351392745971679688e+01
7.019630432128906250e+01 6.669549560546875000e+01 4.191239929199218750e+01
7.883200836181640625e+01 7.809927368164062500e+01 4.361970520019531250e+01
5.996759414672851562e+01 7.870063781738281250e+01 4.608688354492187500e+01
7.159989929199218750e+01 6.596266174316406250e+01 4.373873138427734375e+01
7.830260467529296875e+01 6.713959503173828125e+01 4.372378921508789062e+01
6.442052459716796875e+01 8.243202972412109375e+01 4.569654464721679688e+01
7.940648651123046875e+01 7.499658966064453125e+01 4.474964141845703125e+01
6.824740600585937500e+01 8.280722045898437500e+01 4.544255828857421875e+01
7.626374053955078125e+01 6.611483001708984375e+01 4.457460784912109375e+01
6.575317382812500000e+01 8.194132232666015625e+01 4.704309463500976562e+01
7.881417846679687500e+01 8.171192932128906250e+01 4.378208541870117188e+01
7.408512878417968750e+01 8.449803161621093750e+01 4.433406448364257812e+01
7.927996826171875000e+01 7.350707244873046875e+01 4.368372344970703125e+01
6.488465118408203125e+01 6.856538391113281250e+01 4.412442398071289062e+01
7.821443176269531250e+01 8.345687866210937500e+01 4.405813980102539062e+01
5.866786193847656250e+01 7.588511657714843750e+01 4.503441619873046875e+01
7.938737487792968750e+01 7.898098754882812500e+01 4.541618728637695312e+01
7.916635131835937500e+01 6.959552001953125000e+01 4.560559844970703125e+01
6.217466354370117188e+01 7.075588226318359375e+01 4.448047256469726562e+01
6.817729949951171875e+01 6.553565216064453125e+01 4.448930358886718750e+01
6.233283233642578125e+01 8.070848846435546875e+01 4.472563171386718750e+01
7.930815887451171875e+01 6.783731842041015625e+01 4.446714401245117188e+01
7.672582244873046875e+01 8.507135772705078125e+01 4.408949661254882812e+01
6.963750457763671875e+01 6.430303955078125000e+01 4.556402206420898438e+01
6.097001647949218750e+01 7.978706359863281250e+01 4.646614837646484375e+01
6.639871978759765625e+01 6.784817504882812500e+01 4.556493759155273438e+01
6.675506591796875000e+01 6.700235748291015625e+01 4.688407135009765625e+01
8.028202056884765625e+01 8.137887573242187500e+01 4.578600311279296875e+01
6.106307983398437500e+01 7.274692535400390625e+01 4.573916244506835938e+01
8.016858673095703125e+01 7.371009063720703125e+01 4.511832427978515625e+01
7.554412841796875000e+01 8.664350128173828125e+01 4.476940536499023438e+01
7.773941040039062500e+01 8.651795959472656250e+01 4.465464019775390625e+01
7.669458007812500000e+01 8.666984558105468750e+01 4.439397811889648438e+01
7.932447052001953125e+01 6.614496612548828125e+01 4.483444976806640625e+01
7.766069793701171875e+01 6.599507904052734375e+01 4.494145584106445312e+01
7.167625427246093750e+01 6.473912048339843750e+01 4.624797058105468750e+01
7.952225494384765625e+01 8.576081085205078125e+01 4.609214019775390625e+01
8.039734649658203125e+01 7.654183959960937500e+01 4.709367752075195312e+01
6.187314987182617188e+01 7.173917388916015625e+01 4.652431869506835938e+01
8.057124328613281250e+01 7.807419586181640625e+01 4.845656967163085938e+01
6.826171875000000000e+01 8.293735504150390625e+01 4.772711944580078125e+01
6.371459579467773438e+01 6.920274353027343750e+01 4.557958602905273438e+01
7.570512390136718750e+01 6.576036071777343750e+01 4.593500137329101562e+01
7.700914001464843750e+01 8.794135284423828125e+01 4.631169891357421875e+01
7.455237579345703125e+01 8.709094238281250000e+01 4.676887512207031250e+01
8.109353637695312500e+01 7.167720031738281250e+01 4.725246047973632812e+01
7.339122772216796875e+01 6.499190521240234375e+01 4.615811920166015625e+01
6.333152389526367188e+01 8.097640228271484375e+01 4.827491760253906250e+01
8.025471496582031250e+01 6.384675216674804688e+01 4.476210021972656250e+01
7.892478942871093750e+01 6.359955978393554688e+01 4.470238876342773438e+01
8.105687713623046875e+01 6.487447357177734375e+01 4.584721755981445312e+01
6.865127563476562500e+01 6.444531250000000000e+01 4.668964385986328125e+01
8.061451721191406250e+01 6.677099609375000000e+01 4.765822601318359375e+01
6.056127548217773438e+01 7.489666748046875000e+01 4.697932815551757812e+01
5.988346862792968750e+01 7.659528350830078125e+01 4.676072311401367188e+01
8.181413269042968750e+01 7.253271484375000000e+01 4.867274856567382812e+01
8.155203247070312500e+01 7.497830200195312500e+01 4.883808898925781250e+01
7.653540039062500000e+01 6.399066162109375000e+01 4.789046859741210938e+01
7.791054534912109375e+01 6.279834365844726562e+01 4.704430770874023438e+01
8.019064331054687500e+01 8.666761779785156250e+01 4.779200363159179688e+01
7.902934265136718750e+01 8.754834747314453125e+01 4.780758285522460938e+01
7.283500671386718750e+01 8.494259643554687500e+01 5.007920455932617188e+01
7.987066650390625000e+01 6.941902160644531250e+01 4.703709793090820312e+01
6.550005340576171875e+01 6.828089141845703125e+01 4.764236831665039062e+01
6.686886596679687500e+01 8.146839904785156250e+01 5.023278045654296875e+01
7.106379699707031250e+01 8.420116424560546875e+01 4.743085098266601562e+01
6.928276062011718750e+01 6.235325241088867188e+01 4.711164474487304688e+01
7.565250396728515625e+01 8.824648284912109375e+01 4.896671295166015625e+01
6.357493972778320312e+01 7.113005828857421875e+01 4.836991500854492188e+01
8.080168151855468750e+01 8.174618530273437500e+01 4.724884414672851562e+01
7.004907226562500000e+01 6.258909606933593750e+01 4.636725616455078125e+01
8.046554565429687500e+01 6.953073120117187500e+01 4.988357543945312500e+01
6.464735412597656250e+01 6.944135284423828125e+01 4.973527908325195312e+01
7.153363800048828125e+01 6.302856063842773438e+01 4.785617828369140625e+01
7.998059082031250000e+01 6.259196090698242188e+01 4.874768829345703125e+01
8.099140167236328125e+01 7.897103118896484375e+01 5.022974395751953125e+01
6.167763900756835938e+01 7.493332672119140625e+01 4.770136260986328125e+01
6.207664871215820312e+01 7.326429748535156250e+01 4.823265838623046875e+01
6.187165832519531250e+01 7.929782867431640625e+01 4.841719055175781250e+01
7.536178588867187500e+01 6.206045532226562500e+01 4.817635345458984375e+01
7.945567321777343750e+01 8.964855194091796875e+01 4.716891098022460938e+01
8.091013336181640625e+01 8.838541412353515625e+01 4.650726318359375000e+01
8.109166717529296875e+01 8.976479339599609375e+01 4.676237487792968750e+01
8.132684326171875000e+01 6.295140075683593750e+01 5.006617736816406250e+01
8.168749237060546875e+01 6.512905883789062500e+01 4.883528137207031250e+01
6.562902069091796875e+01 8.101244354248046875e+01 4.848539352416992188e+01
6.913777923583984375e+01 8.290039062500000000e+01 4.876734161376953125e+01
6.260577392578125000e+01 7.756790161132812500e+01 4.896411895751953125e+01
7.710111236572265625e+01 8.803138732910156250e+01 4.994497680664062500e+01
8.060598754882812500e+01 8.583296966552734375e+01 4.923082733154296875e+01
7.098902130126953125e+01 6.231136322021484375e+01 4.922240829467773438e+01
6.316386413574218750e+01 7.344510650634765625e+01 4.927806854248046875e+01
8.189964294433593750e+01 8.760915374755859375e+01 4.763768768310546875e+01
6.313171005249023438e+01 7.568527984619140625e+01 4.831071853637695312e+01
6.841024017333984375e+01 6.308992767333984375e+01 4.967224884033203125e+01
7.532115936279296875e+01 6.051766967773437500e+01 4.951660537719726562e+01
7.974325561523437500e+01 9.050445556640625000e+01 4.938391876220703125e+01
7.774786376953125000e+01 6.117359161376953125e+01 4.805467224121093750e+01
6.427752685546875000e+01 7.769523620605468750e+01 4.873539352416992188e+01
6.617656707763671875e+01 7.515828704833984375e+01 4.966463470458984375e+01
6.614319610595703125e+01 6.681390380859375000e+01 5.128818130493164062e+01
7.144853973388671875e+01 8.423018646240234375e+01 5.097989654541015625e+01
8.193183898925781250e+01 7.586702728271484375e+01 5.162490463256835938e+01
8.072045135498046875e+01 7.714590454101562500e+01 5.061362457275390625e+01
6.792508697509765625e+01 7.749463653564453125e+01 5.018547058105468750e+01
8.241139221191406250e+01 8.710318756103515625e+01 4.985510253906250000e+01
6.487075042724609375e+01 7.303887176513671875e+01 5.019264602661132812e+01
8.233145904541015625e+01 8.940377807617187500e+01 4.914848327636718750e+01
6.930582427978515625e+01 8.138864898681640625e+01 5.074287796020507812e+01
6.526995849609375000e+01 7.116994476318359375e+01 5.149676513671875000e+01
6.980550384521484375e+01 6.218540191650390625e+01 5.124551391601562500e+01
6.783202362060546875e+01 6.524321746826171875e+01 5.157804870605468750e+01
7.331617736816406250e+01 6.015262985229492188e+01 5.025751495361328125e+01
8.110234832763671875e+01 9.027278137207031250e+01 4.963655471801757812e+01
7.978322601318359375e+01 6.094422912597656250e+01 4.963713073730468750e+01
7.343180847167968750e+01 8.655416870117187500e+01 5.255948257446289062e+01
7.785472106933593750e+01 8.942353820800781250e+01 4.971144866943359375e+01
7.781044006347656250e+01 8.970636749267578125e+01 5.113552474975585938e+01
8.150180053710937500e+01 8.168711853027343750e+01 5.287092590332031250e+01
6.631771850585937500e+01 7.295094299316406250e+01 5.160262298583984375e+01
7.851330566406250000e+01 6.035578918457031250e+01 5.002548217773437500e+01
6.840738677978515625e+01 7.910138702392578125e+01 5.076496887207031250e+01
6.879029083251953125e+01 7.659169006347656250e+01 5.182722473144531250e+01
6.790069580078125000e+01 7.489450073242187500e+01 5.062558364868164062e+01
8.132695770263671875e+01 7.185624694824218750e+01 5.175372695922851562e+01
6.891889953613281250e+01 7.511016082763671875e+01 5.226335906982421875e+01
8.124656677246093750e+01 8.554106903076171875e+01 5.315529251098632812e+01
8.170774841308593750e+01 7.369150543212890625e+01 5.182960128784179688e+01
7.102519226074218750e+01 6.066953659057617188e+01 5.180916595458984375e+01
6.981330108642578125e+01 8.052886199951171875e+01 5.158129119873046875e+01
8.205637359619140625e+01 6.042207336425781250e+01 5.023503875732421875e+01
8.189044952392578125e+01 6.332334518432617188e+01 5.199979782104492188e+01
6.965840148925781250e+01 6.324501037597656250e+01 5.386090469360351562e+01
7.684912872314453125e+01 5.971873474121093750e+01 5.178653335571289062e+01
7.245696258544921875e+01 8.305181884765625000e+01 5.290813064575195312e+01
7.586875152587890625e+01 8.802275848388671875e+01 5.229910278320312500e+01
8.323803710937500000e+01 6.133734893798828125e+01 5.265808486938476562e+01
7.301068115234375000e+01 8.422431945800781250e+01 5.344847488403320312e+01
7.067195892333984375e+01 7.598184204101562500e+01 5.366224288940429688e+01
8.158816528320312500e+01 6.562514495849609375e+01 5.293039321899414062e+01
8.260900878906250000e+01 8.774752044677734375e+01 5.320870590209960938e+01
8.061317443847656250e+01 7.892412567138671875e+01 5.239670562744140625e+01
8.223979187011718750e+01 8.642632293701171875e+01 5.264715957641601562e+01
6.927450561523437500e+01 7.764196014404296875e+01 5.271942138671875000e+01
7.200368499755859375e+01 7.991800689697265625e+01 5.346442794799804688e+01
7.338694000244140625e+01 8.194187164306640625e+01 5.339784240722656250e+01
6.831653594970703125e+01 7.465702056884765625e+01 5.532456970214843750e+01
8.198329162597656250e+01 5.965694427490234375e+01 5.165619659423828125e+01
6.636904144287109375e+01 6.701252746582031250e+01 5.545998001098632812e+01
7.376952362060546875e+01 5.925950241088867188e+01 5.408885574340820312e+01
7.845120239257812500e+01 5.917073440551757812e+01 5.224610519409179688e+01
8.063130950927734375e+01 6.785166931152343750e+01 5.502921295166015625e+01
8.108949279785156250e+01 7.692868804931640625e+01 5.450940322875976562e+01
8.165621185302734375e+01 7.238419342041015625e+01 5.394101333618164062e+01
8.062477111816406250e+01 6.966300964355468750e+01 5.531023025512695312e+01
7.425992584228515625e+01 8.718707275390625000e+01 5.385264205932617188e+01
6.616619873046875000e+01 6.931726837158203125e+01 5.593271636962890625e+01
7.416947937011718750e+01 8.012105560302734375e+01 5.333975601196289062e+01
7.898042297363281250e+01 9.026992034912109375e+01 5.349058151245117188e+01
8.014036560058593750e+01 7.840564727783203125e+01 5.498495864868164062e+01
8.199150848388671875e+01 8.894759368896484375e+01 5.411822128295898438e+01
6.694145202636718750e+01 7.264750671386718750e+01 5.508454513549804688e+01
7.136810302734375000e+01 7.599446105957031250e+01 5.429714202880859375e+01
7.981479644775390625e+01 7.979548645019531250e+01 5.483968734741210938e+01
8.097706604003906250e+01 8.168785095214843750e+01 5.456617355346679688e+01
7.050854492187500000e+01 6.087543487548828125e+01 5.308675384521484375e+01
8.135711669921875000e+01 7.115000915527343750e+01 5.356830596923828125e+01
8.284474182128906250e+01 5.988263320922851562e+01 5.528339385986328125e+01
7.288474273681640625e+01 7.818077850341796875e+01 5.404044342041015625e+01
7.410665130615234375e+01 7.827554321289062500e+01 5.471240997314453125e+01
8.151885986328125000e+01 5.936001586914062500e+01 5.404258346557617188e+01
7.535771942138671875e+01 8.009685516357421875e+01 5.494570922851562500e+01
7.385732269287109375e+01 8.541390991210937500e+01 5.533231353759765625e+01
8.218325805664062500e+01 7.491851806640625000e+01 5.575079345703125000e+01
8.076322937011718750e+01 8.547207641601562500e+01 5.525139236450195312e+01
7.624776458740234375e+01 8.732723999023437500e+01 5.503730773925781250e+01
7.039431762695312500e+01 7.462957763671875000e+01 5.667732238769531250e+01
6.981241607666015625e+01 6.556966400146484375e+01 5.528479766845703125e+01
6.908130645751953125e+01 6.658210754394531250e+01 5.678692245483398438e+01
7.691397857666015625e+01 8.871494293212890625e+01 5.518291854858398438e+01
8.332401275634765625e+01 6.220933151245117188e+01 5.530568313598632812e+01
7.540894317626953125e+01 8.338240814208984375e+01 5.623150634765625000e+01
8.342741394042968750e+01 6.122583770751953125e+01 5.612505722045898438e+01
8.184199523925781250e+01 8.688874053955078125e+01 5.564661026000976562e+01
7.437497711181640625e+01 7.763352966308593750e+01 5.661112213134765625e+01
7.658563232421875000e+01 8.097145843505859375e+01 5.578506088256835938e+01
7.633839416503906250e+01 8.018318176269531250e+01 5.679839324951171875e+01
8.077875518798828125e+01 7.040371704101562500e+01 5.738669967651367188e+01
7.858972167968750000e+01 8.017665863037109375e+01 5.574460983276367188e+01
8.294911956787109375e+01 7.242174530029296875e+01 5.771226882934570312e+01
8.035045623779296875e+01 8.360752105712890625e+01 5.555065155029296875e+01
7.773474121093750000e+01 7.998861694335937500e+01 5.657439804077148438e+01
7.222860717773437500e+01 7.553179931640625000e+01 5.786703872680664062e+01
6.676427459716796875e+01 6.790360260009765625e+01 5.694993972778320312e+01
8.031204986572265625e+01 8.907644653320312500e+01 5.625847625732421875e+01
6.842295074462890625e+01 7.192510986328125000e+01 5.809248352050781250e+01
8.016511535644531250e+01 8.169747924804687500e+01 5.562162399291992188e+01
8.011284637451171875e+01 6.813765716552734375e+01 5.774316024780273438e+01
6.994117736816406250e+01 6.129532623291015625e+01 5.758436965942382812e+01
7.952237701416015625e+01 8.289372253417968750e+01 5.573520660400390625e+01
6.718907928466796875e+01 7.089645385742187500e+01 5.689746475219726562e+01
8.030580902099609375e+01 5.911126327514648438e+01 5.648704910278320312e+01
7.736730194091796875e+01 8.222090148925781250e+01 5.582578277587890625e+01
8.039897918701171875e+01 7.638420867919921875e+01 5.955717468261718750e+01
8.267053222656250000e+01 7.223491668701171875e+01 5.948988723754882812e+01
7.534778594970703125e+01 7.858376312255859375e+01 6.032376861572265625e+01
7.841263580322265625e+01 8.631115722656250000e+01 5.681089019775390625e+01
7.777780914306640625e+01 5.816774749755859375e+01 5.603589248657226562e+01
7.712091064453125000e+01 8.418556976318359375e+01 5.753315734863281250e+01
7.993724060058593750e+01 7.826403808593750000e+01 5.937544250488281250e+01
7.894741058349609375e+01 8.443971252441406250e+01 5.688938140869140625e+01
7.933724212646484375e+01 8.710857391357421875e+01 5.723542022705078125e+01
7.287302398681640625e+01 5.901151275634765625e+01 5.741587066650390625e+01
8.305570220947265625e+01 7.348049926757812500e+01 5.907322692871093750e+01
8.290412139892578125e+01 7.468991851806640625e+01 6.170383834838867188e+01
8.149369812011718750e+01 6.401822662353515625e+01 5.674727249145507812e+01
8.126899719238281250e+01 6.603678894042968750e+01 5.699758529663085938e+01
6.938596343994140625e+01 6.475411987304687500e+01 5.719021987915039062e+01
7.047282409667968750e+01 7.293873596191406250e+01 5.819798278808593750e+01
7.478982543945312500e+01 7.656083679199218750e+01 5.748674774169921875e+01
6.779273986816406250e+01 7.011841583251953125e+01 5.737068939208984375e+01
6.940275573730468750e+01 6.981886291503906250e+01 5.839724349975585938e+01
8.179610443115234375e+01 7.548478698730468750e+01 5.795671463012695312e+01
8.289011383056640625e+01 6.246658325195312500e+01 5.787516784667968750e+01
6.872531890869140625e+01 6.306815338134765625e+01 5.885773849487304688e+01
7.021177673339843750e+01 6.643421936035156250e+01 5.877056884765625000e+01
7.249726867675781250e+01 7.380602264404296875e+01 5.927600479125976562e+01
7.558255767822265625e+01 5.850598907470703125e+01 5.717730712890625000e+01
7.728589630126953125e+01 5.753548431396484375e+01 6.041548538208007812e+01
7.869025421142578125e+01 5.804111862182617188e+01 5.825563812255859375e+01
7.899463653564453125e+01 7.872913360595703125e+01 6.140533447265625000e+01
7.046920776367187500e+01 6.913513183593750000e+01 5.949170684814453125e+01
7.553784179687500000e+01 7.509866333007812500e+01 5.921476364135742188e+01
7.104076385498046875e+01 6.760449218750000000e+01 5.929750823974609375e+01
7.378475952148437500e+01 7.401727294921875000e+01 5.994570159912109375e+01
8.262567138671875000e+01 6.025496673583984375e+01 5.754043579101562500e+01
8.112799835205078125e+01 6.113409423828125000e+01 6.049607086181640625e+01
8.068457031250000000e+01 6.407607269287109375e+01 5.960013580322265625e+01
7.586870574951171875e+01 7.778121948242187500e+01 6.252719497680664062e+01
7.100371551513671875e+01 7.036257171630859375e+01 5.869948959350585938e+01
7.598996734619140625e+01 7.580905151367187500e+01 6.020723342895507812e+01
8.115767669677734375e+01 7.153984832763671875e+01 6.003220748901367188e+01
6.871550750732421875e+01 6.431668090820312500e+01 6.025732040405273438e+01
7.988768768310546875e+01 5.880473709106445312e+01 5.773913574218750000e+01
8.236122894287109375e+01 7.528591918945312500e+01 6.086912155151367188e+01
8.098256683349609375e+01 7.621502685546875000e+01 6.147424316406250000e+01
8.055012512207031250e+01 6.646374511718750000e+01 5.966682434082031250e+01
8.066869354248046875e+01 5.981116485595703125e+01 5.956529998779296875e+01
7.331576538085937500e+01 7.143080139160156250e+01 5.882663726806640625e+01
7.390788269042968750e+01 7.041596221923828125e+01 5.906341552734375000e+01
7.552433776855468750e+01 6.910741424560546875e+01 5.803982925415039062e+01
7.360190582275390625e+01 6.878588867187500000e+01 5.933363723754882812e+01
7.549521636962890625e+01 7.099146270751953125e+01 5.926850509643554688e+01
7.656579589843750000e+01 7.405069732666015625e+01 6.109447479248046875e+01
7.987072753906250000e+01 7.097050476074218750e+01 5.996165847778320312e+01
7.436703491210937500e+01 7.142009735107421875e+01 5.955979919433593750e+01
8.100578308105468750e+01 7.220841979980468750e+01 6.511226654052734375e+01
7.766158294677734375e+01 7.840948486328125000e+01 6.280774307250976562e+01
7.609793090820312500e+01 7.288259887695312500e+01 6.066147994995117188e+01
7.232147979736328125e+01 5.873648834228515625e+01 6.190859603881835938e+01
7.509719848632812500e+01 6.798359680175781250e+01 6.078139495849609375e+01
7.731735229492187500e+01 6.852447509765625000e+01 6.013622665405273438e+01
7.802317810058593750e+01 6.760958099365234375e+01 6.097366714477539062e+01
7.763385009765625000e+01 7.122064971923828125e+01 6.031452560424804688e+01
7.905259704589843750e+01 7.183071899414062500e+01 6.134301757812500000e+01
7.684088134765625000e+01 7.002235412597656250e+01 6.082209777832031250e+01
7.724147033691406250e+01 7.595227813720703125e+01 6.246287155151367188e+01
7.258894348144531250e+01 6.541381835937500000e+01 6.269551086425781250e+01
7.986828613281250000e+01 6.276935577392578125e+01 6.120883560180664062e+01
7.811048889160156250e+01 7.007214355468750000e+01 6.106458282470703125e+01
7.760744476318359375e+01 7.263974761962890625e+01 6.151482391357421875e+01
7.070494079589843750e+01 6.597707366943359375e+01 6.171076965332031250e+01
7.814830780029296875e+01 7.665495300292968750e+01 6.264296722412109375e+01
8.072404479980468750e+01 6.675508117675781250e+01 6.456246185302734375e+01
7.073577880859375000e+01 6.037813568115234375e+01 6.112725067138671875e+01
7.457284545898437500e+01 6.622183990478515625e+01 6.277675628662109375e+01
8.242230224609375000e+01 7.339701080322265625e+01 6.420081329345703125e+01
7.941963958740234375e+01 5.779845809936523438e+01 6.323542404174804688e+01
8.006938171386718750e+01 5.853498840332031250e+01 6.475645446777343750e+01
7.132615661621093750e+01 6.373930358886718750e+01 6.288315963745117188e+01
7.146350860595703125e+01 5.936597061157226562e+01 6.473500823974609375e+01
7.702465057373046875e+01 7.463480377197265625e+01 6.524224853515625000e+01
8.031529235839843750e+01 6.059171295166015625e+01 6.279596328735351562e+01
7.993462371826171875e+01 6.405914306640625000e+01 6.176595687866210938e+01
8.090801239013671875e+01 6.540878295898437500e+01 6.461164855957031250e+01
7.087107849121093750e+01 6.175708770751953125e+01 6.311833190917968750e+01
7.708177947998046875e+01 6.624321746826171875e+01 6.325500488281250000e+01
8.171630096435546875e+01 7.624922943115234375e+01 6.447713470458984375e+01
7.848075866699218750e+01 5.715705108642578125e+01 6.433658599853515625e+01
8.186572265625000000e+01 7.554447937011718750e+01 6.554074096679687500e+01
7.414100646972656250e+01 5.837347412109375000e+01 6.343244552612304688e+01
7.750286865234375000e+01 7.326413726806640625e+01 6.492507934570312500e+01
7.825526428222656250e+01 6.378331756591796875e+01 6.305168914794921875e+01
7.851020812988281250e+01 6.444105529785156250e+01 6.326384735107421875e+01
7.583407592773437500e+01 5.791030883789062500e+01 6.336485671997070312e+01
7.434246826171875000e+01 6.390459442138671875e+01 6.514423370361328125e+01
7.887648773193359375e+01 7.614807891845703125e+01 6.632223510742187500e+01
7.676670837402343750e+01 6.502699279785156250e+01 6.290206146240234375e+01
7.243163299560546875e+01 6.216396331787109375e+01 6.497133636474609375e+01
7.905928039550781250e+01 6.561244964599609375e+01 6.630010986328125000e+01
7.803733062744140625e+01 7.494422149658203125e+01 6.685780334472656250e+01
7.955602264404296875e+01 6.165188217163085938e+01 6.527909851074218750e+01
7.669423675537109375e+01 6.355011367797851562e+01 6.501460266113281250e+01
7.912363433837890625e+01 7.318247222900390625e+01 6.673008728027343750e+01
7.844398498535156250e+01 6.698922729492187500e+01 6.581835174560546875e+01
7.720034790039062500e+01 6.211619186401367188e+01 6.755613708496093750e+01
7.845359039306640625e+01 5.708706283569335938e+01 6.671183013916015625e+01
8.047737121582031250e+01 7.478274536132812500e+01 6.715436553955078125e+01
7.359610748291015625e+01 5.955149078369140625e+01 6.627253723144531250e+01
8.011772155761718750e+01 6.632564544677734375e+01 6.642089843750000000e+01
7.492220306396484375e+01 6.244127655029296875e+01 6.652490997314453125e+01
7.459691619873046875e+01 5.799638366699218750e+01 6.687150573730468750e+01
7.945639038085937500e+01 5.786120605468750000e+01 6.737930297851562500e+01
7.677882385253906250e+01 5.770940399169921875e+01 6.657457733154296875e+01
7.983613586425781250e+01 5.918248748779296875e+01 6.790222930908203125e+01
7.877400207519531250e+01 6.016846084594726562e+01 6.859117889404296875e+01
7.583615875244140625e+01 5.777006530761718750e+01 6.896221923828125000e+01
7.470196533203125000e+01 5.926857376098632812e+01 6.931117248535156250e+01
7.795021820068359375e+01 5.648805999755859375e+01 6.943461608886718750e+01
7.564463806152343750e+01 5.890315246582031250e+01 6.954920959472656250e+01
7.882240295410156250e+01 5.712043762207031250e+01 7.217685699462890625e+01
7.806008911132812500e+01 5.825278472900390625e+01 7.298915100097656250e+01
7.642662811279296875e+01 5.688761138916015625e+01 7.246368408203125000e+01
7.604072570800781250e+01 5.794644165039062500e+01 7.241084289550781250e+01
