0 1 2
3 4 5
5 6 7
8 9 10
0 6 1
0 11 12
13 5 14
14 5 4
13 6 5
10 15 8
10 16 15
9 17 10
3 7 18
13 19 20
8 21 9
11 0 2
21 22 9
23 13 14
12 18 7
7 6 12
6 13 20
6 20 1
12 24 18
7 3 5
12 6 0
16 10 17
3 25 26
11 24 12
27 28 19
18 25 3
28 29 20
28 20 19
19 13 23
19 23 30
4 3 26
20 29 1
25 31 26
32 24 11
32 11 33
18 24 32
34 23 14
30 27 19
22 35 9
23 36 30
2 37 38
1 37 2
22 21 39
11 2 40
41 4 42
41 42 15
4 26 42
29 43 37
16 41 15
44 8 15
44 15 45
27 46 28
37 1 29
15 42 45
36 23 34
47 42 26
34 14 16
41 14 4
33 48 32
33 11 40
41 16 14
42 49 45
25 18 32
50 38 37
16 17 51
37 52 50
51 17 53
17 9 53
54 55 56
57 58 56
58 54 56
49 42 47
27 30 46
33 40 59
33 59 48
53 9 35
53 35 60
38 50 61
62 54 58
62 58 63
38 40 2
43 29 28
21 8 44
21 44 64
25 32 65
66 28 46
31 67 26
55 54 68
51 34 16
54 62 68
52 61 50
63 69 62
49 70 71
47 26 72
47 72 70
35 22 73
36 34 51
49 47 70
31 65 74
43 52 37
72 26 67
75 44 45
71 45 49
45 71 75
58 57 76
39 21 64
36 51 77
65 31 25
67 31 74
61 52 78
68 62 79
38 61 80
38 80 81
67 82 72
30 83 46
56 84 57
67 74 82
51 53 77
83 36 85
77 86 36
87 43 28
87 88 52
52 43 87
81 80 89
65 32 90
46 83 91
48 92 32
91 66 46
75 64 44
69 79 62
52 88 78
66 87 28
63 58 76
63 93 69
36 86 85
94 40 38
73 22 39
73 39 95
90 32 92
57 91 83
66 96 97
70 72 98
91 57 84
87 66 99
84 56 100
36 83 30
71 101 75
78 88 102
80 61 78
91 103 66
57 83 76
70 104 71
103 91 84
84 105 103
106 82 74
77 53 60
77 60 107
84 100 105
69 108 79
87 99 109
88 87 109
110 56 55
110 100 56
81 94 38
99 66 97
96 66 103
59 40 94
76 83 85
79 111 68
102 112 78
70 98 104
74 65 113
98 114 104
107 86 77
64 75 101
85 115 76
82 98 72
95 39 116
39 64 116
106 74 113
48 59 117
78 112 118
78 118 80
93 63 76
119 60 73
119 73 120
81 89 121
109 122 88
93 76 115
69 93 123
55 68 124
111 124 68
73 60 35
116 64 101
90 113 65
90 125 113
98 82 126
102 88 122
48 127 92
85 86 128
79 108 129
130 109 99
130 131 109
115 85 128
80 118 89
128 107 132
128 86 107
93 115 123
110 55 124
95 120 73
115 128 133
118 112 134
106 113 135
106 135 136
106 137 82
107 60 132
125 92 127
113 125 138
89 118 134
96 103 139
130 99 97
127 48 140
92 125 90
105 141 142
119 120 143
111 144 124
111 79 129
145 101 71
104 145 71
108 69 123
114 98 126
138 135 113
142 103 105
112 102 146
112 146 147
148 135 149
97 150 130
112 147 134
137 126 82
140 48 117
81 121 151
81 151 94
149 135 138
149 138 152
139 103 142
122 109 131
122 131 153
154 117 59
102 122 146
155 129 108
156 101 145
123 155 108
120 95 157
123 115 133
158 104 114
110 124 159
97 96 150
94 151 160
105 100 141
127 161 125
106 136 137
150 96 139
136 135 148
59 94 160
138 125 161
133 128 132
136 148 162
116 101 156
144 111 129
100 110 159
163 144 129
132 60 119
119 143 164
143 120 157
146 122 153
121 89 134
130 150 165
166 137 136
152 138 161
150 139 167
154 59 160
148 168 162
149 168 148
157 95 169
157 169 170
129 155 171
95 116 169
132 119 164
132 172 133
163 129 171
158 145 104
114 126 173
165 150 167
130 165 174
166 136 162
168 149 152
168 152 175
152 176 175
100 159 177
156 169 116
156 145 178
123 133 155
141 100 177
179 117 154
179 140 117
164 180 132
158 114 173
152 161 176
142 141 181
121 182 183
161 184 176
153 185 186
187 134 147
187 147 188
151 121 183
137 189 190
124 191 159
155 133 192
161 127 193
173 126 190
126 137 190
157 170 194
131 130 174
143 157 195
143 195 164
182 121 134
182 134 187
182 187 196
188 147 146
146 186 188
139 142 181
186 146 153
153 131 197
169 156 198
188 196 187
191 124 144
199 159 191
179 127 140
137 166 189
177 159 199
164 195 200
193 127 179
161 193 184
158 173 201
197 131 174
170 169 198
160 151 183
160 183 202
164 200 180
186 203 204
183 182 205
195 157 194
185 153 197
194 170 198
198 156 178
192 133 206
172 206 133
179 154 207
208 144 163
178 145 209
192 171 155
145 158 210
189 166 211
162 168 212
209 145 210
154 160 213
205 214 183
205 182 196
215 165 167
188 186 204
163 171 216
186 185 203
193 179 217
188 218 196
219 185 197
203 185 219
174 220 221
222 205 196
196 218 222
176 184 223
191 144 208
199 191 208
166 162 224
166 224 211
175 225 212
175 176 225
199 226 227
225 176 223
181 141 177
228 139 181
215 229 165
205 222 230
205 230 214
167 139 228
215 167 231
220 174 165
194 232 195
229 220 165
190 189 233
206 172 234
227 177 199
212 168 175
172 180 234
181 177 227
181 227 235
210 158 201
210 201 236
228 181 235
224 162 212
224 212 237
207 154 213
238 223 184
192 216 171
197 174 221
219 239 203
206 240 192
218 188 204
231 241 215
222 218 242
222 242 243
229 215 241
227 226 244
225 223 245
245 246 225
231 167 228
217 179 207
178 209 247
190 248 173
184 193 249
180 250 234
208 163 216
226 199 208
216 192 240
204 203 239
204 251 218
232 194 198
223 252 245
216 253 208
211 224 237
219 197 221
254 198 178
254 178 247
132 180 172
249 193 255
249 238 184
202 213 160
209 210 236
209 236 256
201 173 248
248 257 201
232 258 195
240 206 234
251 204 239
220 229 259
260 230 222
250 261 234
202 183 214
237 212 246
221 220 259
235 227 244
246 212 225
262 239 219
262 219 221
226 208 253
244 226 263
244 264 235
214 230 265
189 211 233
211 237 266
243 260 222
228 267 231
228 268 267
254 232 198
200 195 258
267 241 231
234 261 240
253 216 240
253 240 269
263 226 253
250 180 200
250 200 270
271 239 262
218 251 272
273 235 264
273 228 235
264 244 263
252 223 238
230 260 265
269 240 261
274 251 239
229 275 259
245 252 276
238 249 252
249 255 277
278 190 233
271 262 279
217 207 280
266 233 211
242 218 272
202 214 281
263 253 269
271 274 239
271 282 274
245 276 246
251 274 283
248 190 278
252 249 277
273 268 228
209 256 247
232 254 247
252 284 276
266 237 276
251 283 272
285 271 279
275 229 241
276 237 246
269 264 263
274 282 286
283 274 286
264 269 287
214 265 281
266 276 284
255 193 217
255 217 280
258 270 200
278 233 288
202 207 213
247 258 232
236 201 289
201 257 289
257 248 290
262 221 291
262 291 292
291 221 259
275 241 267
287 269 261
287 261 293
282 271 285
288 233 266
277 294 252
207 295 280
296 297 298
252 294 299
252 299 284
270 261 250
207 300 295
278 290 248
277 255 301
260 243 302
279 292 303
243 242 304
296 305 297
306 298 297
304 242 272
307 296 298
259 275 308
292 279 262
298 306 309
309 306 310
296 307 311
265 260 312
265 312 313
275 267 314
255 280 301
288 266 315
281 207 202
256 236 289
270 258 316
290 289 257
290 278 288
293 261 270
272 283 317
290 318 319
300 207 281
318 290 288
286 320 283
315 321 288
299 294 322
243 323 302
309 307 298
324 306 297
289 325 256
304 323 243
307 309 326
305 296 327
305 328 297
320 317 283
296 311 327
315 284 329
315 329 321
319 289 290
287 273 264
268 314 267
314 268 330
277 331 294
316 258 332
275 333 308
313 281 265
284 315 266
284 299 329
272 334 304
303 292 335
326 311 307
325 289 319
310 306 324
310 336 309
291 259 308
291 308 335
316 332 337
268 273 338
247 332 258
270 316 339
333 311 308
303 285 279
302 312 260
286 282 340
308 311 341
334 272 317
297 342 324
286 340 343
312 302 344
345 304 334
320 286 343
318 288 321
320 346 317
297 328 342
333 275 314
327 311 333
335 292 291
347 319 318
281 313 300
304 345 348
326 309 336
326 336 349
287 350 273
287 293 350
338 273 350
301 280 351
333 314 352
311 326 341
320 343 346
323 304 348
321 329 353
295 351 280
347 318 354
328 355 342
268 338 330
331 277 301
270 356 293
356 270 339
329 299 353
354 318 321
354 321 357
327 333 352
303 335 358
354 357 359
344 302 360
361 305 327
361 328 305
327 352 361
299 322 353
334 317 346
336 310 362
357 321 353
363 314 330
322 294 331
322 331 364
345 334 365
247 256 366
330 367 368
338 350 367
325 319 369
335 308 341
352 314 363
303 370 285
341 326 349
322 364 353
371 256 325
347 369 319
325 369 372
353 359 357
347 354 359
349 336 373
363 374 352
351 295 375
310 324 376
366 332 247
337 332 377
367 330 338
293 356 350
300 313 378
373 336 379
355 328 380
380 328 361
313 312 381
353 364 382
348 345 383
348 383 323
370 303 358
359 384 347
372 371 325
363 330 368
366 256 371
323 360 302
323 383 360
324 342 385
337 377 386
351 375 387
376 324 385
362 310 376
362 379 336
282 285 370
340 370 388
339 316 389
343 340 388
295 300 390
355 385 342
335 341 349
312 344 381
361 352 374
359 353 391
359 391 384
392 371 372
369 347 384
391 353 382
355 380 393
349 373 394
372 369 395
358 335 394
378 313 396
378 390 300
378 397 390
370 358 398
399 334 346
356 367 350
301 400 331
367 356 401
301 351 387
301 387 402
377 332 366
390 375 295
339 401 356
380 361 374
394 335 349
394 403 358
383 345 365
384 395 369
365 334 404
370 340 282
385 355 393
331 400 364
301 402 400
379 362 405
346 406 407
401 339 408
389 316 337
391 382 409
391 409 410
372 395 411
368 412 413
396 313 381
371 392 414
403 394 415
384 416 417
418 419 412
399 346 407
366 371 420
368 367 418
343 388 406
343 406 346
377 366 420
397 378 396
412 368 418
364 400 421
374 422 380
384 391 416
360 423 344
360 424 423
413 363 368
363 425 374
363 413 425
344 423 381
360 383 426
404 334 399
388 370 398
395 384 417
382 364 421
382 421 427
428 396 381
420 371 414
420 414 429
375 430 431
418 367 401
373 379 415
376 405 362
375 390 430
430 390 397
382 427 409
411 392 372
424 360 426
374 425 422
417 411 395
416 391 410
421 400 432
365 404 426
398 433 434
393 380 422
379 405 435
402 432 400
406 388 436
406 436 437
379 438 415
396 428 439
396 439 397
386 377 420
376 440 405
389 337 441
415 394 373
430 442 431
389 408 339
433 398 358
408 389 443
412 444 413
401 419 418
399 445 404
426 383 365
423 446 381
435 438 379
337 386 447
387 375 431
441 337 447
385 393 440
420 429 386
440 376 385
388 398 434
358 403 433
403 448 433
408 443 401
445 399 449
404 445 450
404 450 426
415 451 403
423 424 452
411 453 392
411 417 453
410 409 454
415 438 451
434 455 388
446 423 452
430 397 442
407 456 399
428 446 457
445 449 458
434 448 459
436 388 455
405 440 460
461 386 429
461 447 386
413 444 462
412 419 463
443 419 401
425 413 462
427 421 464
444 412 463
453 417 465
451 438 466
421 432 467
448 403 451
448 434 433
448 468 459
407 406 437
402 387 431
393 422 469
393 469 440
442 397 439
446 428 381
402 470 432
471 444 463
431 470 402
438 435 466
452 424 472
417 416 465
451 466 473
444 471 474
426 472 424
409 464 475
409 475 454
464 409 427
446 452 476
443 477 419
443 389 478
463 419 479
435 480 466
422 425 481
470 431 482
464 421 467
460 435 405
437 436 455
467 432 470
414 392 453
414 453 483
414 483 429
451 468 448
442 482 431
441 447 484
441 478 389
456 449 399
450 445 485
450 485 486
472 426 450
445 487 485
410 454 488
429 483 489
437 455 490
437 490 491
459 455 434
472 492 452
479 419 477
472 486 493
474 462 444
468 451 473
462 481 425
452 494 476
486 472 450
461 484 447
492 472 493
492 493 495
437 496 407
481 469 422
495 493 497
471 463 498
473 499 468
493 486 497
492 494 452
480 435 460
466 480 500
473 466 500
501 480 502
462 474 503
462 503 504
458 487 445
416 410 488
459 468 499
463 479 498
505 458 449
486 485 506
437 507 496
484 461 508
461 489 508
461 429 489
457 446 476
456 407 496
496 509 456
496 510 509
482 442 511
512 443 478
478 441 484
478 484 513
460 502 480
460 440 514
460 514 515
495 516 517
459 518 455
462 504 519
462 519 481
464 520 475
500 480 501
464 467 521
464 521 520
494 492 495
497 486 522
497 522 516
487 506 485
471 498 523
490 455 518
479 477 524
525 501 526
525 527 501
491 507 437
502 460 515
526 501 502
514 481 519
514 469 481
443 528 477
514 440 469
467 529 521
474 471 523
530 495 517
530 494 495
526 502 515
500 501 531
465 416 488
522 486 506
499 532 459
489 483 533
513 484 508
488 534 465
529 467 470
529 470 535
501 527 531
483 453 534
483 534 536
516 495 497
470 482 535
525 526 537
538 539 514
475 520 454
515 514 539
534 453 465
500 540 473
487 458 541
505 449 456
536 533 483
527 525 542
490 543 544
514 519 538
506 487 545
526 515 546
526 546 547
537 526 548
522 549 550
522 550 516
454 520 488
476 530 551
476 494 530
508 489 552
458 505 553
532 518 459
530 517 554
510 496 507
512 528 443
512 555 528
511 535 482
511 556 535
511 442 439
428 457 557
524 477 528
534 488 558
508 552 559
527 560 531
531 540 500
549 522 506
543 490 518
474 523 561
517 516 562
527 542 563
513 508 559
491 490 544
545 487 541
499 473 540
564 506 545
505 456 509
552 489 533
527 563 560
512 478 513
540 565 499
503 474 566
567 439 428
498 479 524
491 544 568
507 491 568
566 474 561
540 531 569
540 569 570
504 538 519
565 532 499
542 525 537
532 565 571
526 547 548
513 572 573
571 518 532
558 536 534
546 515 539
566 504 503
566 574 504
521 529 575
537 576 542
511 577 556
511 439 567
511 578 577
567 428 557
457 476 551
579 533 536
504 574 538
549 506 564
553 505 509
553 509 580
533 579 581
582 561 523
488 520 583
498 582 523
547 546 584
552 533 581
537 548 576
538 585 539
538 586 585
512 513 573
524 587 498
557 457 588
588 457 551
551 530 554
554 517 589
585 586 590
591 592 593
594 591 593
555 512 573
592 591 549
583 558 488
548 547 595
563 542 596
563 596 597
556 598 535
552 581 599
552 599 559
561 600 601
567 557 578
581 579 602
520 521 575
575 583 520
575 603 583
578 511 567
579 536 604
546 539 585
546 585 584
574 605 538
605 586 538
529 535 606
529 606 575
516 550 607
592 608 609
604 536 558
564 545 610
566 561 601
606 535 598
574 566 611
591 594 550
550 549 591
524 528 555
587 582 498
507 568 510
531 560 569
553 541 458
594 593 612
583 604 558
581 613 599
549 608 592
573 572 614
594 615 550
575 606 616
590 584 585
602 579 617
602 617 618
602 618 613
583 603 604
600 561 582
619 612 593
617 579 604
620 565 570
570 565 540
621 592 609
621 593 592
605 622 586
619 593 621
576 548 623
571 565 620
571 543 518
588 551 624
562 516 607
617 604 625
618 617 625
598 556 626
612 619 627
595 547 628
613 581 602
603 625 604
629 628 547
607 550 615
611 566 601
572 513 559
572 559 599
603 616 630
575 616 603
606 598 631
630 616 632
632 616 633
631 598 626
610 545 634
625 603 630
633 616 606
584 629 547
626 556 577
564 608 549
630 635 618
636 577 578
517 562 637
517 637 589
619 621 638
622 639 586
524 555 640
596 542 576
620 641 571
557 588 642
510 568 643
644 560 563
644 569 560
510 643 645
509 510 645
569 646 570
606 647 633
625 630 618
631 648 606
609 608 649
628 639 650
633 647 632
651 595 628
590 629 584
572 599 652
608 564 653
555 573 654
648 647 606
599 613 652
637 562 655
635 656 618
657 621 609
578 642 658
623 548 595
639 590 586
642 578 557
576 623 596
628 629 639
652 659 572
636 658 660
629 590 639
634 545 541
601 600 661
588 624 662
543 571 641
582 663 600
664 570 646
509 645 665
570 666 620
524 640 587
541 553 667
649 608 653
605 574 668
605 669 622
651 628 650
614 572 659
614 654 573
635 630 632
668 574 611
619 638 670
619 670 627
595 651 671
636 660 672
658 636 578
648 631 673
626 577 636
568 544 674
641 620 675
568 674 643
642 588 662
674 544 543
676 551 554
562 607 655
677 618 656
677 613 618
632 678 679
623 595 671
679 635 632
607 615 680
613 677 652
626 673 631
658 642 660
615 594 681
648 682 647
669 605 668
656 635 679
681 594 612
681 627 683
653 564 610
627 681 612
647 678 632
626 672 673
642 684 660
657 638 621
678 647 682
610 634 685
661 600 686
661 611 601
642 687 684
649 657 609
634 541 688
644 563 597
641 674 543
663 582 587
663 587 689
624 551 676
665 580 509
666 570 664
580 665 690
580 690 691
654 640 555
688 541 667
656 692 677
693 610 685
623 671 694
648 695 696
596 623 694
671 651 697
626 636 672
652 698 659
652 677 698
656 679 699
682 648 696
682 696 700
695 648 673
678 699 679
653 610 693
597 596 694
675 620 666
675 666 701
643 702 645
686 600 663
687 642 662
675 703 641
643 674 704
589 637 705
553 580 691
655 607 680
615 681 680
678 682 700
622 650 639
692 656 699
698 677 692
698 692 706
698 707 659
695 673 672
699 708 709
659 710 614
699 678 700
695 711 696
671 712 694
611 713 668
713 611 661
672 660 714
694 712 715
716 638 657
685 634 688
597 717 644
718 674 641
676 554 719
644 646 569
663 720 686
554 589 719
705 637 655
627 670 721
669 668 722
712 671 723
672 711 695
672 714 724
692 699 709
684 714 660
697 723 671
662 624 725
712 726 715
659 727 710
650 622 728
726 712 723
711 672 724
597 694 729
597 729 730
624 676 725
719 725 676
683 627 731
705 719 589
640 689 587
667 553 691
654 614 710
732 661 686
686 733 732
715 729 694
650 697 651
706 734 707
704 674 718
697 650 735
726 723 736
737 696 711
714 684 738
706 692 709
722 668 713
707 698 706
687 738 684
723 697 739
723 739 736
715 726 740
715 740 741
680 681 742
728 622 669
729 715 741
741 743 729
687 662 744
708 699 745
699 700 745
697 746 739
740 726 736
702 643 704
666 664 747
725 744 662
717 597 730
718 641 703
657 649 748
664 646 747
693 685 749
690 665 750
653 693 751
721 731 627
689 640 752
654 753 640
711 724 737
655 680 742
737 700 696
754 713 732
730 729 755
756 724 714
756 714 757
704 718 758
736 759 740
686 720 733
709 760 734
735 650 728
722 713 754
708 760 709
734 706 709
724 756 761
736 739 762
738 687 744
738 744 763
646 644 764
649 653 751
670 638 716
685 688 749
725 719 765
716 657 766
752 640 753
701 703 675
701 767 703
745 700 737
753 710 768
753 654 710
724 769 737
755 729 743
708 745 770
713 661 732
771 736 762
669 722 772
727 659 707
727 707 773
738 757 714
705 655 742
735 746 697
743 741 740
691 690 774
747 646 775
683 776 681
689 720 663
777 645 702
718 703 767
747 778 666
779 665 645
748 766 657
701 666 778
719 705 780
690 750 774
751 693 781
757 738 763
740 759 782
752 753 783
783 753 768
762 739 746
756 784 761
771 759 736
756 757 784
745 737 785
769 724 761
769 785 737
740 782 743
768 710 727
776 742 681
743 782 786
776 683 787
758 718 767
788 689 752
764 775 646
667 691 789
683 731 787
744 725 765
788 720 689
748 649 751
779 645 777
780 765 719
716 766 790
750 665 779
757 763 791
763 744 792
772 728 669
784 757 791
761 793 769
769 793 785
761 784 794
795 735 728
720 788 796
792 797 763
798 727 773
794 784 799
770 745 785
734 773 707
734 800 773
801 770 785
801 785 802
774 803 804
774 804 789
789 691 774
767 805 758
792 744 765
732 806 754
767 701 807
688 667 808
765 780 809
760 800 734
749 781 693
717 764 644
763 797 791
782 759 810
799 784 791
811 793 761
812 759 771
812 771 813
794 814 811
746 735 815
793 816 785
746 813 762
722 754 817
774 750 818
811 761 794
791 819 799
786 755 743
816 793 811
770 820 708
772 722 817
821 794 799
821 799 819
821 819 822
730 755 823
728 772 824
728 824 795
789 808 667
789 804 808
765 809 825
826 758 805
826 704 758
808 749 688
749 808 781
781 827 751
760 708 820
760 820 800
828 829 779
779 829 750
716 830 670
716 790 830
780 742 831
742 780 705
721 670 830
721 830 832
773 800 833
814 794 821
820 834 835
791 797 836
746 837 813
834 820 770
834 770 801
771 762 813
802 785 816
814 821 838
792 765 825
796 788 839
803 774 818
816 811 840
780 831 809
733 720 796
801 802 834
841 742 776
805 767 807
776 787 841
808 842 781
800 820 843
755 786 844
717 730 845
777 702 846
808 804 842
768 727 798
766 748 847
747 775 778
787 731 848
832 731 721
833 800 843
815 837 746
836 819 791
836 797 849
813 850 812
840 811 814
818 750 829
838 821 822
838 822 851
802 852 834
788 752 853
788 853 839
797 792 854
797 854 855
819 836 856
831 742 841
795 815 735
827 781 842
827 842 857
812 810 759
810 858 782
704 826 702
754 806 859
786 782 858
823 755 844
733 806 732
778 860 701
751 827 861
748 751 861
790 862 830
790 766 847
832 830 862
733 796 863
840 814 864
854 792 825
796 839 865
864 814 838
798 866 768
838 851 867
827 857 861
863 796 868
856 869 822
809 831 870
870 825 809
871 836 849
854 825 872
822 819 856
822 869 851
873 818 829
702 826 846
787 874 841
823 845 730
828 779 777
748 861 875
860 778 876
829 828 877
860 807 701
832 848 731
805 807 878
806 733 863
806 863 879
835 834 852
803 818 873
849 797 855
849 855 880
853 752 783
802 816 881
802 881 882
871 856 836
820 835 843
871 849 883
857 842 884
824 815 795
804 884 842
864 838 867
847 748 875
856 885 869
816 840 881
783 768 866
843 835 886
832 862 887
831 841 888
833 843 889
890 804 803
841 874 888
778 775 891
848 874 787
786 858 892
810 812 893
859 806 894
894 806 879
817 754 859
890 895 884
872 825 870
877 873 829
873 896 803
798 773 833
798 833 897
871 898 856
884 804 890
896 877 899
896 873 877
877 900 899
883 849 880
901 902 898
853 783 903
813 837 904
896 890 803
864 867 905
906 790 847
885 896 899
898 885 856
898 871 883
898 883 901
807 860 907
866 798 897
896 885 898
852 802 882
896 898 902
858 810 893
777 846 908
777 900 828
900 877 828
844 786 892
909 860 876
907 860 909
907 909 910
764 717 911
851 869 912
890 902 895
831 888 913
872 870 913
878 807 907
837 815 914
901 883 915
881 840 864
864 905 881
805 878 826
888 874 916
862 790 906
874 848 917
848 832 887
855 854 872
896 902 890
918 824 772
902 919 895
783 866 903
883 880 915
843 886 889
906 920 862
899 900 921
865 868 796
824 914 815
881 905 922
913 870 831
895 919 923
905 867 924
906 847 875
906 875 925
889 886 926
857 927 861
857 923 927
914 928 837
884 895 923
884 923 857
901 919 902
885 899 929
899 930 929
913 888 931
887 862 920
931 888 916
886 835 852
886 852 882
917 848 887
917 887 932
839 853 933
934 855 872
897 833 889
916 874 917
878 907 935
772 817 936
850 813 904
846 826 937
846 937 938
812 850 939
845 823 940
845 941 717
911 717 941
911 775 764
942 879 863
863 868 942
886 943 944
875 861 927
875 927 945
933 853 903
915 919 901
946 905 924
865 839 947
917 932 948
927 923 949
932 887 920
881 922 882
897 889 926
934 872 913
920 906 925
934 880 855
934 915 880
912 869 950
869 885 929
936 817 951
897 903 866
946 922 905
930 952 929
948 916 917
948 931 916
936 918 772
927 949 953
947 839 933
908 954 777
817 859 955
891 876 778
900 777 954
921 900 956
891 911 957
932 920 925
958 903 897
934 913 949
934 919 915
882 943 886
899 921 930
923 919 949
959 851 912
959 867 851
919 934 949
865 947 960
929 950 869
933 903 958
958 961 933
958 962 961
947 933 961
924 867 959
925 875 945
953 913 931
953 949 913
963 897 926
963 958 897
926 886 944
953 945 927
943 882 922
948 932 925
850 904 939
918 936 964
937 826 878
940 823 844
940 941 845
812 939 893
935 907 910
908 846 965
940 844 966
911 891 775
956 900 954
894 955 859
894 967 955
894 879 967
879 942 968
868 865 969
868 969 970
970 942 868
943 971 944
931 945 953
912 972 959
918 973 824
946 924 974
945 948 925
914 824 973
914 973 975
904 837 928
904 928 976
977 926 944
963 926 977
945 931 948
974 924 978
969 865 960
939 904 979
909 876 980
893 981 858
937 878 982
892 858 981
983 908 965
965 846 938
892 966 844
876 891 984
876 984 980
967 879 968
921 956 985
921 985 930
941 940 986
941 957 911
957 987 891
922 971 943
929 952 950
971 977 944
988 962 963
960 947 961
989 961 962
946 990 922
977 988 963
988 977 971
984 891 987
971 991 988
960 961 989
960 989 992
963 962 958
971 922 993
975 928 914
990 946 974
939 994 893
981 893 994
981 994 995
937 982 938
955 951 817
955 967 996
973 918 964
986 957 941
985 952 930
959 978 924
959 997 978
969 960 992
988 998 962
940 966 986
962 998 989
998 988 991
991 971 999
987 1000 1001
1002 974 978
972 912 950
993 922 990
998 1003 1004
935 982 878
966 892 981
966 981 1005
1006 909 980
1006 910 909
968 942 1007
1007 942 970
979 904 976
938 1008 965
965 1008 1009
983 965 1010
928 975 976
987 957 1011
991 999 1012
1003 998 991
994 939 979
994 979 1013
1012 1003 991
1004 989 998
1012 1014 1003
995 1005 981
1015 1007 970
1016 1017 1018
969 992 1015
1019 1016 1020
999 971 993
990 974 1021
974 1002 1022
1006 980 1023
1019 1017 1016
1014 1004 1003
1024 957 986
1019 1025 1017
980 984 1026
1027 1028 1012
999 1027 1012
984 1029 1026
966 1005 986
1030 910 1006
999 993 1027
1016 1014 1028
1028 1020 1016
908 1031 954
951 955 996
951 996 1032
1010 965 1009
970 969 1015
979 976 1033
983 1031 908
1014 1016 1018
1000 987 1011
956 1034 985
1019 1035 1025
993 990 1036
959 972 997
992 1037 1015
1001 1029 987
989 1004 992
952 1038 950
1029 984 987
1023 980 1026
1023 1026 1039
1011 957 1024
1028 1027 1040
1028 1014 1012
1036 1041 993
1020 1042 1043
1004 1037 992
1018 1044 1014
1040 1027 1041
1021 1036 990
1020 1028 1040
972 1045 997
1042 1040 1046
1042 1020 1040
1002 978 997
1027 993 1041
1024 986 1047
936 951 1032
996 967 1048
1032 1049 936
938 982 1050
973 964 1051
1018 1017 1052
1044 1004 1014
1037 1044 1053
1044 1037 1004
1005 995 1054
1021 974 1022
1055 1029 1001
1055 1001 1056
1021 1041 1036
1057 1042 1046
972 950 1038
956 954 1031
956 1031 1034
1058 983 1010
1040 1041 1046
1023 1059 1060
1053 1044 1018
1019 1020 1043
1021 1046 1041
1023 1039 1059
1030 1006 1060
1052 1017 1025
1052 1025 1061
1052 1053 1018
1002 997 1062
1002 1062 1063
985 1038 952
967 968 1064
964 936 1049
1064 1048 967
968 1007 1065
964 1066 1051
1007 1015 1065
975 973 1067
1013 979 1033
1013 1033 1068
1069 1046 1021
1069 1022 1070
1037 1053 1071
1022 1069 1021
1060 1006 1023
1042 1072 1043
1054 1073 1005
1054 1074 1073
1072 1042 1057
1055 1056 1075
1076 1029 1055
1025 1035 1075
1026 1029 1076
1060 1059 1077
1046 1069 1057
1039 1072 1059
1034 1038 985
1073 986 1005
1069 1070 1078
1035 1019 1043
995 994 1013
995 1013 1079
1070 1022 1080
1037 1081 1015
986 1073 1047
1064 968 1065
1082 935 910
982 935 1082
1053 1061 1083
1072 1039 1076
1031 1084 1034
1061 1053 1052
1057 1069 1078
1026 1076 1039
1056 1001 1000
1075 1035 1055
1062 997 1045
1059 1057 1085
1059 1072 1057
1076 1043 1072
1065 1015 1081
1065 1081 1086
1055 1035 1043
1063 1022 1002
1034 1084 1038
1043 1076 1055
1071 1081 1037
983 1058 1087
1088 1000 1011
1079 1013 1089
1079 1054 995
1079 1089 1054
1056 1000 1088
1056 1088 1090
1074 1054 1089
1082 910 1030
1011 1024 1091
1008 938 1050
1067 973 1051
1058 1010 1009
1073 1092 1047
1047 1092 1093
1032 996 1094
1048 1094 996
1064 1065 1086
1045 972 1038
1045 1038 1084
1085 1077 1059
1085 1057 1078
1048 1064 1095
1058 1009 1096
1058 1096 1087
1053 1083 1071
1080 1063 1097
1063 1080 1022
1087 1096 1098
1075 1061 1025
1092 1073 1099
1061 1075 1100
1089 1013 1068
1094 1048 1095
1087 1031 983
1075 1056 1100
1101 1081 1071
1101 1071 1102
1083 1103 1071
982 1082 1104
1088 1011 1091
1033 976 1105
1033 1105 1106
1033 1106 1068
1050 982 1104
1063 1062 1107
1108 1078 1070
1107 1062 1045
1074 1099 1073
1086 1081 1101
1078 1108 1109
1070 1080 1110
1086 1111 1064
1087 1084 1031
1112 1056 1090
1112 1100 1056
1032 1094 1113
1080 1097 1110
1107 1045 1084
1114 1063 1107
1083 1115 1103
1089 1068 1116
1114 1107 1084
1084 1087 1114
1099 1117 1092
1093 1024 1047
1095 1064 1111
1114 1098 1118
1098 1114 1087
1097 1063 1114
1111 1119 1095
1111 1086 1120
1061 1100 1121
1074 1116 1122
1030 1060 1123
1124 1088 1091
1009 1008 1125
1049 1066 964
976 975 1126
1090 1088 1124
1090 1124 1127
1049 1032 1113
1104 1128 1050
1068 1106 1116
1050 1125 1008
1099 1074 1122
1099 1122 1129
1099 1129 1130
1115 1083 1061
1100 1131 1121
1102 1132 1120
1114 1118 1097
1094 1133 1134
1131 1100 1112
1135 1093 1092
1135 1092 1117
1123 1060 1077
1096 1009 1136
1009 1125 1136
1125 1050 1128
1082 1030 1123
1082 1123 1137
1113 1094 1134
1109 1085 1078
1105 976 1126
1066 1138 1051
1137 1104 1082
1108 1070 1139
1091 1024 1093
1091 1093 1140
1140 1093 1141
1128 1104 1142
1121 1115 1061
1116 1074 1089
1133 1094 1095
1086 1101 1120
1103 1102 1071
1101 1102 1120
1141 1093 1135
1117 1143 1144
1096 1136 1145
1146 1110 1097
1112 1147 1131
1142 1104 1137
1077 1085 1109
1077 1148 1123
1098 1096 1145
1051 1149 1067
1131 1147 1150
1103 1151 1102
1133 1095 1119
1130 1129 1152
1117 1099 1130
1135 1117 1144
1153 1097 1118
1119 1154 1155
1115 1156 1103
1157 1115 1121
1157 1156 1115
1158 1102 1151
1121 1131 1159
1110 1139 1070
1066 1160 1161
1109 1108 1139
1097 1153 1146
1134 1133 1155
1109 1148 1077
1051 1138 1149
1118 1098 1145
1162 1163 1157
1157 1121 1162
1156 1151 1103
1155 1133 1119
1132 1102 1158
1111 1154 1119
1111 1164 1154
1130 1143 1117
1143 1157 1163
1120 1132 1164
1152 1165 1130
1137 1123 1166
1137 1166 1142
1143 1130 1165
1163 1144 1143
1144 1167 1135
1142 1168 1128
1113 1134 1169
1112 1090 1127
1168 1125 1128
1160 1066 1049
1160 1049 1113
1134 1155 1169
1126 975 1067
1140 1124 1091
1118 1145 1170
1153 1118 1170
1110 1171 1139
1170 1145 1172
1120 1164 1111
1129 1122 1173
1156 1157 1174
1136 1125 1175
1135 1176 1141
1162 1121 1159
1158 1151 1177
1157 1143 1165
1162 1159 1150
1122 1116 1178
1110 1146 1171
1139 1179 1109
1116 1106 1180
1138 1066 1161
1127 1147 1112
1140 1141 1181
1140 1181 1124
1153 1182 1146
1169 1155 1154
1132 1158 1183
1179 1148 1109
1153 1170 1182
1166 1123 1184
1165 1174 1157
1167 1144 1163
1167 1163 1185
1174 1151 1156
1175 1125 1168
1152 1129 1173
1152 1186 1165
1184 1123 1148
1159 1131 1150
1146 1187 1171
1162 1150 1185
1165 1186 1188
1163 1162 1185
1184 1148 1179
1184 1179 1189
1179 1139 1171
1180 1106 1105
1147 1127 1190
1172 1145 1136
1172 1136 1175
1067 1191 1126
1127 1124 1192
1126 1193 1105
1181 1141 1176
1124 1181 1192
1194 1113 1169
1147 1190 1150
1181 1195 1192
1183 1164 1132
1165 1188 1174
1142 1166 1196
1161 1160 1197
1173 1122 1178
1173 1178 1198
1164 1199 1200
1169 1154 1200
1170 1172 1182
1194 1169 1200
1190 1127 1192
1186 1152 1173
1176 1135 1167
1149 1191 1067
1200 1154 1164
1168 1142 1196
1181 1176 1195
1160 1113 1194
1160 1194 1197
1174 1177 1151
1179 1201 1189
1187 1146 1182
1179 1171 1201
1173 1198 1186
1183 1177 1202
1138 1203 1149
1105 1193 1204
1191 1149 1205
1191 1193 1126
1171 1187 1201
1166 1184 1189
1166 1189 1196
1183 1199 1164
1206 1168 1196
1175 1168 1206
1177 1183 1158
1198 1178 1207
1194 1208 1197
1190 1185 1150
1199 1183 1209
1200 1208 1194
1161 1203 1138
1203 1161 1210
1180 1105 1204
1178 1116 1180
1189 1201 1196
1187 1182 1211
1208 1200 1212
1212 1200 1199
1198 1213 1186
1211 1182 1172
1192 1185 1190
1195 1176 1167
1206 1172 1175
1167 1185 1195
1212 1199 1209
1211 1201 1187
1210 1161 1197
1210 1197 1214
1183 1202 1209
1172 1206 1211
1174 1188 1215
1203 1205 1149
1177 1174 1215
1201 1211 1206
1206 1196 1201
1195 1185 1192
1208 1212 1216
1205 1217 1191
1216 1197 1208
1188 1186 1213
1216 1212 1209
1216 1214 1197
1202 1215 1218
1215 1202 1177
1178 1180 1207
1193 1191 1217
1193 1217 1219
1205 1203 1220
1204 1193 1219
1220 1203 1210
1216 1209 1221
1222 1215 1188
1222 1223 1215
1209 1202 1221
1215 1223 1218
1180 1204 1207
1216 1224 1214
1198 1207 1213
1222 1188 1213
1222 1213 1225
1222 1225 1223
1207 1204 1226
1217 1227 1219
1205 1227 1217
1218 1221 1202
1224 1216 1221
1213 1207 1228
1213 1229 1225
1213 1228 1229
1214 1224 1230
1224 1221 1231
1220 1210 1214
1220 1214 1230
1223 1225 1232
1233 1219 1227
1204 1219 1234
1231 1221 1218
1232 1218 1223
1218 1232 1231
1207 1226 1228
1219 1233 1234
1232 1225 1235
1227 1205 1236
1234 1233 1237
1226 1204 1234
1232 1235 1238
1235 1225 1229
1231 1239 1224
1220 1230 1240
1239 1230 1224
1239 1231 1232
1236 1205 1220
1226 1234 1237
1240 1230 1239
1238 1235 1241
1233 1227 1242
1228 1243 1244
1241 1235 1229
1239 1232 1238
1233 1242 1245
1226 1243 1228
1236 1220 1240
1242 1236 1246
1242 1227 1236
1240 1239 1238
1229 1228 1244
1237 1233 1245
1246 1236 1240
1241 1229 1244
1241 1247 1238
1243 1226 1237
1243 1237 1248
1240 1238 1249
1240 1249 1246
1249 1238 1247
1248 1237 1245
1244 1243 1248
1245 1242 1246
1247 1241 1244
1244 1248 1250
1247 1244 1250
1249 1251 1246
1245 1246 1251
1251 1249 1247
1245 1251 1250
1250 1248 1245
1250 1251 1247
