-1.185336914148056031e-01 1.525619978854315106e-01 1.926153253431762968e-01
-1.159227257195549060e-01 1.426010238386438977e-01 2.204850647878514869e-01
-1.112085468871092941e-01 1.454055130681463914e-01 2.114542895067970107e-01
-1.179761613578430984e-01 1.493027155709132081e-01 2.233876160802167887e-01
-1.229554727231557953e-01 1.512557811715352918e-01 1.978574561421523881e-01
-1.229173643229816981e-01 1.468912906697834031e-01 2.253295756778541103e-01
-1.177139035645903969e-01 1.590551458410124908e-01 2.127826734122351127e-01
-1.156900830644023020e-01 1.633009550809365051e-01 1.705789879406721943e-01
-1.240121986575885987e-01 1.585655531126163864e-01 2.167377299104202015e-01
-1.176168105945958053e-01 1.698498659965003987e-01 1.769135882610725907e-01
-1.067378589156041946e-01 1.735064047594825076e-01 4.899926270245909959e-02
-1.030545897991483051e-01 1.689285808071065986e-01 9.740631065158560087e-02
-1.141656586207382001e-01 1.849618250092016913e-01 -6.566446761126999623e-04
-1.139823758157127997e-01 1.734758888677472022e-01 1.245150526195572954e-01
-1.132316606714116047e-01 1.757609924053777917e-01 8.847176659768500595e-02
-1.168976976236528048e-01 1.900806515842141109e-01 5.627585058526499671e-03
-1.320764943054920926e-01 1.592020667445676885e-01 2.061068413012563105e-01
-1.301204347141151074e-01 1.650419406935572098e-01 1.514296892394710881e-01
-1.379151656616866006e-01 1.632264509541485054e-01 1.791148949116987132e-01
-1.438061702962122879e-01 1.724213878667749944e-01 1.364986811674953060e-01
-1.189215429894439069e-01 1.748392420822514892e-01 1.153479626681245956e-01
-1.175307480227728990e-01 1.835644023139071102e-01 1.063483386855068047e-01
-1.411755345451748134e-01 1.687892542392361028e-01 1.680577169556443096e-01
-1.283852336019818963e-01 1.861611483052739990e-01 1.471664482324968048e-01
-1.354328060881523910e-01 1.687320235933409129e-01 1.373747093745477932e-01
-1.167314369703902066e-01 1.938618388734275888e-01 -1.600932250254770081e-02
-1.366428529184434970e-01 1.859307040050487969e-01 1.584031414337445098e-01
-1.368281280921531951e-01 1.785041340926145081e-01 1.668950697456494936e-01
-1.291082291695815065e-01 1.852361817231250873e-01 8.971717760760350435e-02
-1.182221800538875989e-01 2.092820388253517905e-01 -4.827569262391050164e-02
-1.201787121183172935e-01 2.108658644485696954e-01 -1.183102688932530060e-02
-1.436227329448430956e-01 1.782688774480583049e-01 1.394678530404220018e-01
-1.233202174398790041e-01 1.870641911907053867e-01 7.546158188976899439e-02
-1.539355087548184009e-01 1.866572575146658863e-01 9.798695184662870039e-02
-1.531523667667507027e-01 1.973686724329120068e-01 6.785521875688259319e-02
-1.404708673623903947e-01 1.857603597818505980e-01 9.014476817727509750e-02
-1.258687606475560883e-01 1.958256434768904930e-01 9.908067798237850388e-02
-1.481718398061352970e-01 1.880602961667161011e-01 9.831481498827790433e-02
-1.537168250541628978e-01 1.925104247462544882e-01 8.595024107962240256e-02
-1.209420755932999053e-01 2.007931191766534063e-01 3.204920886799549756e-02
-1.284479545511824916e-01 1.956775713001270012e-01 7.491811204024399762e-02
-1.493615657899010074e-01 1.986713722886611910e-01 6.341336150228470137e-02
-1.294034708692617108e-01 2.020061435513297865e-01 8.471657004435680094e-02
-1.479513499368891871e-01 2.138176837775347117e-01 3.518883038499599769e-02
-1.353622528513760137e-01 2.019221930151484101e-01 7.804995348268299604e-02
-1.410111189608435900e-01 2.119112030935390023e-01 8.463759156739310285e-02
-1.521905856016355918e-01 2.088383448360904004e-01 2.448500782858779867e-02
-1.381216409930771938e-01 2.136207791960859914e-01 8.109691139249260161e-02
-1.574852300719093989e-01 2.204111167149989114e-01 3.686017510847249684e-02
-1.492339493598517919e-01 2.670688494676464741e-01 1.091299619948458005e-01
-1.558955318247541022e-01 2.901865555973586197e-01 1.013652784729544010e-01
-1.386572807485889902e-01 2.490751172285516901e-01 6.261670022187360019e-02
-1.403653486396815864e-01 2.430718012907391035e-01 8.733703705374999682e-02
-1.430539723992473866e-01 2.196527031305811895e-01 5.708037909863600268e-02
-1.623732332785595978e-01 2.171690562369955890e-01 1.110652363451194030e-01
-1.512377176403418011e-01 2.925990784774938902e-01 9.578064303943989444e-02
-1.508140814233946969e-01 2.085486198337899999e-01 7.749209160991199496e-02
-1.463589504861103896e-01 2.950685690251368953e-01 7.486142459300279550e-02
-1.438170435934882085e-01 2.970756576429334217e-01 8.413114852732660187e-02
-1.475213289995344901e-01 2.218330535119434899e-01 5.952617510437360066e-02
-1.504615254082022069e-01 2.298014071284447957e-01 -5.986706365170800341e-03
-1.487651890140551103e-01 2.346484539236061984e-01 1.134803768994879954e-02
-1.481867047690633987e-01 2.860858865159254805e-01 9.627795711128320222e-02
-1.557325490402519108e-01 2.973573611706719078e-01 1.223685442195544953e-01
-1.537321095873344923e-01 2.275037873638207919e-01 -9.095283213852599705e-03
-1.674477244652496921e-01 3.325026780994395081e-01 1.036128695458414933e-01
-1.543862060507024125e-01 3.503378405634797743e-01 8.116915288692179431e-02
-1.663689893812350107e-01 3.253273637703112953e-01 1.223925434934258066e-01
-1.704913109362475865e-01 3.584006122494720059e-01 8.979816610958120393e-02
-1.600622045368851054e-01 2.240172655485873909e-01 1.178780169857702037e-01
-1.491370589960769877e-01 3.345162851841613771e-01 7.350971753248809748e-02
-1.516937472441720891e-01 2.504089488644982153e-01 5.967633219938000503e-04
-1.487014324587399017e-01 3.210006914740723971e-01 8.975379596361669765e-02
-1.573580264354710045e-01 2.428340949870761989e-01 1.774250460215389888e-02
-1.536262005061637126e-01 2.491655225200125889e-01 3.918081386935000007e-03
-1.507368186257593001e-01 2.416707322941692992e-01 4.878757851580670102e-02
-1.551096970898022120e-01 3.673259276023532749e-01 7.851209292756769487e-02
-1.621518770401645937e-01 2.392639670304337052e-01 8.903769596611960102e-02
-1.508402730853450890e-01 2.497518895889586921e-01 2.124910975206970032e-02
-1.606778846786625081e-01 2.326727287927354004e-01 1.292098653122124019e-01
-1.495630714059429933e-01 3.465706581176242196e-01 8.202774800934520272e-02
-1.587590069015263061e-01 3.959840104280321071e-01 7.698116024002379931e-02
-1.652822592645968036e-01 2.296309940937995009e-01 1.697726273075801096e-01
-1.773775458552594997e-01 3.702212096868748858e-01 8.603541013381030278e-02
-1.564727972352936980e-01 2.574716040168122944e-01 4.468882294077750061e-02
-1.562598150353834980e-01 3.674828485443715209e-01 7.428799271501410062e-02
-1.753444383544432994e-01 2.698237267077291945e-01 2.328997973074891092e-01
-1.539941637400800978e-01 2.749984072619059972e-01 6.733753770271980188e-02
-1.667012583344752996e-01 2.415661257636453896e-01 1.879597766270960923e-01
-1.531239047921512941e-01 2.629659309157386105e-01 3.705722891156419674e-02
-1.696928762534052892e-01 2.866650509541325831e-01 1.803747481142465026e-01
-1.702127254620736940e-01 2.509774275658926967e-01 2.240212281047817000e-01
-1.512657962545310986e-01 2.671539485411393855e-01 2.989331176151209871e-02
-1.583287334352050102e-01 2.699866176302556098e-01 7.347422550671460495e-02
-1.612557515088147986e-01 2.993721166714156112e-01 5.989274404591780204e-02
-1.463117292532807034e-01 3.554342470799802811e-01 7.692500654089680368e-02
-1.688147157562251977e-01 2.734008132318361817e-01 1.383506071460942066e-01
-1.791629022805842908e-01 4.040828220496858747e-01 6.928841891799919495e-02
-1.810532897595019952e-01 2.864798728204274170e-01 2.350801515479261083e-01
-1.562551289974417890e-01 2.835207542026604854e-01 9.973047776392710007e-02
-1.556554779198524030e-01 2.993009561107768945e-01 1.004926276047938966e-01
-1.679789403611414988e-01 4.049108076856330896e-01 6.853470260706720496e-02
-1.796013956469887929e-01 2.812973004018867740e-01 1.977733161478454071e-01
-1.496853688277486050e-01 3.956070800191734960e-01 9.859712445861390506e-02
-1.534606726827529022e-01 3.168326988062055150e-01 1.214536653471753047e-01
-1.729238937478410065e-01 3.336361000785608155e-01 1.034615888695852998e-01
-1.867049388405294941e-01 2.975239509496673818e-01 1.604089509999155894e-01
-1.665573781341027071e-01 4.369170685896932027e-01 7.823865742989960514e-02
-1.617618594788634012e-01 4.278719775351368937e-01 9.668121776029180159e-02
-1.861491716204266011e-01 2.982814340797315111e-01 1.917046060229664894e-01
-1.744130277468443069e-01 4.186140903930901103e-01 8.212217033661059484e-02
-1.770409678006341081e-01 3.251670130758039789e-01 1.614265541983143926e-01
-1.670652733049529104e-01 2.978263882433953014e-01 5.921837017694280003e-02
-1.572293229316200913e-01 3.417370418914718044e-01 1.353297626736348902e-01
-1.750539189771558035e-01 4.555645846929792242e-01 8.688639959130020629e-02
-1.537331782200616892e-01 4.015694448509012915e-01 1.226193111296395993e-01
-1.800527253981946962e-01 4.354943286981090012e-01 7.842024773105289726e-02
-1.802382720955754969e-01 3.113871406776009820e-01 6.935236675360549607e-02
-1.912829379327173895e-01 3.178606825528849100e-01 1.070392436690993931e-01
-1.941025858346190069e-01 3.292657522262504854e-01 1.391942737559546117e-01
-1.567412118310524960e-01 3.558739912122170779e-01 1.395582119818569999e-01
-1.631263614331839029e-01 4.264300072250239992e-01 1.287076481346076107e-01
-1.777594401058716911e-01 3.208525601041660735e-01 5.956708866793290064e-02
-1.898786017204550092e-01 3.862296057398690863e-01 1.485864591943623914e-01
-1.963898899774799978e-01 3.826451705958682226e-01 1.506134141044767893e-01
-1.862557736407469966e-01 3.271066563722956899e-01 5.261876287513440192e-02
-1.586408572705869935e-01 3.867134617972247113e-01 1.538431916466435900e-01
-1.930531158785679935e-01 3.308437343057057944e-01 5.890348120734500287e-02
-1.708976298073388023e-01 4.554486932749242101e-01 9.885254737905309341e-02
-1.941497266097015895e-01 3.488331841422613877e-01 1.370446920318570960e-01
-1.922314943178591029e-01 4.529098213672426154e-01 1.155570166716941016e-01
-1.787134143500228034e-01 4.120204487109546121e-01 1.596998027721311941e-01
-1.933946498769855971e-01 3.648580859308712121e-01 1.111839923397539009e-01
-2.294660068154960875e-01 4.763589496782429933e-01 1.668984907306025889e-01
-1.886948460623258939e-01 4.836108470291584083e-01 1.343481684915487917e-01
-2.146464342652336099e-01 4.677848874947815871e-01 1.956935997139623018e-01
-2.072482166471089904e-01 3.691643045688852154e-01 1.172632043874557023e-01
-1.941964866513891941e-01 3.541636934809915260e-01 9.116902282081440489e-02
-1.917985153820004895e-01 4.757428262518210160e-01 1.462935984538802081e-01
-2.014610683358490917e-01 3.565812896777895147e-01 8.988846215774509707e-02
-1.936298448488943946e-01 4.670686912233215082e-01 1.164410642955502062e-01
-2.204865527094437005e-01 4.016922747715447883e-01 1.380497932309907028e-01
-2.133662767057238063e-01 3.836093483294966133e-01 1.164445264585936002e-01
-2.188981852275161955e-01 4.203632468276730094e-01 1.711786225816495921e-01
-2.473450501938732060e-01 4.753419746920624078e-01 1.942550341012463100e-01
-2.403458887326994087e-01 4.839978827911028958e-01 1.813236957659540016e-01
-2.235864937823084098e-01 4.042738440668482980e-01 1.473989290060870871e-01
-2.155639244783404962e-01 4.967450792154454731e-01 1.893284445575673103e-01
-2.386797809869153908e-01 4.355555203499754113e-01 1.870320503410951019e-01
-2.556822030985124172e-01 4.716002343283882126e-01 2.008500209370182865e-01
-2.196036559942413091e-01 5.011146602410310180e-01 1.878383004656355992e-01
-2.350556236156844114e-01 4.211600802884216121e-01 1.673374902623193938e-01
-2.421532401528327938e-01 4.832627325788330097e-01 2.527756851664690885e-01
-2.475628200926394129e-01 4.753593019334373948e-01 2.676051520591968824e-01
-2.484541847548732973e-01 4.540427644051340805e-01 2.384919043937968886e-01
-2.545841100630816811e-01 4.484136808275849262e-01 1.973318015252799873e-01
-2.284927104756100114e-01 5.034132757222788968e-01 2.064004191993830950e-01
-2.514261883834407740e-01 4.519892671875033741e-01 2.223577063198688974e-01
-2.415294702951165107e-01 5.230256555079009217e-01 1.799941165677124977e-01
-2.775933803963486213e-01 4.826772086112711135e-01 1.577830230585277049e-01
-2.541886282882828141e-01 5.052040512948750006e-01 1.835121858824138030e-01
-2.735776673050853147e-01 4.530645162415520844e-01 1.409987343274393956e-01
-2.886461848839906863e-01 4.608882758756163156e-01 9.670592613014859784e-02
-2.398910345649643006e-01 4.987084283893246095e-01 2.100146727640889999e-01
-2.474990268656220016e-01 4.817957287453786819e-01 2.244347605349260866e-01
-2.588444185060598812e-01 4.992421019395755777e-01 6.581084177977909733e-02
-2.638643761578406965e-01 5.488896043536559688e-01 9.326238075504270086e-02
-2.568948027578858984e-01 4.646190016333822115e-01 2.151513980922458991e-01
-2.656766497672489180e-01 5.391734971121326936e-01 1.262543066355092947e-01
-2.485565705088337018e-01 4.805887589813905847e-01 1.799618597978991097e-01
-2.730950245162944157e-01 4.461081775100090852e-01 1.193514229142279975e-01
-2.845608839285755920e-01 4.449193487962296856e-01 8.304248339485549579e-02
-2.887043921927129886e-01 5.297260762013102919e-01 7.441834622321150117e-02
-2.638794748196512940e-01 4.500891711762484149e-01 1.476401147639805067e-01
-2.558651439826871155e-01 4.460214729189875271e-01 1.249884582890246065e-01
-3.040720306537262885e-01 4.534990388639403847e-01 5.426019672867710142e-02
-2.543154646975480104e-01 4.423986044692060915e-01 1.090936868658687053e-01
-2.771474976308744842e-01 5.776700394052323162e-01 5.632058213469540164e-02
-2.812509928507864743e-01 4.346626093419220793e-01 7.144480711606600309e-02
-3.066936233088969899e-01 4.718849038338017166e-01 4.426508730819019716e-02
-2.840128945061159982e-01 5.771866941468335455e-01 6.011896703721929941e-02
-2.676148883902004783e-01 4.349209255855335243e-01 9.718808453690989946e-02
-2.873949096403460857e-01 4.249011568213401091e-01 8.597919924820729420e-02
-2.756681442709218999e-01 5.763887902327802237e-01 1.495203982801739974e-02
-2.664721101798618874e-01 5.272212545059193900e-01 1.564417474026659829e-02
-2.983989475685611126e-01 4.789759380468172068e-01 8.411161576702140541e-02
-2.553892400424278009e-01 4.198902813799456069e-01 9.989861370544160513e-02
-2.943382547947273054e-01 4.475860861611450914e-01 1.200440086036920068e-01
-2.587869815742517843e-01 4.695829337569036865e-01 3.798599160138840108e-02
-2.680995708455675142e-01 4.100723481469881193e-01 9.217210062964649453e-02
-2.625201040556959242e-01 4.930954885110895858e-01 7.485707055415899598e-03
-3.065133180855780792e-01 5.727372453730801283e-01 1.644005616763664079e-01
-2.991849686841536737e-01 6.055187894877587240e-01 6.026211185674409943e-02
-2.901464497472633908e-01 5.607223910252816523e-01 7.786881689702339349e-02
-2.881289992191433114e-01 6.035589345101275427e-01 2.573439485313850153e-02
-2.518422252357943036e-01 4.313916660516987078e-01 6.995879190993289920e-02
-2.893000488222838840e-01 4.819835745689005080e-01 1.555824664938043056e-01
-2.507640265266513069e-01 4.136622822326394000e-01 9.805459539089859955e-02
-2.742291984485891732e-01 4.007183599067828950e-01 1.453101650113453047e-01
-2.788130216418167051e-01 5.925152893928498088e-01 2.623967961199720131e-02
-2.683133836363573166e-01 5.554219401343374329e-01 1.448019318839039934e-02
-2.614471654351361862e-01 5.161046414759411505e-01 2.756623743528049952e-02
-2.926601191733553264e-01 5.971372606464164789e-01 8.283346669289670672e-02
-2.535819116839003740e-01 4.483445386726891968e-01 4.736045526443879994e-02
-2.742073240701046188e-01 5.920628101721199243e-01 3.384232409445780271e-02
-2.497440684576535119e-01 4.201817720367646003e-01 9.316837668779240356e-02
-2.571566133807702825e-01 4.031352471756405875e-01 1.179602914095809058e-01
-2.508551942779213006e-01 4.514799834790501065e-01 5.512381351722690087e-02
-2.920335248387377902e-01 4.641010808894296957e-01 2.340894157615096005e-01
-2.898795037036308031e-01 6.002222894506790141e-01 6.836069617669690568e-02
-3.062120620210321831e-01 5.252711787615549355e-01 2.616750553259166168e-01
-2.777269877232750872e-01 5.336705409338549089e-01 4.383479973775900040e-02
-2.703807083846037074e-01 4.217763406149809824e-01 1.515397559158699892e-01
-2.412537905384669890e-01 4.095498890736983810e-01 1.185257013222694999e-01
-2.966385770187969229e-01 5.573155692556071017e-01 1.955102895255294015e-01
-3.031844652217898783e-01 5.742506556956303854e-01 1.512101796858900116e-01
-2.467077371271101938e-01 4.288016647001863801e-01 6.038555010813689838e-02
-2.456786755569914937e-01 4.088670438507441829e-01 1.322085962608809950e-01
-2.575516542194832836e-01 4.443271818519125005e-01 4.967969761268160173e-02
-2.674543799566304059e-01 4.202896110888384995e-01 1.845352822364033918e-01
-2.338797438685542018e-01 3.648809604208071988e-01 1.758124073079158911e-01
-2.892079339367334967e-01 4.835385826002731036e-01 3.178153266780724961e-01
-2.446679890355998033e-01 3.609374259895261061e-01 2.243515452888829032e-01
-3.033528644234645966e-01 3.915629394635278260e-01 3.716163387306181121e-01
-2.670864504004323847e-01 3.938672086945889106e-01 2.438003840393959953e-01
-2.891698130676818024e-01 4.771907097401175135e-01 5.640359917254750277e-02
-3.123995682327542767e-01 5.313800654960836312e-01 7.461875656069590079e-02
-2.791370821722249929e-01 3.634267046347030017e-01 7.158105783997109617e-02
-3.085997069567429918e-01 5.298528747013815376e-01 1.059810983037010046e-01
-3.037691523747643174e-01 5.112235913098128748e-01 2.045983955936775955e-01
-3.083153544789603018e-01 4.012780024506970022e-01 3.951878289724746196e-01
-2.546920568306684785e-01 2.888194446507235114e-01 1.098725502885215949e-01
-3.444285017912314117e-01 4.222742817377351798e-01 1.729941395663202874e-01
-2.351211612821479946e-01 3.115366040475944232e-01 1.421710820526982111e-01
-3.184465995627813739e-01 1.953419277097729889e-01 1.671666400201202995e-01
-2.394048432897566137e-01 2.614222527180327105e-01 2.636146501939222730e-01
-2.372207621468475913e-01 2.494457611753428949e-01 2.256881828258983091e-01
-3.019784578983255030e-01 3.673724575071783960e-01 3.658169170731753184e-01
-3.220923822592656194e-01 2.154186184258861103e-01 2.275747169002285963e-01
-3.194860848094921990e-01 2.761260629444475256e-01 2.522503395061760911e-01
-2.774679029804509867e-01 1.277124119620011988e-01 2.318894181646199981e-01
-3.989817120237351133e-01 4.426912847136711959e-01 2.299110945329800870e-01
-2.775713103474756749e-01 2.852332239487829213e-01 3.654884382443626123e-01
-3.696657158672884136e-01 6.146415540836600022e-03 3.367640768228525872e-01
-3.469585229291478057e-01 1.693407280512158053e-01 4.612959922085693165e-01
-2.829215964305439868e-01 1.665249591827855091e-01 3.877446471685316864e-01
-3.265489003643117782e-01 2.855477019847180165e-02 5.035171675652421186e-01
-3.609852759407434775e-01 4.221235439321073812e-01 2.446782915744022957e-01
-3.872080510888302740e-01 4.875311840363831806e-01 1.889173402348376107e-01
-2.769944959645425087e-01 4.545632863370236976e-01 1.323406996927047885e-01
-2.620752862725356791e-01 2.472929705149589097e-01 3.497450325742973987e-01
-4.551018235378538890e-01 1.320584939868414132e-01 5.916179533892957920e-01
-2.979126421006252912e-01 -2.419415865212606043e-01 9.058040631670536413e-01
-3.750653172052018092e-01 -1.337637202009246962e-01 7.143930882769709001e-01
-4.930873126750459079e-01 1.102673295298632061e-01 6.622684772476219450e-01
-3.854933284058930099e-01 -1.724326295704869949e-01 5.484397312929658597e-01
-2.905346240496590737e-01 2.603318110448177847e-01 4.012833578430701209e-01
-4.298778604974006767e-01 -2.245397981178118008e-01 7.358548853514150778e-01
-2.469206906488387865e-01 -9.971749496951069769e-02 7.452551167790630871e-01
-2.291571038111417102e-01 -2.343286167017026023e-01 8.763623543506326996e-01
-2.531152125724175916e-01 1.405574623395348943e-01 3.236989039795118983e-01
-2.905351437338640763e-01 3.362751508365988129e-01 2.755582434378140988e-01
-4.290104366173145833e-01 -2.598152837821369743e-01 9.140947645111979769e-01
-4.300781150999596902e-01 -6.685298617282988687e-01 1.394305973380063790e+00
-2.726889779967560101e-01 5.125310243319700088e-02 3.658286189049562154e-01
-3.220892371053487024e-01 -4.933030304777420993e-01 1.013757631362111056e+00
-3.197145815786547884e-01 -9.296801587997370608e-02 5.056383651701068516e-01
-4.882215902898109916e-01 -4.232147574442456928e-01 1.057083983504554903e+00
-2.575614241122429759e-01 -9.095438954751228211e-01 1.337525972377022754e+00
-5.178356377782229458e-01 -5.127831588911124783e-01 1.074297545439264923e+00
-3.578493874451869061e-01 2.632752170032279793e-01 4.075331946572333108e-01
-3.252984716302940171e-01 -1.799413208251968987e-01 6.386888107059434105e-01
-3.031739635618198037e-01 2.824763787925483882e-01 3.815479915138978995e-01
-3.361260459825511915e-01 -6.578147349500760299e-01 1.067924294590710588e+00
-4.675426264346924099e-01 6.997363489705139827e-02 6.399155564442722266e-01
-2.676763232356140776e-01 1.426221690876089965e-01 3.835325914422966775e-01
-4.886744051906485864e-01 -5.351054244546560312e-01 1.025665062795205529e+00
-2.926954639530272018e-01 2.065883596069575112e-01 3.988917355768180073e-01
-3.433798760284734186e-01 1.301178133889777100e-01 5.111174771668842709e-01
-5.054334541184370977e-01 -1.396364965064832986e-01 8.495059373327649155e-01
-4.035009544391385816e-01 -4.571201614674719749e-01 9.900582083223028462e-01
-5.386733674918229298e-01 -7.578875922219232564e-01 1.520551114877555676e+00
-2.753553208418662024e-01 -1.485054572480066781e+00 1.650003952121437578e+00
-3.310882381743240899e-01 2.075409819590595950e-01 4.374836587508212915e-01
-8.582588197557416976e-01 -1.286516167432289137e+00 1.941724069573552924e+00
-4.832547966984623855e-01 -4.504587831380656993e-01 9.279780858902028085e-01
-5.429405419602204574e-01 -1.198849853886937211e+00 1.858681213462944015e+00
-3.341395974377653899e-01 9.284491764869419461e-02 5.202735091874970408e-01
-5.150651618525436959e-01 -8.674521884977430541e-02 6.882568937088677785e-01
-2.810499753746888985e-01 1.213850287712319939e-02 4.736811655736374860e-01
-3.266686248685886085e-01 -3.442618671429890226e-02 5.746853225567676304e-01
-2.530315796007691076e-01 -1.201069014565275594e+00 1.261811979750838475e+00
-5.348488423062498498e-01 -1.066173089906854027e-01 7.173902044187698834e-01
-4.382186467216193093e-01 -5.005114024204786460e-01 8.292634410218724383e-01
-6.818460262155081608e-01 -9.148263991768351699e-01 1.507629201244484074e+00
-1.779987919298768873e-01 -1.439355846728187061e+00 1.356312265354148394e+00
-4.912224384201167027e-01 -1.074032097541318953e-01 6.983022949952726321e-01
-4.549957249544780286e-02 -2.402921876290882608e+00 1.777259153779823686e+00
-7.512027459921437611e-01 -1.159110010637770083e+00 2.015940018904274211e+00
-3.414120006301075150e-01 -1.708193882152392873e-01 6.371202461601583877e-01
-6.782706441374628525e-01 -1.440006660561554241e+00 2.430754755941862300e+00
-4.290193552109239916e-01 3.937646546704600369e-03 6.444181034889453485e-01
-4.048667120630025096e-01 -1.794059692724829860e-02 6.517508259351245670e-01
-4.859153419205934910e-01 -1.867417908316493680e+00 2.329049106296906757e+00
-7.712765363234055371e-01 -1.237444025551369009e+00 1.726017087937300909e+00
-1.703428848078089863e-01 -3.154382260455180997e+00 2.296232774986727065e+00
-3.868530568440409212e-01 -2.630267433715893333e+00 2.398170814966690045e+00
-8.503782500652086185e-01 -1.416567250430283309e+00 2.599873005081363431e+00
-6.441324019340690654e-01 -1.721252921184445839e+00 3.084865255119340066e+00
-6.227685796824253828e-01 -2.185303747071086988e+00 3.005899136153232121e+00
-3.174155666588571734e-01 -1.327669639772286914e+00 1.408817245874956825e+00
-1.124949524273747059e+00 -1.601536218962312574e+00 2.524123591973605585e+00
-6.237239817369566452e-01 -1.021409685998423966e-01 7.060047621153913155e-01
-8.320973995020644054e-01 -1.268680632108029505e+00 3.266508843883933366e+00
-2.308884199646552005e-01 -2.519540559754027242e+00 2.032730081712216474e+00
-3.948980156837311739e-01 -1.620625191428305967e-01 6.901029377913374674e-01
-6.056535441268557918e-01 -9.125361970088191610e-01 3.878410351815951174e+00
-3.821524189210858125e-01 -9.544790240546383586e-01 3.879607927190981798e+00
-4.444472162668979820e-01 -7.007386378948190497e-01 4.041432438742589284e+00
-7.224174163818215533e-01 -1.493213522259477122e+00 3.647873179098767071e+00
-4.010487693995656855e-01 -3.831410067061398195e-01 7.255160389883315020e-01
-5.862097209225805017e-01 -1.292814096956556469e+00 3.832816877803132627e+00
-4.730578214331657150e-01 -1.223780289286849898e+00 3.899060996447737182e+00
-4.251238848658633884e-01 -6.656809908597285386e-01 4.240861456950391073e+00
-1.085976754024279956e+00 -1.559841998489869042e+00 2.813474965348852663e+00
-5.018683119701510265e-01 -3.543883387611543867e-01 8.985091499800361703e-01
-8.802053617707716882e-01 -1.174851334213412812e+00 3.814261637448793429e+00
-7.349645755558693594e-01 -3.063461967017014231e+00 2.787226252977738739e+00
-9.231346431064437752e-01 -2.834041326038260422e+00 3.102819024894408528e+00
-6.506161250119149031e-01 -7.793079117336034756e-01 4.460657590445691767e+00
-9.448686624741675644e-01 -1.864144387663658975e+00 3.937152155376011819e+00
-6.788024625688748870e-01 -1.284080834155583162e+00 4.218309890422688113e+00
-1.299266301767932896e+00 -1.856062900603566490e+00 2.975983061917268913e+00
-1.104246188899683290e+00 -1.814465873074347702e+00 2.481143147588298348e+00
-6.932586969819229950e-01 -4.425767214288036100e-01 1.008308775848647088e+00
-9.462740100721463987e-01 -1.076081272252768173e+00 4.250456648222211697e+00
-4.018228973505841850e-01 -3.104977376307668790e-01 7.401388597728768559e-01
-4.727289905419578275e-01 -8.548012694106024156e-01 9.709323741716957556e-01
-5.708992797981213840e-01 -2.135162130432969874e-01 7.645679102340778854e-01
-1.269637494173878167e+00 -2.587859828182951460e+00 3.642462737582868204e+00
-7.580691188119565993e-01 -3.952302500322399936e-01 9.684195048841531817e-01
-7.147495449817711233e-01 -3.155718757258206608e+00 2.545330180521744978e+00
-4.769015367493344981e-01 -3.947650792088808203e-01 9.538397828214399965e-01
-5.756901609579259116e-01 -1.496541149586274599e+00 1.683033505636586824e+00
-1.195448299388084834e+00 -1.452914886749244294e+00 4.087272972539693683e+00
-1.866593179726702800e+00 -2.395288921347390243e+00 4.489637001278943274e+00
-7.603560291937689897e-01 -8.730858539487318382e-01 4.368199784704820843e+00
-4.445403540476213777e-01 -5.176409833245845249e-01 1.096056219558569689e+00
-7.920619122733540962e-01 -7.115283878646323501e-01 4.503804920599236539e+00
-1.254518950007058820e+00 -2.248593875128012343e+00 2.232874892290852120e+00
-1.040291575515962075e+00 -1.699246292188583141e+00 4.240999265961150400e+00
-1.311169867223322072e+00 -2.322723043799785003e+00 3.934345789170698993e+00
-1.387261248945890202e+00 -2.684588336611753334e+00 3.665034254769018229e+00
-1.381925588315702891e+00 -1.562721311366908949e+00 4.487880865817430731e+00
-1.382882844382264054e+00 -3.115179986519963862e+00 3.140408726587573085e+00
-7.270126416316831097e-01 -1.561285537876653251e+00 1.898365407923890302e+00
-1.027137705101473841e+00 -1.148640456588875702e+00 4.633601416309986121e+00
-1.162459109113060052e+00 -1.538598073349302098e+00 4.496535203030042283e+00
-1.300518541504548153e+00 -1.836123022266495042e+00 4.341369606916323676e+00
-9.623351189191016175e-01 -2.342712740447313868e-01 1.091733771349830073e+00
-1.111639973666719072e+00 -9.807275810791331594e-01 4.721648469998619646e+00
-1.155443254225307692e+00 -2.166962753026037802e+00 2.849891633556972170e+00
-1.357309859866139945e+00 -1.393645254885800711e+00 4.788087383633325089e+00
-8.970812059853834342e-01 -8.866539290713841837e-01 4.580955666970865536e+00
-1.057777206436288475e+00 -7.156230148440521077e-01 4.569975330614489906e+00
-4.247588320072991919e-01 -8.980659029392814574e-01 1.344772442004469104e+00
-7.976168513884953626e-01 -5.158408120821711407e-01 1.046601104572225438e+00
-1.639817760835242888e+00 -2.410101532655120948e+00 3.810227312691402801e+00
-1.904061482872591915e+00 -3.279079375816956077e+00 2.720925228977584709e+00
-4.257138988031989868e-01 -5.319882285511159381e-01 1.056714270411433176e+00
-1.398373443677055405e+00 -2.338229716613492215e+00 4.005234184736202963e+00
-2.029053692892839766e+00 -3.321627344592583242e+00 3.214984559010439114e+00
-6.383817258241162307e-01 -5.401809595815532106e-01 1.133307295055864472e+00
-1.852725478816736882e+00 -1.123536577051838847e+00 4.993258662736330677e+00
-1.405787989728409570e+00 -2.075155561363720480e+00 4.194083408430394400e+00
-1.829566276616445109e+00 -2.878713468711432188e+00 2.553862245710014189e+00
-1.188433697795403532e+00 -1.199927168160792590e+00 4.723283587770993108e+00
-1.835642370616973551e+00 -2.000820044161072175e+00 5.007893977735058400e+00
-1.838474103215657962e+00 -2.039489883737610754e+00 4.759827073985746893e+00
-1.877586605707372902e+00 -2.870399978859722978e+00 3.790925576815673992e+00
-2.196769541915468693e+00 -3.419467737006627761e+00 2.668011574449465684e+00
-1.799153567061365422e+00 -3.135797731865949345e+00 3.112038436677828201e+00
-1.476134477046294080e+00 -1.365478327924650293e+00 1.717716423517828161e+00
-1.296317635509110389e+00 -8.395154808431488647e-01 4.707292556364350844e+00
-1.387790197581768581e+00 -1.080987084735762105e+00 4.910839504281860002e+00
-4.191831138147321112e-01 -6.034551322054362288e-01 1.074033796707517752e+00
-1.066047966057404039e+00 -3.200922600819530728e-01 9.421189086283804359e-01
-1.736487514879783589e+00 -2.043900368750033891e+00 4.635503804428203978e+00
-1.763883111265215575e+00 -1.613894830772989897e+00 5.260079053557767281e+00
-1.985539085727369146e+00 -1.583639301942481703e+00 5.168952222891405768e+00
-1.796505496176060035e+00 -3.073588442732162918e+00 3.148055180349786042e+00
-2.508647651599705597e+00 -3.513384038619230765e+00 2.433136201005254406e+00
-2.604447140513347136e+00 -3.397659858063178717e+00 2.384597416044968998e+00
-2.360728099380690281e+00 -3.305642376989938569e+00 2.170624336620399220e+00
-1.026907425217764569e+00 -5.933899472119179563e-01 1.098025523854410324e+00
-1.712258369882471598e+00 -2.654240387509828381e+00 3.751259176135171902e+00
-4.516287130079668088e-01 -1.336747044212067692e+00 1.739360499636987356e+00
-1.686026571020271092e+00 -2.625875327734089382e+00 3.777616363336598226e+00
-1.386864197309330748e+00 -9.533040160549060005e-01 1.364599625210765055e+00
-2.042184889783721147e+00 -2.621844258851631082e+00 2.343783669250861124e+00
-2.324450621033001596e+00 -1.262740238232606060e+00 5.125026392730391400e+00
-2.245382702543855746e+00 -1.251638191957381352e+00 5.220322835867577282e+00
-1.008410537987493916e+00 -2.246110179447025956e+00 2.936275337656596207e+00
-2.099976439691108254e+00 -2.266599933218973018e+00 4.844480323296494362e+00
-1.289260743785243690e+00 -2.334386871852331069e+00 3.148079898498785667e+00
-5.739104883892434117e-01 -5.423595895543851242e-01 1.157039407044251789e+00
-2.126647159917309793e+00 -2.510735466570025665e+00 5.156127119031559403e+00
-1.835356178218791934e+00 -1.960143720418162872e+00 1.957967449225719969e+00
-1.871770127456716892e+00 -1.499856801391534100e+00 5.350905364384303198e+00
-2.054850729577797352e+00 -1.327510198828262489e+00 5.334713679358898730e+00
-2.129304973775628440e+00 -2.824248523463852578e+00 1.962589345924832696e+00
-1.987708586275054756e+00 -1.948022978827752993e+00 5.450774403146525060e+00
-7.116571527840225286e-01 -1.960519874255854944e+00 2.596987595183271935e+00
-2.576879628367674258e+00 -1.953893589981116730e+00 5.484722173257260636e+00
-6.027985822690560269e-01 -7.970941335500256741e-01 1.595239830719414442e+00
-6.474873752062073606e-01 -6.552781286105062719e-01 1.326094243779721182e+00
-2.285824425445314390e+00 -2.056558675816573256e+00 5.203747811100598142e+00
-1.157736675454451358e+00 -8.787048228175837750e-01 1.322119051136262158e+00
-1.670174095573614181e+00 -2.878386438977221573e+00 3.258905873950908472e+00
-1.901893957275550884e+00 -3.178814519595363208e+00 2.613553628861922107e+00
-1.701285409931628578e+00 -2.979680999111634421e+00 3.052302431609369648e+00
-1.267567072234299985e+00 -8.748449635027828464e-01 1.225581031436362878e+00
-5.069439185653692448e-01 -7.868828595824908234e-01 1.555974886350000475e+00
-1.992116614261451923e+00 -2.393976664732642590e+00 4.556109052938126069e+00
-4.263171536901850800e-01 -8.073970458305517184e-01 1.397835215803226561e+00
-5.245029911878891227e-01 -1.197972269981707916e+00 2.078322036986413934e+00
-4.542139137524348058e-01 -8.150299552663824443e-01 1.608494043590923184e+00
-5.917410922390473615e-01 -1.572248576509839069e+00 2.307013040283209193e+00
-2.444883000593353728e+00 -1.345174535175848618e+00 5.251037069669401092e+00
-9.178072013808797891e-01 -9.331831349951383858e-01 1.568532900587257695e+00
-3.122896427095815497e+00 -1.951544722641322949e+00 5.829637374222272683e+00
-1.661360566268720973e+00 -3.032414945955617114e+00 1.847966085118002866e+00
-1.508720872837701066e+00 -2.747141942300627804e+00 1.460042494573123406e+00
-1.382975079823987707e+00 -2.863248966930472150e+00 1.682027600042196980e+00
-2.120383980024563186e+00 -2.332979678368051424e+00 5.319580032219143106e+00
-2.005839759387077592e+00 -2.653490659252728534e+00 4.219580020715817170e+00
-1.348167047977803179e+00 -9.713095150289755564e-01 1.256779421395194163e+00
-1.670203322947742208e+00 -2.855180446483423395e+00 3.192639619128939898e+00
-1.059459521478730792e+00 -9.268927885295745739e-01 1.478108812659051807e+00
-2.343592143986871434e+00 -2.056120283953468686e+00 5.918518378616305142e+00
-2.327999544851294900e+00 -2.446336733273096087e+00 4.975263396064023347e+00
-1.721705058846797698e+00 -2.611680528782912347e+00 4.045363484415852362e+00
-1.579605803198365521e+00 -2.858406399525966535e+00 2.893873547997465323e+00
-2.127479324241154046e+00 -2.517016642688156836e+00 2.049251941403625210e+00
-1.020215681798404717e+00 -2.603401178411758110e+00 1.317828698317186076e+00
-1.935983820542711564e+00 -2.626549624658485627e+00 4.516315004238805386e+00
-2.380952696744028430e+00 -1.573349518196277108e+00 5.701539618983645141e+00
-2.626307315340616455e+00 -1.336585524612717180e+00 5.327183508084686991e+00
-1.316196831541546430e+00 -2.460049082437203438e+00 3.407743840089545007e+00
-1.441075909485460826e+00 -1.259264628151155918e+00 1.288521901635995448e+00
-2.877308737593322618e+00 -1.536165985575923543e+00 5.393354576410622769e+00
-2.580394863705488095e+00 -1.367835599339441544e+00 5.127797367620004820e+00
-1.400439782650719778e+00 -2.837024081017361254e+00 2.194310139629266132e+00
-2.630851134341670061e+00 -2.235613417827424954e+00 5.425413437727002020e+00
-1.550882793511906499e+00 -2.521147759507954333e+00 1.392982494105481805e+00
-2.371742135985517308e+00 -1.884478650024727031e+00 5.908661198718036189e+00
-2.229670530065137157e+00 -2.559443464497377363e+00 4.731544039353863695e+00
-1.290213418314317906e+00 -1.015446485634613927e+00 1.139626657475055538e+00
-1.559754780954083708e+00 -2.027902725129976602e+00 1.381117930464021981e+00
-7.802202218987854820e-01 -9.213304055460049824e-01 1.683430011215619970e+00
-9.965388042415543879e-01 -2.516665126011604414e+00 1.064387233909918962e+00
-9.295960126111122435e-01 -1.081228066845586477e+00 1.921217985312416943e+00
-1.275692629477308770e+00 -1.248227231317624586e+00 9.198819573059183741e-01
-1.039623685437419676e+00 -1.779190563941672076e+00 7.012262883038928862e-01
-1.455599440438003489e+00 -1.845366948023585252e+00 1.228246589176777093e+00
-2.670210835147241113e+00 -1.247870899597145922e+00 5.013393271660000039e+00
-1.088670781742468563e+00 -9.715935449469199625e-01 7.799538434748356508e-01
-1.103328062891025141e+00 -8.926040822952749920e-01 1.027167668024134173e+00
-2.315582357657204327e+00 -2.268290097022989116e+00 5.830494301928673906e+00
-2.418505447478747072e+00 -2.646581170587342768e+00 5.797790733327104817e+00
-5.971174895101132307e-01 -1.111470020771063494e+00 2.185372816294503195e+00
-1.099856892914692352e+00 -9.720642479255587887e-01 1.341486518147078755e+00
-2.874862184061155901e+00 -1.649883952114981511e+00 5.433019704698936359e+00
-2.650294941829185902e+00 -1.465349924221866829e+00 5.880155462149652124e+00
-2.626839093570890071e+00 -1.709829727235277375e+00 6.244310071574197707e+00
-1.311974289772741997e+00 -2.376552956008611162e+00 3.428174496522139236e+00
-6.182075556805184391e-01 -1.108450118111287352e+00 2.179876985848316906e+00
-1.108448904744118835e+00 -1.351467407249687502e+00 7.113459965427963994e-01
-1.643784542084359757e+00 -2.797399593786016325e+00 3.252244639457956055e+00
-6.962113960128775147e-01 -2.392244235388986340e+00 7.890179745424532598e-01
-6.307121329194522730e-01 -2.229177502239580999e+00 4.689418829526417198e-01
-1.028135757045159693e+00 -2.586043160156248799e+00 1.576784998149037165e+00
-5.234509522003474302e-01 -2.097847710783547814e+00 3.385178907972203888e-01
-7.812665726050891379e-01 -1.869440230519087587e+00 4.740957899034511924e-01
-1.927111930487678038e+00 -2.701648329413854910e+00 4.052020747357545361e+00
-2.881550845154916995e+00 -2.051902302951083001e+00 5.672977349997346153e+00
-1.487577222106018837e+00 -2.777862959031358159e+00 2.739820326401947170e+00
-7.552177432899842557e-01 -1.044919394394852930e+00 1.945240913723764731e+00
-1.830489712024035986e+00 -2.688664086798805641e+00 4.250460538268988842e+00
-1.319885041722811181e+00 -2.725784307633810855e+00 2.232952312456426114e+00
-9.910442847321814241e-01 -1.071945979355289680e+00 1.720566321103554230e+00
-1.245775110074653691e+00 -2.104179628216932940e+00 3.268617100993168378e+00
-2.893088921160686056e+00 -1.859363110054059964e+00 5.611538061991105053e+00
-9.204247485625796088e-01 -1.024041177772089029e+00 5.654660326415381633e-01
-2.649418232898382186e+00 -7.089643841896151599e-01 4.372820218610172560e+00
-8.234281213823422263e-01 -1.300952723105318398e+00 2.950051953270644844e-01
-2.842048949786864398e+00 -1.593496913369405021e+00 5.428558220367769138e+00
-5.089489090642924651e-01 -1.920591149468346970e+00 2.299265497092760901e-01
-2.602692680297100214e+00 -2.311478283723384042e+00 5.401073614815629753e+00
-2.686879963000128768e+00 -9.141419949110449750e-01 4.870405394838343227e+00
-7.001247469304185955e-01 -1.470019233288532234e+00 2.449414146611367471e+00
-9.557583467281851597e-01 -1.796142541607703924e+00 2.844626995091637411e+00
-6.139233734645284102e-01 -1.453072391901592875e+00 2.870585443887279098e-01
-2.147638430599574377e+00 -2.620018242263146391e+00 4.587006586653963325e+00
-2.413936524404368456e+00 -2.470301335890237038e+00 5.138532799041534815e+00
-2.673119603884146045e+00 -9.516975259416023958e-01 4.686548092347180727e+00
-1.752251757115758091e+00 -2.711962748059946193e+00 3.705409987492245705e+00
-1.009357987522292888e+00 -8.986188283769021012e-01 1.103351220932658805e+00
-5.835378126328336634e-01 -2.150203101703768382e+00 5.029748325087552985e-01
-2.575754627767897986e+00 -2.126490092486978511e+00 6.268937680664124379e+00
-8.243975681500756991e-01 -1.148974977457367430e+00 3.309590369746828742e-01
-2.615749746944981080e+00 -1.924489220145647883e-01 3.503731892948920290e+00
-2.499094181220787192e+00 -3.467778927631126051e-01 3.558182885257480166e+00
-2.646694314626072853e+00 -3.097896374248420084e-02 3.350541293363683781e+00
-2.624179621065302115e+00 1.490083741504938941e-01 3.431052339592056910e+00
-2.562653292843709352e+00 -2.273581248576395097e-01 3.619094442693906899e+00
-2.671255154883317218e+00 -5.135425029338627212e-01 4.189913326964898488e+00
-2.850491940833368432e+00 -1.649451357283867381e+00 5.521793222152197700e+00
-2.692086234888034113e+00 -1.103801715923534488e+00 5.209840664799628485e+00
-2.684547072036872706e+00 -5.665618743839342386e-01 4.385466871596769067e+00
-8.187939001597559496e-01 -2.363229980396770458e+00 1.203502039065149631e+00
-2.211259507481239783e+00 -2.805324777085719035e+00 5.069855177714849503e+00
-6.424992189645593044e-01 -2.117011131598070861e+00 6.275040204039044056e-01
-9.528744464434167893e-01 -1.010802878359987389e+00 1.444336090149313634e+00
-3.228046131354211923e-01 -1.555271086460942698e+00 5.563396599944069737e-02
-4.221775929332486910e-01 -1.953694486915193096e+00 8.734805278791660244e-02
-2.723812519280429001e+00 -1.503759119942489966e-02 3.556433728432573105e+00
-2.572809274077314967e+00 1.399772286142617062e-01 3.683917952420599828e+00
-1.766288078927575000e+00 -2.641491920069604760e+00 3.908149945145140691e+00
-2.668627240896027430e+00 -4.135276958318669926e-01 4.835775702971702117e+00
-1.889972080123184739e+00 -2.627617064339020203e+00 4.298584873347813584e+00
-9.295660717893063918e-01 -1.101353176850638604e+00 2.064953541037638729e+00
-1.479849170748403608e+00 -2.509998304136701108e+00 3.359392454874353007e+00
-7.771065576154452259e-01 -1.194371780500219415e+00 2.287393402687698085e+00
-1.261924389596554619e+00 -2.547385630283015789e+00 2.410050996043203497e+00
-1.184902623409936240e+00 -2.370446015273701690e+00 2.547155893018292261e+00
-2.760378110197667212e+00 -9.563754035349828486e-01 5.179721691175764420e+00
-8.967630712873528864e-01 -1.138957535146170486e+00 2.157063180248556478e+00
-8.910258260495496074e-01 -8.878156324503923003e-01 1.079286781563624231e+00
-6.848800376902612896e-01 -1.289655388213649445e+00 2.374501101471629738e+00
-1.761889033904590895e-01 -1.280777623167990598e+00 1.821676688717130052e-02
-2.379906656177651902e-01 -1.523011355718723925e+00 -6.895317715723330021e-02
-2.692459946756088129e+00 -2.458057262369731433e+00 6.792410050387161391e+00
-2.682056249639613199e+00 -6.519126106629098416e-01 4.894397335431953877e+00
-1.187014186985475006e-01 -1.193470933318915073e+00 -5.059067184632930203e-02
-1.534417645429594912e-01 -1.304924122653600804e+00 -1.270713717512136909e-01
-2.699830734431445833e+00 -3.653605441062772741e-01 4.319596088020198010e+00
-2.710059921463296106e+00 -1.918655353025388033e+00 5.738542190451504155e+00
-5.984070691740104309e-01 -1.206883620357636744e+00 4.201805053104976095e-01
-8.894458338672972531e-01 -1.093981209674941502e+00 1.970903018047827970e+00
-2.574959116657189018e+00 1.492177996991692068e-01 3.413180906082331489e+00
-3.854922087118186069e-01 -1.346538472515186768e+00 2.073065806650618015e-01
-4.313523871915752039e-01 -1.229246976211699760e+00 3.047260597148024885e-01
-2.294406212653704813e+00 -2.516823179707429858e+00 4.984035535607873157e+00
-3.319090857496166946e-01 -1.664634422354581034e+00 -3.968434748515640292e-02
-2.399405055289456079e-01 -1.197495559404945675e+00 1.272181643296264042e-01
-2.673398384496135094e-01 -1.480102360925785510e+00 -1.250956120601856014e-01
-4.765774739194110765e-01 -1.770027963594611009e+00 1.585675294760235943e-01
-2.413622503934341079e+00 -2.748860069241418458e+00 5.896359722165229300e+00
-1.803791312225815568e+00 -2.396768805636899202e+00 4.062228103084187580e+00
-2.708588764343636157e+00 -2.045255168974593030e+00 6.667420759865365198e+00
-1.031854339501361295e+00 -1.590731315856469763e+00 2.891359733965394696e+00
-9.480010021355179672e-01 -1.426029269548296341e+00 2.749936438619450030e+00
-2.647089272328370768e+00 -1.027040756138926980e+00 5.650427648493405286e+00
-2.597345709016327220e+00 -1.305932178907990959e+00 6.135547711529952153e+00
-2.606195930793843818e+00 -1.457393897981468456e+00 6.437879000885708081e+00
-2.526698919548270084e+00 -2.291573916739549688e+00 5.457579514059304415e+00
-2.090615157872139918e-01 -9.996682321459235965e-01 3.350680612385299739e-02
-2.977749821125623142e-01 -1.189721458467017490e+00 -8.829619166979789380e-02
-7.269607664000421465e-01 -1.201816749411536378e+00 2.375273881278822330e+00
-7.428481662813748443e-01 -9.108496178020182299e-01 9.716984569008103589e-01
-5.978860333393356541e-01 -1.092242698462211115e+00 6.865608021790805537e-01
-9.253880721266032339e-01 -1.119650041380653605e+00 2.063167088505807101e+00
-2.797473781326557329e+00 -1.431901817998165072e+00 5.744753572251013907e+00
-2.777760237988859515e+00 -1.074708591456529305e+00 5.488423932074880440e+00
-2.190766756963775208e+00 -2.713493994043879809e+00 5.134346263470533245e+00
-2.117648861503189650e+00 -2.665910121907730357e+00 4.926883415913800413e+00
-2.514077047662210518e+00 5.354576436240240239e-02 3.733088941290681806e+00
-2.555314955453566128e+00 -2.667533864393588416e+00 6.312560746118208499e+00
-2.133682249977461254e+00 -2.494853320988205780e+00 4.840944398874853505e+00
-2.388490466554504366e+00 1.930089202254484937e-01 3.318239203732616716e+00
-4.490138961780604787e-01 -1.171131296933523913e+00 3.959588700848186149e-01
-3.537056988259070778e-01 -1.135589950384686020e+00 2.974451667554660061e-01
-1.388098300811630992e+00 -2.445156227995928688e+00 3.206566710319108893e+00
-8.761334431350586982e-01 -1.266426578898117938e+00 2.507515515466238298e+00
-2.627875496956427526e+00 -6.760250188088609558e-02 3.983363792775627132e+00
-1.401368607653570075e+00 -1.960515862701045497e+00 3.423664574469178490e+00
-2.677342586350910381e+00 -1.805053663977428835e+00 6.648419949143423935e+00
-6.888611318186637078e-01 -1.052412658825275571e+00 1.850239999623987552e+00
-2.199703969195168085e+00 9.406932666952090571e-02 3.464776356751492870e+00
-2.135170452916369754e+00 1.929895776650756012e-01 3.482344752344580741e+00
-2.321811309688460057e+00 2.018434345725435008e-01 3.860626685372650968e+00
-2.614559719763880352e+00 -3.830742570703780103e-01 4.803037636683271216e+00
-2.742977036999034723e+00 -7.954776801290037724e-01 5.353800911778201055e+00
-1.744298330129153973e-01 -4.559555884571099837e-01 -1.646570553349845922e-01
-1.856907234398227913e-01 -4.760509464351140863e-01 -1.565970321891256012e-01
-2.005083635227702110e-01 -4.751071719448791142e-01 -1.479049703968157992e-01
-8.398649122509311837e-01 -1.180446502684040055e+00 2.312846284513952355e+00
-2.601693161690194600e+00 -5.961657897071450662e-01 5.391658355051333729e+00
-2.905975014454558192e-01 -9.751178067385275483e-01 -2.063177421511139947e-02
-2.005076622670499964e-01 -4.922187000806487744e-01 -1.520586756183489874e-01
-2.675847634106901296e+00 -3.675017697908966041e-01 5.318070806666696626e+00
-1.885814725281207138e-01 -4.546060517237222043e-01 -1.476522560956325947e-01
-1.722489203449767969e-01 -4.621479074750495797e-01 -1.529993438467514011e-01
-1.734533128153986914e-01 -4.503818129063947850e-01 -1.509472458223654889e-01
-1.822829826735644920e-01 -4.829503746816853904e-01 -1.468190910326470089e-01
-9.121269535284604046e-01 -1.307601077265477585e+00 2.689699701935865050e+00
-4.479979717427156061e-01 -1.664696128537249686e+00 1.046742668527257947e-01
-2.570931898886255951e+00 2.358856751936000006e-04 4.555294792870591358e+00
-2.733433262327153557e+00 -1.486745331506725165e+00 6.003333738473791925e+00
-2.764125961429604317e+00 -1.120615033580673270e+00 5.992521024976639410e+00
-8.654363023825464296e-01 -1.189172913159181277e+00 2.476168505732680103e+00
-7.356512313007748105e-01 -2.021247242305653558e+00 8.413100079775546192e-01
-9.758727444294308384e-01 -2.242620438250968462e+00 1.924823676192253918e+00
-9.018587985973224308e-01 -1.311517650068449115e+00 2.663673448618162354e+00
-2.510710739328622765e+00 -2.613319780911629309e+00 6.487332087220430310e+00
-3.991371524423357187e-01 -1.310872053441203278e+00 -7.782951851032740564e-02
-2.336330279773248364e+00 -2.294081087527692020e+00 5.380660154442288956e+00
-2.499206107481077410e+00 -2.044164897594688668e+00 5.797505945003067040e+00
-4.792201990414994839e-01 -1.157913516906658558e+00 7.487160692729872835e-01
-2.754044292411288453e+00 -7.527674393037511180e-01 5.918806695443159072e+00
-1.791036619501269911e+00 -2.505603646291570286e+00 4.229354416627330693e+00
-2.172161533819160439e+00 7.124803377364050117e-02 3.660560982803431784e+00
-2.337346314609944020e+00 2.420412423727209827e-02 4.095014991313200348e+00
-2.300781975926952327e+00 2.261969009158217025e-01 4.237946146880489096e+00
-1.733711847151706564e+00 -2.215845045566542382e+00 3.962507444511288668e+00
-6.255127810054812443e-01 -1.907648192492770400e+00 6.293306237802553937e-01
-5.176434092227726325e-01 -1.780518115911551291e+00 3.695777802280346136e-01
-2.519081559962218719e+00 -7.572770955783339475e-02 4.291243233312044936e+00
-3.023907193991188791e-01 -1.019742361311809509e+00 -7.998161015228069659e-02
-3.183851473515594832e-01 -9.142744418448796040e-01 3.276640260229150142e-02
-2.726045501441092256e-01 -7.749699339864015712e-01 -6.901413444641940620e-02
-2.759245885546555144e-01 -8.228078717611992943e-01 -1.493538294736964089e-01
-2.887434292033965733e-01 -8.958370877800909682e-01 -5.654317720567540034e-02
-3.131908718396143043e-01 -9.329752698105552300e-01 1.108121836191386933e-01
-3.434635526452147758e-01 -9.914004646944968302e-01 -1.894946844519367068e-01
-3.582291656336077934e-01 -1.116002345852990629e+00 -1.236378132274039976e-01
-1.129006573118672918e+00 -1.534817267280654818e+00 3.120023788659252784e+00
-2.561528589683005563e+00 6.050396987024159873e-02 4.973405866208011616e+00
-1.463422388615940761e+00 -2.417537423014650244e+00 3.596507162132915880e+00
-2.578432742300327707e+00 -8.511541205503121432e-01 6.098375833798456824e+00
-3.275726206103115046e-01 -8.764885354483453739e-01 -2.058432762412180927e-01
-3.000643451991464872e-01 -7.184425688189168824e-01 -1.461347663137075870e-01
-2.135601360817836802e+00 -2.383281775466739916e+00 5.027120913029122562e+00
-7.324736318728337636e-01 -1.201019545768865271e+00 2.403002037368857202e+00
-2.781534307551501328e+00 -2.125487486674000337e+00 7.270401513367275470e+00
-6.097602180613570511e-01 -1.038740016136003419e+00 1.312359422772878759e+00
-8.735889301745203284e-01 -1.211720986903925379e+00 2.425275021886200477e+00
-2.737559138583558038e+00 -5.496215854455588357e-01 5.856015192210904274e+00
-1.927807387855255072e+00 1.993999458563653071e-01 3.414488845923550286e+00
-1.715247514994958422e+00 1.576972905541874914e-01 3.267205007703886110e+00
-1.004427628636221925e+00 -1.365620691555978317e+00 2.936972915744327395e+00
-2.217197572050062959e+00 -2.641028897205258019e+00 5.522620775868347209e+00
-3.538783847540897809e-01 -9.801500512319112346e-01 -2.128554383018226026e-01
-3.372725247601326970e-01 -8.325488559543980926e-01 -2.255531924340558880e-01
-9.369642777030228187e-01 -1.310390749637049997e-02 1.572929209698905595e+00
-9.538195576362618056e-01 2.564651589146599818e-03 1.614677584201778870e+00
-8.838226013304666395e-01 -4.026794454108179738e-02 1.562325594109907678e+00
-8.962744191001146277e-01 -2.423745045383179919e-02 1.579279226795740954e+00
-2.658419470735449153e+00 -1.571838084504811661e+00 6.093244991961938695e+00
-1.097312049289826064e+00 3.420588598507370154e-02 1.951449978763200477e+00
-1.321308888868273357e+00 -2.323839226437868888e+00 3.379995988860045042e+00
-1.775237026006896812e+00 2.194437552053364882e-01 3.413858622704147194e+00
-1.801011391549231178e+00 -2.465656424237752109e+00 4.304608987214287197e+00
-8.243278160866456261e-01 -1.367988254091748956e+00 2.970106825649061033e+00
-5.975495635027492369e-01 -1.078243265720779220e+00 1.731890120523665644e+00
-1.861007459227045913e-01 -4.550667157364163273e-01 -1.515332119601424110e-01
-1.945697437606024760e+00 -2.458640341964592579e+00 4.515824556949880275e+00
-1.755118289151305078e-01 -4.586668894551024778e-01 -1.476612339211484937e-01
-1.750916548071916878e-01 -4.804099470937401861e-01 -1.512756914341011061e-01
-2.129832329505058297e+00 -2.593834843381904065e+00 5.259701618454172944e+00
-1.981165954508512073e+00 -2.457096163690737356e+00 5.003402227120815837e+00
-2.679457023362525003e+00 -1.493125725172147256e+00 7.058734750189800344e+00
-4.151672708921729793e-01 -1.249110753026929643e+00 -1.010999757361901036e-01
-3.879141451118375272e-01 -1.022759542035958091e+00 4.361497498216451163e-01
-1.847272650233139912e-01 -4.923825403199212913e-01 -1.562043401855817137e-01
-3.270114855049932046e-01 -8.554414042836491205e-01 3.233106879253710292e-02
-1.118231326690674488e+00 -1.073950506754249926e-02 2.062704151475813319e+00
-2.156881540761740101e+00 1.186872699409118048e-01 4.256103807848475640e+00
-9.787415281633488062e-01 1.344242447595429997e-02 1.725308810355386413e+00
-2.593061094878056139e+00 -4.327293153845612750e-01 5.272896150999805798e+00
-2.758823373118900690e+00 -1.063321135825539443e+00 6.183933746375700480e+00
-1.143269364878463534e+00 5.521813952276480308e-02 2.080533008006256068e+00
-2.740430040522374711e+00 -1.785295212671103693e+00 7.086441573452461284e+00
-1.113277189196219652e+00 -2.225635901067214206e+00 2.776093446952672128e+00
-1.743078173380894214e+00 1.443107453071768020e-01 3.400858884722474329e+00
-2.712718520867733574e+00 -1.751093403487010980e-01 5.810877604435304988e+00
-2.372548530299388503e+00 3.026777775367364143e-01 4.701405840068417774e+00
-2.581582360833660772e+00 -1.238790681641162905e+00 6.680068120606983406e+00
-2.963418266328278761e-01 -7.588522383116060865e-01 -1.803451399381819989e-02
-2.709356149700639094e+00 -2.132116092774960947e+00 7.596141480077776009e+00
-3.948113532431615780e-01 -1.093376771259862323e+00 1.181246408593523256e+00
-7.816080474431998937e-01 -1.329715190319213036e+00 2.902830198365478509e+00
-2.546204908621321650e+00 -2.506303175523823867e+00 6.807542392388036490e+00
-2.462561141780675200e+00 -2.596365288807679986e-02 4.720276799056314587e+00
-2.572852637215120808e+00 -2.053313904374308996e-01 5.107900395874274579e+00
-8.949984687863778987e-01 -1.335204403960922326e+00 2.899425771333831392e+00
-1.553056023369608241e+00 1.637409915499040969e-01 3.036754843634390966e+00
-1.351453413357909028e+00 7.989274054141219661e-02 2.625789537738633328e+00
-1.604802254627444080e+00 1.470132082563465892e-01 3.145205652015498288e+00
-1.375270708018127896e+00 1.302770016149298882e-01 2.639543940742633765e+00
-1.257272452901471382e+00 6.247278195461439948e-02 2.361283778707118586e+00
-1.480330247021981904e+00 1.773404918304883893e-01 2.844621437743512615e+00
-1.623187904966041373e+00 2.048776623961945098e-01 3.165523209567197682e+00
-3.762484467843928981e-01 -1.008515168767202042e+00 -1.835581386320369879e-01
-2.109660753669312938e-01 -4.801836086401625181e-01 -1.758204209221574110e-01
-9.261312559513967813e-01 -4.591668860225790044e-02 1.626902911410070374e+00
-8.248537276360305981e-01 -2.084842532955780925e+00 1.546962436958239095e+00
-2.979212296887502887e-01 -6.852730391305303925e-01 -2.323709014871369050e-01
-1.719424357037979134e-01 -4.624395469918649026e-01 -1.730673560480937012e-01
-2.323818191542697420e+00 -2.117759572818187053e+00 5.725389507875291883e+00
-2.492797320050144094e-01 -5.219352010440054812e-01 -1.862410613133035908e-01
-2.713124611223722837e-01 -5.845264447110309902e-01 -2.176668485027946076e-01
-2.524926726496924956e-01 -5.373434956740581470e-01 -1.903409774184864900e-01
-3.553225160985106768e-01 -8.125135772891880492e-01 7.619048603614679560e-02
-2.262457323528455078e-01 -4.859312432852699870e-01 -1.618813669534019950e-01
-1.320636263717750225e+00 1.038378534423393951e-01 2.485602188301150761e+00
-2.038022816039042062e-01 -4.696120055598687060e-01 -1.807809827963851035e-01
-4.355139104791411753e-01 -1.294202307542164476e+00 1.641401016102859989e-02
-4.140468420815270889e-01 -1.112305355240138738e+00 1.525020423960341986e+00
-7.268008215250034709e-01 -1.347999081754944095e+00 2.924072886046985786e+00
-5.507784291100499274e-01 -1.373733376955360797e+00 3.133513984821625797e+00
-1.260625292788311924e+00 8.293387188727760484e-02 2.345084106985311223e+00
-6.536780785613256484e-01 -1.830088287991337159e+00 1.110589441555553947e+00
-1.930156185255885282e+00 2.713927392776457892e-01 3.757404399819848084e+00
-2.218427610370639513e+00 3.405791489064834976e-01 4.395359979544309681e+00
-3.773201278559454863e-01 -9.783831324491387704e-01 6.589125216110929273e-01
-1.654205274784671942e-01 -4.628048821643825916e-01 -1.630732129404534880e-01
-2.774392189503895878e-01 -6.166201338207581983e-01 -2.288675816937768004e-01
-2.129750577059812855e+00 -2.514262309942745688e+00 6.256206488244863806e+00
-2.032246493040965163e+00 -2.493179881279353083e+00 5.633199427035087581e+00
-3.242864753456550786e-01 -7.367718114850827504e-01 2.058939144251320172e-02
-2.777993996578249636e+00 -7.972387793692750080e-01 6.305328453385087073e+00
-2.227800924045197917e-01 -4.714427018940269831e-01 -1.604911664544771965e-01
-2.210373183863794111e-01 -4.564386313637491810e-01 -1.673351171367513934e-01
-8.550343634953812000e-01 -2.005627084056742504e+00 2.094414400760307160e+00
-1.535948658840709413e+00 -1.984450911841948439e+00 4.157050167624149140e+00
-1.661192641491071598e+00 2.177034257059843880e-01 3.180611763057129338e+00
-1.407528588672047221e+00 4.921577717538019869e-02 2.748332261603501081e+00
-2.372183370449292006e-01 -4.918862241953351755e-01 -1.873300886278101984e-01
-1.808843750447449272e+00 2.516135914864943146e-01 3.528342827076549781e+00
-2.852472577179944735e-01 -6.395354137245004011e-01 -1.582779161233247023e-01
-2.458266369629936055e+00 -2.389226656464018106e+00 7.051683959588572748e+00
-2.665039100520054105e-01 -5.845648815751314231e-01 -1.846576159466692957e-01
-2.060236163157505018e-01 -4.935283271938271099e-01 -1.937350405429540956e-01
-3.043708742097308018e-01 -6.953139445230682725e-01 -2.462780622848654011e-01
-2.591828837004868547e+00 -6.716128931240916700e-01 5.988476439750712643e+00
-4.667461627666664725e-01 -1.470401886151702087e+00 2.297669557691718878e-01
-2.582416356756521036e+00 -1.671628671019558476e+00 6.175093830334965617e+00
-3.584088178095540811e-01 -8.569804709790140862e-01 2.278895817022572046e-01
-1.216622143395934330e+00 5.027902119923700203e-03 2.305251832864328776e+00
-1.338657120936785683e+00 3.101149240930380080e-02 2.593980464063534441e+00
-1.443600175379042838e+00 1.405110036304079990e-01 2.729469772128922500e+00
-2.253435634805177890e-01 -4.558041970255679032e-01 -1.668236443600150110e-01
-2.186880832536849950e-01 -4.222374916647009258e-01 -1.893421364099480975e-01
-2.762473815913070396e+00 -2.418751997518935049e-01 6.176139489636518931e+00
-4.141586583830462742e-01 -1.171936821824871799e+00 -3.001274692348230091e-02
-2.095639850229535028e+00 -2.287684965497930989e+00 5.159805026580770004e+00
-1.719617373164064489e+00 -2.279972745837017811e+00 4.539662074400141023e+00
-3.179512889126989150e-01 -7.467606309743111126e-01 -1.831129357235496968e-01
-1.696990529770877387e+00 1.429475276664327055e-01 3.326792439835764004e+00
-2.335893179781200146e+00 -2.457628110770906815e+00 6.762763650953444561e+00
-2.579811506615509842e+00 1.381842409963968954e-01 5.253300852618536965e+00
-2.511437241003408261e+00 2.516408053505898024e-01 5.129705943073837204e+00
-1.026053226566748577e+00 -5.051209659415430153e-02 1.981555484426529290e+00
-1.788152655486122455e+00 -2.258375971480448996e+00 4.457853495029077351e+00
-2.531630154271176991e+00 -1.018521262888610224e+00 6.496744122636940233e+00
-8.521989238746918716e-01 1.793993224765690064e-02 1.650898194393277896e+00
-2.809029337678852656e+00 -1.720610692477393400e+00 7.575786922763406039e+00
-2.633437137529051952e+00 -4.057053600611694733e-01 5.627266558936604213e+00
-2.695649189205092000e+00 -3.168699724110214944e-01 5.918952137036008310e+00
-2.700516722938163028e+00 -5.192054389789362290e-01 6.212058935136582249e+00
-1.062571905961824825e+00 5.170262365311009689e-02 1.935687972057344775e+00
-3.006343711418821840e-01 -6.649690717931253658e-01 -2.035612923054941070e-01
-1.566197508572052755e+00 -2.310953283194834285e+00 4.123616884094332136e+00
-2.508900906871573966e-01 -5.265355575662287180e-01 -1.621114742702899902e-01
-1.301131007515227367e+00 8.684094563528779731e-02 2.438803917079972905e+00
-9.718067827331662301e-01 -1.319359025917444583e+00 2.988143441621247121e+00
-1.796190146893392736e+00 2.484941331838451950e-01 3.483540855403553849e+00
-2.206912678336631906e-01 -4.838701854057969043e-01 -1.861858198838816925e-01
-9.149777566349399649e-01 -5.602452681225140313e-02 1.709437234432215291e+00
-9.383691973851392421e-01 -1.323540883036779192e+00 2.928311323287594803e+00
-2.543550979751453056e+00 -1.072222001028665161e+00 6.758612484982499780e+00
-2.697516002397071233e+00 -1.364102617315852584e+00 7.348257936792001566e+00
-2.720431139163776990e+00 -8.476448164024040499e-02 5.991016444166170629e+00
-1.580226373989209065e+00 -2.267454340680535196e+00 5.269006514960736354e+00
-2.566404437411696549e+00 9.992423512292299137e-03 5.261964747375358797e+00
-2.762519138420682197e+00 -1.122323681541063101e+00 6.450972487561877244e+00
-5.443346496004064505e-01 -1.545948657859449682e+00 7.065376242082095359e-01
-2.622547220336432616e+00 -1.510149067710125692e+00 6.398010992911964401e+00
-1.723021644881138903e-01 -4.860522128315150070e-01 -1.629618068703919120e-01
-2.953059291074762172e-01 -6.317619607731348452e-01 -1.086554393027512055e-01
-2.764249774437825380e+00 -4.523785158819677021e-01 6.165078684170119061e+00
-2.494062589592118129e-01 -4.914458703381789917e-01 -2.098693296584741019e-01
-2.711090714744521790e-01 -5.148167219613100087e-01 -2.093771024256269875e-01
-1.579938843930461800e+00 1.839926170504568026e-01 2.994470682522042182e+00
-2.208638521359559959e-01 -4.578030601391631094e-01 -1.880290260707226935e-01
-8.514176976351528481e-01 -2.127350491451450096e-02 1.616517237411486008e+00
-2.141537188359378951e-01 -4.699920117973324096e-01 -1.957586559454894959e-01
-1.879231156674520953e-01 -4.631098592895792065e-01 -2.086765584505839988e-01
-1.127096006414946894e+00 6.551545541795880667e-02 2.029812848968795436e+00
-1.312366214453692947e+00 1.183194439089160083e-02 2.538451768908516204e+00
-1.044905083342008822e+00 -1.380588666780804497e+00 3.204838124760662765e+00
-2.595071127613396200e+00 -1.482758119163350097e+00 6.942997274881420822e+00
-4.166411483844250085e-01 -1.314469469581034389e+00 3.035739536114775206e+00
-2.797235613568471724e+00 -1.432985288169339677e+00 7.761512907085752033e+00
-4.039252633360791989e-01 -1.179741531813920830e+00 2.483545785297820885e+00
-2.268345839506764605e+00 -2.088420030154470197e+00 5.808414381883906685e+00
-1.974409987501326347e+00 -2.190977667299392806e+00 5.395161805391040843e+00
-1.027201306250935531e+00 -2.061188248348264196e+00 3.010709781243776195e+00
-2.597774689573727702e+00 -7.217941184949374644e-01 6.432927349205868950e+00
-2.538122264716889731e+00 -2.249322649940850738e+00 7.380845153751186771e+00
-2.168233032992893938e-01 -4.836906589598850004e-01 -2.044859504345949985e-01
-3.625585631258391728e-01 -7.303171870958653500e-01 1.096148011508119996e-01
-1.931082463783386771e+00 -2.470506323720853104e+00 6.061715124064292581e+00
-2.019982688699027751e+00 3.023450886542330962e-01 3.980862928922348942e+00
-9.156816114017000130e-01 6.198734036425079807e-02 1.807166210207533652e+00
-2.335780716946196101e-01 -4.504790565410559111e-01 -1.749544411730709903e-01
-1.811859170956179099e+00 1.937168746395236951e-01 3.549471021067184040e+00
-2.605134534267223856e+00 1.293286452370238926e-01 5.453023018657589205e+00
-2.731739725704649402e+00 -3.548548045294799922e-03 5.977667715363125467e+00
-5.490980203241253577e-01 -7.515378683748900022e-03 1.004233438631793263e+00
-5.968970492784233528e-01 -1.280729934769190073e-02 1.082037389219187906e+00
-5.747334687742320369e-01 9.705592095826800353e-03 1.051996328895008048e+00
-5.738900260882378035e-01 1.861938930783319998e-02 1.010910320888385172e+00
-1.170538780458294070e+00 -2.082971298739485277e+00 3.633908572932234904e+00
-2.267302795670929072e-01 -4.740255362331672884e-01 -2.314599435704778052e-01
-2.252888717099185811e+00 1.880400256001041881e-01 4.580629793318983900e+00
-2.732827342395911074e+00 -6.832189290316783570e-01 6.621888173234381725e+00
-2.749770568138377058e+00 -4.258034927061604136e-01 6.178716083897434430e+00
-1.527636929603458427e+00 8.468770067448790073e-02 2.936136621633359756e+00
-2.516598934548119004e+00 1.993475338987718004e-01 5.206310207327292439e+00
-2.342423245914112329e+00 3.905277048367121751e-01 4.761097989313704204e+00
-8.629013651048147437e-01 -1.077134686442340027e-02 1.696140626618969804e+00
-2.570597228392081046e+00 -1.016208497070236305e+00 7.067317160809793108e+00
-2.979963387596740176e-01 -6.380775801541158643e-01 -1.955815367604500921e-01
-1.103251175394056816e+00 -3.062052401144649966e-02 2.209779947422582325e+00
-4.853942981764837739e-01 -1.453876017609353255e+00 3.623848242215430004e-01
-1.780791095345168884e-01 -4.793181579789376201e-01 -1.924893861529355099e-01
-7.923551662441710164e-01 1.673462291891780057e-02 1.539402589494763163e+00
-1.519922932734960042e-01 -4.827557737872147925e-01 -1.718852223145788116e-01
-2.779735710426837869e+00 -1.110749512314246346e+00 7.125138229380979737e+00
-2.700239532056142977e+00 -6.958246979087494566e-01 6.704943635359754239e+00
-6.848626932831951564e-01 -1.417178873275476647e+00 3.192949705142616779e+00
-5.214325116004303595e-01 6.760688682707530206e-02 9.070299889502636548e-01
-2.429540958646938975e+00 -1.720735776168588416e+00 6.442836600423547111e+00
-9.435181859104861957e-01 -1.277468256715780015e+00 3.221281866485135481e+00
-6.698563300570512524e-01 5.585925174497669704e-02 1.229532824248593670e+00
-6.173903120242218989e-01 7.657162272007410342e-02 1.105471513859562327e+00
-1.458409173467044795e+00 -2.102706108240640859e+00 4.805573968085298020e+00
-9.397573672930672473e-01 -3.541398609974769768e-02 1.866657193108792967e+00
-2.048841338233574894e-01 -4.847841506517446830e-01 -2.289642823167170049e-01
-3.261325171859930094e-01 -8.059420875197851331e-01 -1.597477368065937930e-01
-2.382321482058168627e+00 3.683889183141140222e-01 4.897780673773198146e+00
-2.709779368980491099e-01 -5.439821919460534616e-01 -1.652608468483265092e-01
-1.187476467804929214e+00 -1.563064234203860314e+00 3.450904428706834892e+00
-5.602557163837023069e-01 -1.436766351349731963e+00 3.339538236476059740e+00
-7.680835047260874404e-01 4.564659372303479790e-02 1.485226364792687548e+00
-2.792044113296848096e+00 -1.617707503306503369e+00 7.790494036427553226e+00
-2.543571987759811748e-01 -1.366205205572185832e+00 3.448480024830217872e+00
-2.032612787561536016e-01 -1.183129104895314754e+00 2.545381125176149339e+00
-6.814325318356821981e-01 4.459122465623720222e-02 1.253797046886219846e+00
-2.140070705203983792e+00 -2.118194633518863057e+00 5.942539177375536497e+00
-2.269762073397938451e+00 2.964004843940414857e-01 4.647139636543194285e+00
-3.679648778642121143e-01 -1.034915326860941676e+00 -1.001589457781050935e-01
-5.340177180287355441e-01 9.226106225449010045e-02 9.261503434012680058e-01
-2.721787886668074918e+00 -1.885322626719200034e+00 7.717309017376898339e+00
-3.657623412700842791e-01 -7.584989547967815327e-01 1.024741933164888957e-01
-2.012469976860430165e+00 -2.485190537318787918e+00 6.182247923063023620e+00
-1.662743343907246318e+00 -2.419486226141488672e+00 5.912716654921560178e+00
-3.673239887094315037e-01 -9.795481451175014342e-01 -1.497914742167409941e-01
-3.399223327782596726e-01 -9.303324709020444061e-01 -1.681843484275802048e-01
-1.882942266520203134e+00 2.424006882281961039e-01 3.690686570946425604e+00
-1.792424320838328811e+00 2.348683136804829985e-01 3.466889500348564468e+00
-1.593390949853663030e-01 -4.785165385843530017e-01 -2.001167574524415904e-01
-2.553945501287756770e+00 -8.613856720550927548e-01 6.800476264330860943e+00
-2.933910340104456949e-01 -6.116085987635493382e-01 -1.417401504201336038e-01
-7.772273667205791270e-01 3.313765706723609955e-02 1.468133726208748158e+00
-7.157607541584205535e-01 5.893966206056679841e-02 1.303554003175001696e+00
-1.032624187671325799e+00 -1.375216894659999411e+00 3.408874633975031543e+00
-1.343918778733348418e+00 -1.875367979348524727e+00 4.310315189330786723e+00
-3.098514340485785112e-01 -7.284001849203995960e-01 -1.574014302646347119e-01
-2.560088001179394723e-01 -4.815111819413964156e-01 -2.423876267403740903e-01
-1.462925543330751310e+00 -2.109903200390101929e+00 4.479215483093121009e+00
-3.880894436744437015e-01 -1.130825693054786640e+00 -2.700105718307090064e-02
-5.840766714758895972e-01 7.605133950875489490e-02 1.040174990483052397e+00
-1.667576318192784290e+00 2.034488717640385025e-01 3.163642832642686198e+00
-2.224935663485261728e+00 -2.350054334556160640e+00 6.585972102963097541e+00
-8.497612118136466108e-01 -1.325298339372743106e+00 3.081540883479668480e+00
-2.089325146574995795e+00 3.034870235579312236e-01 4.172569791551040908e+00
-1.374221695168706958e-01 -4.520898197999194124e-01 -1.636777231835893076e-01
-1.474868972606966089e-01 -4.477009306589820881e-01 -1.812605858831659034e-01
-2.112452460524183451e+00 -2.423810017091833302e+00 6.359523058560654363e+00
-6.092583461511775766e-01 -1.641453753323871112e+00 1.232868410643895629e+00
-8.912800795553916799e-01 -3.897619744819199976e-03 1.782938834595064748e+00
-2.700011081756073850e+00 -1.085073443817814010e+00 7.685561478636856236e+00
-2.390884509750428044e-01 -4.088408124480462091e-01 -2.450081821431736862e-01
-1.116526683425826505e+00 -7.769446023050999642e-03 2.222747676779007975e+00
-2.623446155859546991e+00 -7.221327062254410123e-01 6.962218683868172775e+00
-1.329669417197974823e+00 8.100966905529459472e-02 2.533268735304957886e+00
-5.431385477787014082e-01 9.323962352308250157e-02 9.035915478615875740e-01
-8.179773375750230002e-01 8.269226765789379485e-02 1.608060541737572180e+00
-5.914136884762051238e-01 1.257866838124606090e-01 9.962464390089635913e-01
-1.845878930622557590e+00 -2.212496563709944297e+00 5.336759925222310130e+00
-6.434390029690177926e-01 1.381087338368089945e-01 1.074620625721507849e+00
-2.084408860349674930e-01 -4.602772103484510935e-01 -2.347651600169982089e-01
-7.943809975770843579e-01 -1.862065714947264805e+00 2.203783065484806514e+00
-2.797854622915436185e+00 -1.256912429921614560e+00 7.847474682477042052e+00
-7.250502410712957868e-01 1.066236942080499989e-01 1.319133505838927078e+00
-2.802942777744902969e+00 -1.397329003316212237e+00 7.774130140372668585e+00
-2.762498211367010015e+00 -9.018125072093710060e-01 7.287425619791960685e+00
-1.730093335841189073e-01 -4.668392268773278175e-01 -1.965334595082167957e-01
-1.420242951959203026e-01 -4.702931741017000178e-01 -1.989859323660496115e-01
-1.615398378536400947e-01 -4.693697366655324998e-01 -2.052351211029233014e-01
-2.528296267633791117e-01 -4.710645138237801177e-01 -1.918129238161156991e-01
-2.363267730674624978e-01 -4.086859097883159819e-01 -2.503785212242704006e-01
-1.980921749831718870e+00 -2.314299841428946181e+00 5.988252298226726111e+00
-2.433877295332191437e+00 -1.645317906845498612e+00 6.771321681534040238e+00
-5.936803198647435664e-01 8.801269017805779526e-02 9.880780833575002475e-01
-2.989019534181397986e-01 -6.645458104847232761e-01 -1.749535798095677996e-01
-2.716109163807949756e+00 -7.635750128170979423e-01 7.158325575832286347e+00
-1.283334204720232075e+00 -2.070045634076715046e+00 4.047307692615611074e+00
-2.665377495880425940e+00 -1.837998571576923590e+00 7.608362467912130001e+00
-2.688001424988524235e-01 -5.587068012610529877e-01 -2.382121297843723950e-01
-2.997750914273407119e-01 -5.917805724051863336e-01 -2.068032186890035873e-01
-5.482855262652748252e-01 -1.406382430266283512e+00 3.370502821824985062e+00
-2.174743787152929875e-01 -4.440595632349602084e-01 -2.431130836268735051e-01
-1.854703486311101990e-01 -4.629897795653334924e-01 -2.359637184977572133e-01
-1.691491637380758917e+00 -2.395116987008886866e+00 5.790271102358616417e+00
-1.618574335791123531e+00 1.569188708005881949e-01 3.081619866775135108e+00
-1.487815557558906931e-01 -4.528830285228195862e-01 -1.990235781939588000e-01
-1.008738008071709658e+00 5.496835066118400080e-03 2.036042811486260984e+00
-1.264767264846592965e-01 -4.459981359664161871e-01 -1.691828310340993957e-01
-3.688982083760147801e-01 -8.912029118884952084e-01 3.637379386038404050e-01
-3.646124604612293041e-01 -7.646072913023207462e-01 8.697813141493070110e-02
-1.133604149186238308e+00 1.655037043616749970e-02 2.199671209965160301e+00
-1.066187212885306934e+00 -1.468611440787686462e+00 3.728663369936108030e+00
-7.422057170891775968e-01 7.092616425257239343e-02 1.325980327736118625e+00
-4.335681975751359829e-01 -1.329408385615685972e+00 2.016114243773471926e-01
-1.510835907517723120e+00 -2.307929066946856622e+00 5.376546971834294197e+00
-1.342921352583628325e+00 4.316027381230819887e-02 2.583503417385088596e+00
-3.123732862611348082e-01 -7.960140295038904412e-01 -1.890265349064391975e-01
-2.763676276930935760e+00 -1.445646928851704871e+00 7.565161605728327743e+00
-2.837706541029803020e-01 -6.727110535657292445e-01 -2.201737656258443976e-01
-2.441585560262245380e+00 -2.095391027886970292e+00 7.209865002578254689e+00
-1.375223095933540307e+00 -2.375485117922455203e+00 5.629281267617429307e+00
-1.382628654391631073e-01 -4.494604482064588069e-01 -2.056942566292860874e-01
-1.291795072345696127e-01 -4.288588308074742783e-01 -1.720686595216278092e-01
-2.770630741022635846e+00 -9.893755874861227539e-01 7.535855704248938025e+00
-8.988576277874535947e-01 8.098664186095300144e-02 1.739879552224387282e+00
-2.620610731190337717e+00 -8.307279658083324136e-01 7.276309586991892786e+00
-1.334818837813198877e+00 -2.394999731235589735e+00 5.823512788804144691e+00
-2.120766618957058980e-01 -1.311689162636259676e+00 3.230365920900112542e+00
-9.272905792722347940e-01 -1.918516209872846323e+00 3.067280815141486983e+00
-4.992175847266916988e-01 1.079007121549969972e-01 8.127090752566203946e-01
-2.279468382591369746e+00 -2.072942849421540501e+00 6.675735217321211223e+00
-9.165973507741753679e-01 2.614414490058079854e-02 1.807913765530472006e+00
-2.817176619609877974e-01 -5.891155296892431892e-01 -2.652994968177324053e-01
-3.602821689944163963e-01 -9.335282144077190480e-01 6.699640366338215358e-01
-3.026781888374773799e-01 -8.268673210987280697e-01 -1.652862818246915999e-01
-3.874726928015093108e-01 -1.197881053666058904e+00 9.755401329911700392e-02
-9.009375501399715658e-01 -1.277289444002260410e+00 3.476108639872109052e+00
-1.552468299692753684e+00 -2.442805403405039044e+00 5.957536713717033194e+00
-9.837740004119801540e-01 -1.387830968986888180e+00 3.716242130022834544e+00
-2.351048586645808902e-01 -4.729361115766116952e-01 -2.523520148199480118e-01
-6.626793394459191688e-01 -1.336002379757891489e+00 3.311508050826382998e+00
-8.369711304293652177e-01 -1.301477499702260232e+00 3.406552862425705097e+00
-2.434933257932984318e+00 -1.881214947150361638e+00 7.090988510918280419e+00
-4.938166978302120924e-01 1.068349986315765970e-01 8.161917085311571896e-01
-3.104668126443339005e-01 -1.025078162328236786e+00 1.430693061959857681e+00
-6.103990799108593990e-01 -1.571265487307908160e+00 1.633602654147729538e+00
-6.058970514896078186e-01 -1.537033495266960870e+00 2.089377533438408818e+00
-7.532941863839024421e-01 1.139039260894526978e-01 1.344262990145615788e+00
-6.036125470498312495e-01 1.274316930052812047e-01 9.131423848287879563e-01
-8.933988192690787145e-01 5.044807452347650073e-02 1.719927116113879606e+00
-6.871463662092924807e-01 1.119429995859206051e-01 1.074497625377844878e+00
-1.337288684092001523e+00 -2.269930748755704997e+00 5.204020840478570165e+00
-1.387417399612740354e+00 9.165839296910860412e-02 2.646083872651075808e+00
-1.105610312637482551e+00 8.664774570567239376e-02 1.961134531090173994e+00
-1.000813536005864313e+00 5.341060365716639863e-02 1.864806117462613599e+00
-4.764687772077511041e-01 -1.323891984141260636e+00 5.364036421899527340e-01
-5.333458669589443701e-01 -1.440284813985904577e+00 9.905323889995756304e-01
-5.160407702135092478e-01 1.494065232563137058e-01 7.952239946310939445e-01
-3.743120622048010104e-01 -8.764886996694780663e-01 3.694014039247903725e-01
-6.366005335433690959e-01 1.638415530691403887e-01 9.897151120028482296e-01
-7.130814681776289632e-01 1.602044662134892994e-01 1.083181412698763779e+00
-1.195393179949650053e-01 -4.256176556576249936e-01 -1.729417537779908975e-01
-2.900109885223933759e-01 -1.375038414575664447e+00 3.545987358879457929e+00
-1.228386239454724915e+00 -2.022376344125150993e+00 4.403769070459183865e+00
-9.919226976404668106e-01 -1.859862895015865103e+00 3.868809653252987868e+00
-2.329261410539781862e-01 -5.229768338669806838e-01 -2.778051203191508889e-01
-2.716779891987666673e+00 -9.431348807083156371e-01 7.734777406339333083e+00
-3.538603309061869040e-01 -1.009006551790923689e+00 -7.249290468254790398e-02
-2.729464951322155386e+00 -8.166002530728615483e-01 7.560910763488131181e+00
-2.691809659787889331e+00 -7.427072289813096972e-01 7.476972646412107792e+00
-7.538982953295079170e-01 1.008363904106275022e-01 1.316643969358366917e+00
-1.148184161600189768e+00 -2.236289402708738550e+00 5.514078961412138824e+00
-1.070584683039591090e+00 -2.047311417817923029e+00 5.165658805959913558e+00
-1.356839029616338621e+00 7.608932996201289711e-02 2.596506279680269813e+00
-3.980950109959059957e-01 -1.250100023469281396e+00 2.078649161071979001e-01
-3.663969700396556006e-01 -7.674047633951204261e-01 8.833518438461850086e-02
-2.205686761116200933e-01 -4.460279363870238156e-01 -2.682537901651755874e-01
-3.029520807935419113e-01 -6.694759637230962568e-01 -1.842654760047892082e-01
-4.769649000742841038e-01 -1.469059169510241958e+00 3.527568629274526302e+00
-2.740489694457544090e-01 -6.321602171788711644e-01 -2.403722248496364955e-01
-1.231989380497767073e+00 -1.879711325311575587e+00 4.552650941518791683e+00
-2.540260551714723092e-01 -6.143601117077146512e-01 -3.135422633392934144e-01
-3.498226752825441821e-01 -7.390925294959291847e-01 -5.122216246103759862e-02
-3.457467403479164147e-01 -1.009100085631656318e+00 2.135719552924699848e-03
-3.121321957044588813e-01 -9.678731582883486340e-01 1.594728424176871107e+00
-1.226137297471980858e+00 7.798094020030170437e-02 2.293008977272542381e+00
-4.515180260504684795e-01 1.078243433051858935e-01 7.355084242253440152e-01
-1.241146904015922203e+00 4.028163970465210159e-02 2.384864499984026054e+00
-2.834077678401011879e-01 -7.279147897388611455e-01 -2.253863119078473864e-01
-2.682934405782492759e-01 -6.575129726827331211e-01 -2.612524074032762100e-01
-5.243505098946670273e-01 1.422708598877555075e-01 8.170211049954474447e-01
-3.669198644089277095e-01 -7.692559403259178197e-01 2.612434090553249905e-02
-8.001573054593364986e-01 -1.762511184663452468e+00 3.129779310063874220e+00
-2.365699328151328884e-01 -5.149231951373653970e-01 -2.928748104397058127e-01
-1.195185870589106969e+00 -2.433280988548219170e+00 5.843713117868716722e+00
-1.089433497897175585e+00 9.331325910221009712e-02 1.927819284819697998e+00
-4.206986495243096869e-01 1.006978167933496038e-01 6.749934851018579707e-01
-4.369026271393430250e-01 1.115030478313236983e-01 6.913033126174070730e-01
-3.620373278894354896e-01 -1.116447626460860931e+00 8.083604275038419607e-02
-9.766745895215968032e-01 -2.070885061927816295e+00 4.699250222901518725e+00
-6.264481114662565631e-01 -1.373709964594851840e+00 3.320288503739199815e+00
-1.944695047210966976e-01 -1.283344696176559552e+00 3.370806794131780748e+00
-3.479573463540592826e-01 -8.515542462518475020e-01 1.044327239336766411e+00
-4.299186108599872824e-01 -1.235686256564417107e+00 3.802098914831688048e-01
-2.214313170271733078e-01 -4.479561365826487118e-01 -2.545303488476803877e-01
-7.120969006012298763e-01 1.891391070850403089e-01 9.876063865012979504e-01
-4.903432865207744129e-01 -1.326034032907806193e+00 1.853711520977796789e+00
-2.892249945690466006e-01 -7.147671489491358443e-01 -1.552733826523819971e-01
-9.684958944238636347e-01 -1.659942113102090389e+00 4.354899979446344105e+00
-5.458393462761375048e-01 1.847706379785094000e-01 7.938761129093592217e-01
-6.802639145586599767e-01 1.399422423018953920e-01 9.721010310953062117e-01
-3.819330100048698995e-01 -8.517770766085401846e-01 3.337189245713929053e-01
-8.853950577528149068e-01 -2.246965238552245836e+00 5.324500029798350909e+00
-1.135184250637919945e+00 5.587967873875140240e-02 2.116249267440686310e+00
-9.090162686615386178e-01 -2.450703607827094288e+00 5.803947635156390561e+00
-2.352574004722960133e-01 -5.644371087090593875e-01 -3.184272788827512968e-01
-2.282414147686520067e-01 -5.806415560282527366e-01 -3.347980713689295840e-01
-3.911718852663295110e-01 1.707204607132445928e-01 5.101261276642858888e-01
-8.026795116849481104e-01 -1.340319126658899407e+00 3.705436699811016865e+00
-7.344619425649288047e-01 -1.290492212115610826e+00 3.470734858594425987e+00
-4.315283679006859940e-01 -1.175006808103063127e+00 4.920396435182822770e-01
-9.179973336670670392e-01 -1.696083060742880733e+00 4.488338809088467940e+00
-7.276764215631601473e-01 -2.053237158295219800e+00 4.836551011672831635e+00
-7.351879743560321145e-01 1.779359638082559925e-01 1.018326368453735142e+00
-2.038230812693946070e-01 -4.669670221667310273e-01 -2.361687730769261861e-01
-2.166425269676466037e-01 -1.203664347692683378e+00 3.165791397956432718e+00
-2.083268122306431991e-01 -5.548271868660528128e-01 -2.832423336344547238e-01
-4.108838952435113767e-01 1.395981014120089014e-01 6.108813358493989654e-01
-4.399777315796348787e-01 1.671665637184495956e-01 6.422622918027869332e-01
-3.451861925759924787e-01 -8.384287327812369739e-01 5.093724226373549935e-02
-7.413936943972956328e-01 -1.875314841653210385e+00 4.181526264624395139e+00
-8.139194166128209673e-01 -1.430210331324607509e+00 3.928810938186529711e+00
-8.743224674753200532e-01 -1.421526175571502293e+00 3.894592919675481824e+00
-2.887793392189763053e-01 -7.718497380226096993e-01 1.922264676125700136e-02
-6.175819701486666702e-01 -1.612985537429244332e+00 3.079660799375517399e+00
-5.233633835077302621e-01 1.596595616295174991e-01 8.125225209982716024e-01
-6.608222864450414846e-01 1.922379801380209030e-01 9.279226037313820230e-01
-5.259855594996007966e-01 -1.469095303827295140e+00 2.801094377400914937e+00
-2.903624086004388261e-01 -8.157089456486286139e-01 -4.369236114919770181e-02
-4.795951648818537194e-01 -1.277850229248191027e+00 1.080783519174829621e+00
-4.322363772740924759e-01 -1.119356365378145091e+00 1.467261987317570293e+00
-3.448210791621946214e-01 -1.046689819083264084e+00 1.026153258903264032e-01
-3.674510816216773890e-01 -8.468813321463048993e-01 1.170709172636307693e+00
-3.436502479974112845e-01 -1.163176182476796328e+00 2.393436174448949905e-01
-3.282707594606915080e-01 -9.120838784117459852e-01 -7.223896545326600332e-03
-1.969901692535120930e-01 -5.057913345049751541e-01 -1.813145894360345955e-01
-6.047497722408081700e-01 -1.757689678172587699e+00 4.010666328603406328e+00
-1.927797508918391023e-01 -4.894967794595395105e-01 -1.317998032079258919e-01
-4.632665224607244170e-01 1.623393486980936884e-01 7.052921640166900374e-01
-7.465924514342763274e-01 -2.204500539428396522e+00 5.574509331300788517e+00
-5.800134203507916197e-01 2.000512174354582007e-01 8.308642070787684020e-01
-5.784973210323922643e-01 1.787129958886594927e-01 8.857911951966386255e-01
-6.743083283502926406e-01 1.720884413115796874e-01 9.853261111866588040e-01
-7.260425614786552018e-01 2.008547620326517069e-01 1.017843592169995759e+00
-4.135737680963539886e-01 1.810883055095793004e-01 5.318192228317002446e-01
-4.199195410342503876e-01 -1.076876456103143198e+00 6.663640439692244399e-01
-2.082472774485281952e-01 -5.065217782762410081e-01 -2.271548461528992979e-01
-4.042877264191790943e-01 -1.220178335131031133e+00 2.714184358292058619e+00
-3.359810168452899148e-01 -8.943926503996610933e-01 1.076185147981476020e-01
-4.190789458630472808e-01 -1.100452682947285155e+00 2.028083671500127139e+00
-3.205483502148194219e-01 -1.113314333208099915e+00 2.822426169710752220e-01
-9.644410883937748480e-01 -2.149449197595600936e+00 5.464840024545516428e+00
-4.275871591995005772e-01 -1.075897688879569492e+00 1.263352441560101624e+00
-1.995297210363292939e-01 -5.318043188348067218e-01 -1.835563743298037898e-01
-9.222793158618127762e-01 -2.296393879317959019e+00 5.626959471412774860e+00
-3.679027301045785237e-01 -7.981781998031358683e-01 1.709764312589570068e-01
-3.839603047907206856e-01 -8.557964455481368304e-01 4.156111455196195847e-01
-3.329154599959984751e-01 -8.660748223166070403e-01 6.601891654584329805e-02
-6.848405126675061183e-01 2.123755231076955019e-01 9.500038961222614375e-01
-3.445043556802075968e-01 -9.709092938581099785e-01 1.983757493920691894e+00
-3.276374563542158724e-01 -1.084673714411543699e+00 3.545973141136755102e-01
-2.680107995929095210e-01 -1.325319341094177261e+00 3.598018601039080000e+00
-3.459585493535897172e-01 -8.062556417182022983e-01 2.164512871701305130e-01
-4.789456747199788977e-01 2.014639622154311971e-01 6.753958479300337103e-01
-2.606898593026087951e-01 -1.129891598513695916e+00 3.142892848111422666e+00
-6.411192118211257451e-01 -2.141124273572688086e+00 5.465629712446087751e+00
-4.692058099243379132e-01 -1.568501503198937996e+00 3.822291377718948002e+00
-4.480109689029934117e-01 -1.699520851434362712e+00 4.398638425811640218e+00
-3.903093450189309976e-01 1.782201641008284987e-01 5.158465402222134344e-01
-3.662857430953465054e-01 -1.417512862523565786e+00 3.618587666788378954e+00
-7.040094470082003397e-01 -1.548982601513547053e+00 4.306315531332394642e+00
-3.360495273759642743e-01 -9.154764135570854222e-01 2.707740450000457044e-01
-9.597235294061904343e-01 -2.026082926975485421e+00 5.257079596909008501e+00
-5.285182233456584555e-01 2.170704861297031996e-01 7.537965975623350801e-01
-5.105443482731466531e-01 1.881936646456202900e-01 7.831731891165318871e-01
-4.302773280534211153e-01 -1.179102497415446038e+00 2.939763669356210585e+00
-3.183188416008206900e-01 -1.041160460310052827e+00 2.652605034212029977e-01
-6.286881469759961760e-01 -1.262953232213495980e+00 3.416508793207221117e+00
-3.627046229520213827e-01 -8.038050036810879817e-01 2.133533788338012882e-01
-4.678453537354538838e-01 2.003915333716470015e-01 6.270647648759108961e-01
-3.752051856624464832e-01 -1.007676529924305120e+00 5.020707827440347160e-01
-5.908194843078593550e-01 1.961373197497592868e-01 8.933294005648093616e-01
-5.471182588479059916e-01 -1.205319624505648335e+00 3.135955223152450344e+00
-4.485944593758048882e-01 -1.336495168116371701e+00 3.327048433878303513e+00
-3.927580623750088762e-01 -8.954592656108992799e-01 7.453246639194048839e-01
-3.831348098710591898e-01 -8.850198924458929639e-01 6.807680670914635357e-01
-3.088545369644516980e-01 -1.164467586559309709e+00 3.437312604121324000e+00
-3.954150164201841733e-01 -1.364563933738843104e+00 3.494797205796530193e+00
-6.599983008433198961e-01 -1.335857932428591965e+00 3.671383435669291373e+00
-3.458698025679005084e-01 -8.060863970111888932e-01 2.384064836335041959e-01
-4.491225305763090758e-01 -1.161453675870994573e+00 2.900834545002354048e+00
-4.260794772684644016e-01 2.023938525456862869e-01 5.597985834892256207e-01
-2.808724246282724990e-01 -1.288183134461981183e+00 3.664308461983090126e+00
-3.946571028942003068e-01 -1.153870808016632887e+00 2.537605057569464861e+00
-6.669620643673503935e-01 -1.414757567222595824e+00 3.904441752119069520e+00
-6.143431009796813669e-01 2.111871225359606974e-01 8.944827466789959658e-01
-5.699015759358410094e-01 2.154247059729428038e-01 8.375539533410574222e-01
-6.931177205731682278e-01 2.122154210294837084e-01 9.941213590237155673e-01
-3.450049015442999134e-01 -1.234399007555252226e+00 3.389066800895939480e+00
-3.532642197157525032e-01 1.699932062730837024e-01 4.420974413900680133e-01
-4.063554101835080146e-01 -9.863317357622599646e-01 8.466217102289874674e-01
-4.198827439368563730e-01 -9.949684765978705769e-01 1.403638202312272876e+00
-3.108885364354296854e-01 -9.908280900131938296e-01 3.782822072235560995e-01
-3.111510757033161823e-01 -1.073146003098242929e+00 2.721807056787334034e+00
-4.060608835670596051e-01 -1.007459916820840462e+00 1.971914199581114469e+00
-3.556359115944314198e-01 -1.405750790005576789e+00 3.719917639653388619e+00
-3.603635288542736959e-01 -1.025504829136814067e+00 2.263365549151046707e+00
-4.693923710330700771e-01 2.143014905950834936e-01 6.280224783999344140e-01
-3.599920611754061084e-01 -1.143112794344474992e+00 2.814457274938682474e+00
-4.001803736084532104e-01 -9.058112794296739878e-01 1.616892373112698067e+00
-2.849858040879488796e-01 -1.145217084634692739e+00 3.462498795293882381e+00
-3.483872311184477155e-01 -8.657639096339693197e-01 6.652568951769382011e-01
-3.435425501272958981e-01 1.769558067055037043e-01 4.586262401711920234e-01
-4.150479679508958242e-01 -9.387514644405819952e-01 1.328504420295075761e+00
-3.935537764602691779e-01 -9.074088683774164110e-01 8.748294246965997445e-01
-3.042384452102560033e-01 -1.008651146840232826e+00 3.769466037865711883e-01
-4.939884849851861048e-01 -1.747993234532605911e+00 4.652436922145994913e+00
-3.431452853306264927e-01 -1.406472995883198962e+00 3.923927658838685772e+00
-7.630168340022134288e-01 -1.903728144789700760e+00 5.230455271276099438e+00
-3.537998957747259254e-01 1.994964130636630861e-01 5.037449048094941872e-01
-5.275937166257129718e-01 2.073066893200490035e-01 7.774392984621201208e-01
-3.593514416193208105e-01 -8.320922012946958546e-01 3.163143479450595819e-01
-7.792493993026905486e-01 -1.813569907684257521e+00 5.055056859794049728e+00
-3.013765959948848105e-01 -1.237235431559836840e+00 3.658742556764714493e+00
-3.788263546332881759e-01 -1.417962720151935585e+00 3.712914581068538222e+00
-4.119833937546015790e-01 1.919988817926777946e-01 4.999922018287747960e-01
-3.531105561487635214e-01 1.841380111330011005e-01 4.312011058291673748e-01
-3.545090716129131181e-01 -1.398648602510538907e+00 3.873808962279703838e+00
-3.312144802961842771e-01 1.843706995709090968e-01 4.482040303758054733e-01
-3.982964232493841905e-01 -9.395126300633728222e-01 9.244902466416959896e-01
-3.386261060680357815e-01 1.933843451120189072e-01 4.867870312922590870e-01
-4.838939570242501986e-01 -1.587337692210043505e+00 4.322666017932348836e+00
-5.840155682196979114e-01 -1.656877184726772478e+00 4.583039175636017148e+00
-4.266082270345386007e-01 2.118558531434721892e-01 5.393559020679461469e-01
-3.846953960115016002e-01 -9.051520866388748088e-01 8.312301536130419777e-01
-5.698395193035050710e-01 -1.276286727205171445e+00 3.468758004298990727e+00
-5.004480358164080656e-01 -1.185583488387550233e+00 3.105903110303231074e+00
-3.447541908113275766e-01 -9.318498429079512535e-01 4.841600980908040142e-01
-3.478140655806036818e-01 -8.274129322062950820e-01 4.127981735297723276e-01
-4.477303388863234090e-01 2.196610252757018045e-01 5.869627913147752452e-01
-3.765849643027915916e-01 -1.315777330641109799e+00 3.542646626966742929e+00
-5.216901411020185009e-01 2.177921872141972137e-01 7.330877472851753396e-01
-3.733720829730948765e-01 -1.196004949705523401e+00 3.061629087782392844e+00
-5.414701855006764930e-01 -1.334321632217532638e+00 3.837132360778227280e+00
-4.410228650450385146e-01 -1.501935753147511932e+00 4.021584993212123038e+00
-5.143406998026680554e-01 -1.591495405364985904e+00 4.330794120547544424e+00
-4.741037021614040725e-01 2.136949987422696040e-01 6.112362748339634777e-01
-3.274590960718963828e-01 -8.034124328676028881e-01 6.075195187614212955e-01
-3.424771305721189818e-01 2.046117369114525963e-01 5.212066547784175441e-01
-3.886466625164075039e-01 -1.087578944760890565e+00 2.726263867040159994e+00
-6.069925707303980289e-01 -1.570424694641271657e+00 4.579368246179797097e+00
-4.823950681732930845e-01 2.227907933824687936e-01 6.275830695590158825e-01
-3.727688347436313165e-01 2.186571198536206018e-01 5.663177306267073163e-01
-3.998831914623401929e-01 2.276492372704765899e-01 5.782367139929860400e-01
-4.019344260198334240e-01 -1.306954306594567683e+00 3.658851900316796968e+00
-3.732082996124290730e-01 2.048267172194329078e-01 5.040537698140212797e-01
-3.519935611374425122e-01 2.157953610574842862e-01 5.715698175818602067e-01
-4.721576045093466845e-01 -1.397860604544549190e+00 3.998392792416324948e+00
-2.777131209270429224e-01 -1.021981822287415298e+00 2.612980910948927704e+00
-5.651413317361893007e-01 -1.438576669902699834e+00 4.212921119976407169e+00
-4.990128638371817971e-01 -1.326058426921692401e+00 3.899757231178270445e+00
-5.190062185706683096e-01 -1.325452508973043564e+00 3.895158824593827784e+00
-3.641687714244277174e-01 2.124753531997106981e-01 5.435912159739828553e-01
-4.774865483205967820e-01 2.254640392912533875e-01 6.149998841239678882e-01
-4.426466816301015128e-01 -1.242144129470643676e+00 3.445123643393159796e+00
-3.728949647894096997e-01 -1.246120818462257418e+00 3.331168426790526382e+00
-3.865264947630108749e-01 -1.112654282191956057e+00 2.920228007223300892e+00
-5.093591559320973516e-01 -1.407317912910523106e+00 4.051979205606414780e+00
-3.946531702961716959e-01 2.230548199157844080e-01 5.707940280028296343e-01
-4.609000340037567867e-01 2.334979602770310136e-01 6.190716598864085540e-01
-3.944583318551426743e-01 2.162217870226363914e-01 5.468586780686948146e-01
-3.071348478215796263e-01 -1.103438031502589567e+00 2.897868762257182595e+00
-5.039035702180321152e-01 2.331487001740057963e-01 6.462734906448801553e-01
-2.657366125264423729e-01 -1.011505476550265570e+00 2.635788777102447966e+00
-5.184992908750629681e-01 -1.336796618885163213e+00 3.919237269078137409e+00
-3.819886314598743837e-01 -1.236410656243412731e+00 3.457703333436761284e+00
-4.508433152178312753e-01 2.354366653343865912e-01 6.011475821308067680e-01
-2.883309738688275004e-01 -1.102427700429151614e+00 3.046816676109820321e+00
-3.930085178872246843e-01 -1.262700019940472984e+00 3.496680587864439804e+00
-4.435023860064895018e-01 -1.293984147342284174e+00 3.741298284763729498e+00
-4.014655164290008016e-01 2.160199110104449871e-01 5.402111223025372055e-01
-4.832507062508106799e-01 2.307430301053088051e-01 5.992602234967279173e-01
-4.931678711057649878e-01 2.280831380980750112e-01 6.202013046403820340e-01
-3.002354797180277757e-01 -1.118146359150099300e+00 3.101101230833272382e+00
-2.510989927424098767e-01 -1.044835920156064191e+00 2.792810512128554024e+00
-3.234963673530675266e-01 -1.229362771199832949e+00 3.576174027413628664e+00
-3.839751769463362052e-01 -1.207213403584761702e+00 3.556682716016233314e+00
-3.543494503662464878e-01 -1.178143473785587148e+00 3.356060296961715039e+00
-4.390338326157365856e-01 2.242186995853251985e-01 5.744226165622663416e-01
-3.012661357284613928e-01 -1.168614001238220013e+00 3.570521796592863950e+00
-3.217183524146722817e-01 -1.207070479484604775e+00 3.333090111065515782e+00
-2.075912491388791081e-01 -1.021832455604398504e+00 2.862625519592192802e+00
-2.350408092776720970e-01 -1.103523762777727901e+00 3.010346822184920779e+00
-2.472637208012304910e-01 -1.082913675217000105e+00 3.198989361589987812e+00
-2.215655248907849872e-01 -1.065455260502771395e+00 3.026340868182700206e+00
-2.953831256867474053e-01 -1.198428849255426698e+00 3.470923436609652413e+00
-3.090803898984563758e-01 -1.230427281739018497e+00 3.373455006816228785e+00
-2.557917930147137753e-01 -1.151421394573903356e+00 3.030588654969960771e+00
-2.266966671188440918e-01 -1.085781824747320101e+00 3.099143614541588931e+00
-2.333271196288126959e-01 -1.095964094770742747e+00 2.972576311495672030e+00
-2.848245954199696839e-01 -1.186999308552694643e+00 2.984012123438872788e+00
-2.995402084854656977e-01 -1.185757563201644160e+00 3.024775416415344864e+00
-2.011604924306809039e-01 -1.058470073748235762e+00 2.803144719662817863e+00
-2.277435995236415933e-01 -1.090052017269970364e+00 2.720384550391429013e+00
-1.920981942887305116e-01 -1.033010843563221925e+00 2.811922244478338939e+00
-2.700894922784122798e-01 -1.130167891806948433e+00 2.973299853558863504e+00
-2.593360801325204079e-01 -1.106277756939734402e+00 2.780540424574446945e+00
-1.578309359727914085e-01 -9.563426140375206330e-01 2.453817223414716864e+00
-1.590411582928012990e-01 -9.705473553768672046e-01 2.591270791588058842e+00
-2.626862467994647843e-01 -1.090994816872512985e+00 2.829328238220120806e+00
-2.097471579227593863e-01 -9.981861600768837661e-01 2.548526436221756342e+00
-1.996740573834684951e-01 -1.029060946480752747e+00 2.773913480994636416e+00
-2.052295895561027095e-01 -1.009098587464144714e+00 2.705751453593478573e+00
-1.733842889931853093e-01 -9.861089731356873500e-01 2.662257440421129218e+00
-1.475881231425829887e-01 -9.038292070769351483e-01 2.386516669860903050e+00
-2.026283101255685892e-01 -9.691506676347003690e-01 2.574679417310150598e+00
-1.627661788193126013e-01 -9.289957832937592030e-01 2.516190672755470814e+00
