6.043715667724609375e+01 7.145413208007812500e+01 2.399162864685058594e+01
6.309953308105468750e+01 7.382482147216796875e+01 2.595737457275390625e+01
6.019263458251953125e+01 7.415800476074218750e+01 2.562212181091308594e+01
6.249021530151367188e+01 7.604991912841796875e+01 2.456838417053222656e+01
6.472769165039062500e+01 7.424820709228515625e+01 2.479272079467773438e+01
6.354541015625000000e+01 7.897358703613281250e+01 2.556385993957519531e+01
6.552021789550781250e+01 7.829704284667968750e+01 2.531878280639648438e+01
6.091487884521484375e+01 7.810929870605468750e+01 2.658871841430664062e+01
6.737598419189453125e+01 7.763551330566406250e+01 2.628890419006347656e+01
5.910830688476562500e+01 7.360582733154296875e+01 2.898878288269042969e+01
6.710585021972656250e+01 7.118296051025390625e+01 2.697955322265625000e+01
6.955574035644531250e+01 7.348014831542968750e+01 2.717825317382812500e+01
6.982702636718750000e+01 7.544683074951171875e+01 2.798027038574218750e+01
6.661212158203125000e+01 6.997266387939453125e+01 2.688945579528808594e+01
6.542028808593750000e+01 6.808702087402343750e+01 2.519285964965820312e+01
6.717890167236328125e+01 6.766786193847656250e+01 2.619883918762207031e+01
6.244355010986328125e+01 8.102134704589843750e+01 2.952691459655761719e+01
6.565644073486328125e+01 6.639307403564453125e+01 2.778333282470703125e+01
5.764770889282226562e+01 7.704123687744140625e+01 2.767273139953613281e+01
5.803337097167968750e+01 7.477227020263671875e+01 2.897705459594726562e+01
6.306671142578125000e+01 7.034822845458984375e+01 2.913037300109863281e+01
7.107425689697265625e+01 7.486569213867187500e+01 2.801918601989746094e+01
6.409967041015625000e+01 6.782852172851562500e+01 2.849265480041503906e+01
6.436237335205078125e+01 6.976889038085937500e+01 3.033476257324218750e+01
7.020545959472656250e+01 7.870513916015625000e+01 3.234237670898437500e+01
6.015277862548828125e+01 8.075691986083984375e+01 2.950350761413574219e+01
7.310575103759765625e+01 7.583802032470703125e+01 3.212488174438476562e+01
6.567653656005859375e+01 8.086889648437500000e+01 3.441809844970703125e+01
7.090683746337890625e+01 7.694614410400390625e+01 3.200565338134765625e+01
5.960870361328125000e+01 7.102759552001953125e+01 2.996832847595214844e+01
5.844556045532226562e+01 8.197808837890625000e+01 3.063497734069824219e+01
6.364886474609375000e+01 8.174037170410156250e+01 3.307478332519531250e+01
6.479450988769531250e+01 6.686215209960937500e+01 3.313018035888671875e+01
7.252153015136718750e+01 7.263979339599609375e+01 3.004444122314453125e+01
5.847502136230468750e+01 8.087899780273437500e+01 3.211534881591796875e+01
5.860915756225585938e+01 7.979936981201171875e+01 3.156011199951171875e+01
6.837388610839843750e+01 6.957693481445312500e+01 3.205364990234375000e+01
7.110054779052734375e+01 7.016918182373046875e+01 3.209070587158203125e+01
6.796711730957031250e+01 8.042702484130859375e+01 3.290447998046875000e+01
6.768424987792968750e+01 6.748699951171875000e+01 3.268819808959960938e+01
6.110779953002929688e+01 8.251087951660156250e+01 3.403946685791015625e+01
6.312470626831054688e+01 7.056181335449218750e+01 3.344712829589843750e+01
5.782206344604492188e+01 8.379928588867187500e+01 3.129611206054687500e+01
5.971736907958984375e+01 7.302079010009765625e+01 3.254455947875976562e+01
7.404381561279296875e+01 7.242112731933593750e+01 3.430194091796875000e+01
5.705278778076171875e+01 7.595908355712890625e+01 3.533771514892578125e+01
5.710797119140625000e+01 7.762348937988281250e+01 3.269989776611328125e+01
7.218141174316406250e+01 7.955441284179687500e+01 3.432659912109375000e+01
7.412998199462890625e+01 7.517848968505859375e+01 3.337967681884765625e+01
6.602413177490234375e+01 6.943380737304687500e+01 3.590121459960937500e+01
5.822844696044921875e+01 8.163800048828125000e+01 3.622501373291015625e+01
5.713580703735351562e+01 8.255220031738281250e+01 3.529457092285156250e+01
5.816219711303710938e+01 8.363969421386718750e+01 3.547412872314453125e+01
7.307540130615234375e+01 6.922992706298828125e+01 3.431837844848632812e+01
6.816763305664062500e+01 6.955023193359375000e+01 3.517726135253906250e+01
7.623640441894531250e+01 7.460311889648437500e+01 3.483050537109375000e+01
7.632032775878906250e+01 8.097232055664062500e+01 3.861000823974609375e+01
6.091729736328125000e+01 8.237685394287109375e+01 3.640021133422851562e+01
7.653748321533203125e+01 7.683032226562500000e+01 3.635198593139648438e+01
6.287847137451171875e+01 7.093546295166015625e+01 3.613027191162109375e+01
5.907031631469726562e+01 7.372302246093750000e+01 4.083764266967773438e+01
5.626056671142578125e+01 7.767612457275390625e+01 3.726275253295898438e+01
7.476441955566406250e+01 6.834825134277343750e+01 3.795579528808593750e+01
6.969419860839843750e+01 8.188915252685546875e+01 3.990353393554687500e+01
7.165650177001953125e+01 6.815808105468750000e+01 3.782696914672851562e+01
7.755446624755859375e+01 7.374810028076171875e+01 3.809150695800781250e+01
5.889181900024414062e+01 8.114093780517578125e+01 3.965875625610351562e+01
6.470781707763671875e+01 8.323443603515625000e+01 4.086688995361328125e+01
7.297974395751953125e+01 8.299285888671875000e+01 4.022502899169921875e+01
7.652180480957031250e+01 6.523117065429687500e+01 3.755534362792968750e+01
7.709410095214843750e+01 6.727706909179687500e+01 3.636097335815429688e+01
7.575259399414062500e+01 6.658352661132812500e+01 3.564783096313476562e+01
7.664730834960937500e+01 6.905277252197265625e+01 3.993247985839843750e+01
5.749631118774414062e+01 8.069438934326171875e+01 3.930272293090820312e+01
7.791799926757812500e+01 7.911059570312500000e+01 3.919073486328125000e+01
6.837036895751953125e+01 6.874848937988281250e+01 4.198680877685546875e+01
6.247964477539062500e+01 7.079508972167968750e+01 4.113341903686523438e+01
7.848992919921875000e+01 7.527740478515625000e+01 4.219128036499023438e+01
6.571910095214843750e+01 6.969081878662109375e+01 4.044470214843750000e+01
7.728509521484375000e+01 8.363554382324218750e+01 4.340283203125000000e+01
5.991174697875976562e+01 8.082936859130859375e+01 4.214948272705078125e+01
5.816366958618164062e+01 7.738584136962890625e+01 4.144509887695312500e+01
7.085191345214843750e+01 6.724110412597656250e+01 4.109191513061523438e+01
6.292136764526367188e+01 8.314321136474609375e+01 4.321113204956054688e+01
7.376020050048828125e+01 6.676242828369140625e+01 4.106612014770507812e+01
7.754954528808593750e+01 6.649777221679687500e+01 4.339055252075195312e+01
6.089479827880859375e+01 7.186427307128906250e+01 4.366564178466796875e+01
7.447062683105468750e+01 6.610474395751953125e+01 4.376352310180664062e+01
7.832887268066406250e+01 7.153928375244140625e+01 4.261693954467773438e+01
7.843351745605468750e+01 8.142736053466796875e+01 4.303920745849609375e+01
6.791197967529296875e+01 8.266722106933593750e+01 4.487145614624023438e+01
7.188246154785156250e+01 8.372700500488281250e+01 4.310205841064453125e+01
5.870697784423828125e+01 7.553207397460937500e+01 4.548873138427734375e+01
7.720909118652343750e+01 6.867955017089843750e+01 4.364766693115234375e+01
6.030165100097656250e+01 7.953015899658203125e+01 4.609989166259765625e+01
6.442052459716796875e+01 8.243202972412109375e+01 4.569654464721679688e+01
7.408512878417968750e+01 8.449803161621093750e+01 4.433406448364257812e+01
7.927996826171875000e+01 7.350707244873046875e+01 4.368372344970703125e+01
6.418505859375000000e+01 6.861039733886718750e+01 4.507448577880859375e+01
7.938737487792968750e+01 7.898098754882812500e+01 4.541618728637695312e+01
7.961749267578125000e+01 6.957463073730468750e+01 4.620348739624023438e+01
6.817729949951171875e+01 6.553565216064453125e+01 4.448930358886718750e+01
6.233283233642578125e+01 8.070848846435546875e+01 4.472563171386718750e+01
7.940010833740234375e+01 6.696784973144531250e+01 4.467703247070312500e+01
6.575473022460937500e+01 8.189053344726562500e+01 4.725590515136718750e+01
6.963750457763671875e+01 6.430303955078125000e+01 4.556402206420898438e+01
6.624710845947265625e+01 6.763815307617187500e+01 4.705001831054687500e+01
8.061762237548828125e+01 7.707772064208984375e+01 4.832149505615234375e+01
8.066944885253906250e+01 8.155156707763671875e+01 4.642793655395507812e+01
6.316106414794921875e+01 7.101938629150390625e+01 4.763505172729492188e+01
8.172854614257812500e+01 7.566700744628906250e+01 4.940497970581054688e+01
7.695260620117187500e+01 8.749732208251953125e+01 4.478372573852539062e+01
7.718961334228515625e+01 6.622509765625000000e+01 4.524813461303710938e+01
7.253569030761718750e+01 6.497837066650390625e+01 4.612707519531250000e+01
7.972837829589843750e+01 8.701999664306640625e+01 4.706199264526367188e+01
8.168452453613281250e+01 7.222206878662109375e+01 4.801398468017578125e+01
6.333152389526367188e+01 8.097640228271484375e+01 4.827491760253906250e+01
8.067496490478515625e+01 6.423376464843750000e+01 4.485091018676757812e+01
7.892478942871093750e+01 6.359955978393554688e+01 4.470238876342773438e+01
6.865127563476562500e+01 6.444531250000000000e+01 4.668964385986328125e+01
6.131971740722656250e+01 7.421552276611328125e+01 4.770395278930664062e+01
8.061451721191406250e+01 6.677099609375000000e+01 4.765822601318359375e+01
7.653540039062500000e+01 6.399066162109375000e+01 4.789046859741210938e+01
7.817613983154296875e+01 6.265308380126953125e+01 4.709709930419921875e+01
7.455237579345703125e+01 8.709094238281250000e+01 4.676887512207031250e+01
7.283500671386718750e+01 8.494259643554687500e+01 5.007920455932617188e+01
7.106379699707031250e+01 8.420116424560546875e+01 4.743085098266601562e+01
6.957015991210937500e+01 6.230730819702148438e+01 4.638940429687500000e+01
7.586490631103515625e+01 8.832221984863281250e+01 5.110857391357421875e+01
8.051336669921875000e+01 6.960137176513671875e+01 5.052995300292968750e+01
6.464735412597656250e+01 6.944135284423828125e+01 4.973527908325195312e+01
7.146002960205078125e+01 6.254771423339843750e+01 4.829820251464843750e+01
7.536178588867187500e+01 6.206045532226562500e+01 4.817635345458984375e+01
6.188279342651367188e+01 7.865504455566406250e+01 4.859590530395507812e+01
8.132684326171875000e+01 6.295140075683593750e+01 5.006617736816406250e+01
8.181094360351562500e+01 6.491815185546875000e+01 4.989624023437500000e+01
6.686886596679687500e+01 8.146839904785156250e+01 5.023278045654296875e+01
6.562902069091796875e+01 8.101244354248046875e+01 4.848539352416992188e+01
6.939222717285156250e+01 8.312046813964843750e+01 4.914175415039062500e+01
8.189517974853515625e+01 8.768807220458984375e+01 4.695746994018554688e+01
8.051100921630859375e+01 8.977548217773437500e+01 4.622169494628906250e+01
6.874300384521484375e+01 6.277575683593750000e+01 4.996238327026367188e+01
7.333930969238281250e+01 6.016553497314453125e+01 5.023558807373046875e+01
6.444662475585937500e+01 7.561833190917968750e+01 4.893754959106445312e+01
7.806548309326171875e+01 6.058593750000000000e+01 4.896393966674804688e+01
6.872093963623046875e+01 7.526808929443359375e+01 5.091703033447265625e+01
6.537187957763671875e+01 7.209816741943359375e+01 5.105256652832031250e+01
8.233145904541015625e+01 8.940377807617187500e+01 4.914848327636718750e+01
8.060598754882812500e+01 8.583296966552734375e+01 4.923082733154296875e+01
6.783202362060546875e+01 6.524321746826171875e+01 5.157804870605468750e+01
6.614319610595703125e+01 6.681390380859375000e+01 5.128818130493164062e+01
8.028992462158203125e+01 9.063745117187500000e+01 4.940751647949218750e+01
7.339103698730468750e+01 8.651927185058593750e+01 5.437995910644531250e+01
7.748345947265625000e+01 8.947637939453125000e+01 5.034271621704101562e+01
8.150180053710937500e+01 8.168711853027343750e+01 5.287092590332031250e+01
6.895392608642578125e+01 8.090460205078125000e+01 5.083593750000000000e+01
6.935952758789062500e+01 7.774444580078125000e+01 5.272825241088867188e+01
8.124656677246093750e+01 8.554106903076171875e+01 5.315529251098632812e+01
8.154229736328125000e+01 7.145055389404296875e+01 5.355525207519531250e+01
7.054214477539062500e+01 6.088924407958984375e+01 5.218257904052734375e+01
7.162858581542968750e+01 8.074037933349609375e+01 5.300508499145507812e+01
8.226345825195312500e+01 5.986152267456054688e+01 5.076506423950195312e+01
8.189044952392578125e+01 6.332334518432617188e+01 5.199979782104492188e+01
7.282010650634765625e+01 8.363761901855468750e+01 5.299320983886718750e+01
8.382053375244140625e+01 6.163453674316406250e+01 5.480231857299804688e+01
7.091563415527343750e+01 7.581046295166015625e+01 5.382855224609375000e+01
8.269787597656250000e+01 8.700811767578125000e+01 5.269264984130859375e+01
6.965840148925781250e+01 6.324501037597656250e+01 5.386090469360351562e+01
6.782763671875000000e+01 7.428559112548828125e+01 5.534651565551757812e+01
6.636904144287109375e+01 6.701252746582031250e+01 5.545998001098632812e+01
7.306882476806640625e+01 5.917906951904296875e+01 5.503425598144531250e+01
8.017697143554687500e+01 7.847211456298828125e+01 5.429625701904296875e+01
8.056840515136718750e+01 6.806944274902343750e+01 5.710202026367187500e+01
6.644861602783203125e+01 6.871136474609375000e+01 5.704970932006835938e+01
7.796167755126953125e+01 5.881156158447265625e+01 5.346411132812500000e+01
7.434191131591796875e+01 7.887424468994140625e+01 5.403375625610351562e+01
7.898042297363281250e+01 9.026992034912109375e+01 5.349058151245117188e+01
8.199150848388671875e+01 8.894759368896484375e+01 5.411822128295898438e+01
7.856778717041015625e+01 7.963589477539062500e+01 5.595557403564453125e+01
8.076158142089843750e+01 8.258923339843750000e+01 5.535437393188476562e+01
8.312559509277343750e+01 6.018664169311523438e+01 5.649066925048828125e+01
7.535771942138671875e+01 8.009685516357421875e+01 5.494570922851562500e+01
8.218325805664062500e+01 7.491851806640625000e+01 5.575079345703125000e+01
8.076322937011718750e+01 8.547207641601562500e+01 5.525139236450195312e+01
7.656589508056640625e+01 8.836942291259765625e+01 5.489395141601562500e+01
7.153462982177734375e+01 7.492985534667968750e+01 5.774052429199218750e+01
6.987115478515625000e+01 6.549729919433593750e+01 5.532906341552734375e+01
6.908130645751953125e+01 6.658210754394531250e+01 5.678692245483398438e+01
8.074849700927734375e+01 7.026681518554687500e+01 5.698604583740234375e+01
7.557747650146484375e+01 8.264431762695312500e+01 5.609549713134765625e+01
8.184199523925781250e+01 8.688874053955078125e+01 5.564661026000976562e+01
7.436367797851562500e+01 7.703511810302734375e+01 5.716825866699218750e+01
7.735128021240234375e+01 7.851644897460937500e+01 6.251927947998046875e+01
8.031204986572265625e+01 8.907644653320312500e+01 5.625847625732421875e+01
6.983175659179687500e+01 6.127182006835937500e+01 5.909748077392578125e+01
6.821290588378906250e+01 7.161441802978515625e+01 5.788926315307617188e+01
7.980755615234375000e+01 5.879956817626953125e+01 5.680954742431640625e+01
8.045256805419921875e+01 7.629978942871093750e+01 5.950440979003906250e+01
8.308555603027343750e+01 7.242813873291015625e+01 5.823650741577148438e+01
7.558633422851562500e+01 7.807886505126953125e+01 6.215165328979492188e+01
7.925979614257812500e+01 8.668130493164062500e+01 5.712254333496093750e+01
7.777368164062500000e+01 8.438339233398437500e+01 5.767417144775390625e+01
7.935021972656250000e+01 7.866670227050781250e+01 6.106941223144531250e+01
8.290412139892578125e+01 7.468991851806640625e+01 6.170383834838867188e+01
8.149369812011718750e+01 6.401822662353515625e+01 5.674727249145507812e+01
8.068486785888671875e+01 6.643844604492187500e+01 5.953765106201171875e+01
8.189281463623046875e+01 7.611837768554687500e+01 6.506021118164062500e+01
8.268653869628906250e+01 6.223122787475585938e+01 5.818040466308593750e+01
6.847804260253906250e+01 6.387257766723632812e+01 5.988126373291015625e+01
7.296574401855468750e+01 7.421229553222656250e+01 5.952553176879882812e+01
7.251719665527343750e+01 5.881101989746093750e+01 6.085179901123046875e+01
7.772451019287109375e+01 5.736258697509765625e+01 6.130073547363281250e+01
7.084391784667968750e+01 6.732809448242187500e+01 5.943799972534179688e+01
7.023221588134765625e+01 6.952602386474609375e+01 5.895324707031250000e+01
8.068457031250000000e+01 6.407607269287109375e+01 5.960013580322265625e+01
8.040516662597656250e+01 7.130738067626953125e+01 5.969815826416015625e+01
8.066869354248046875e+01 5.981116485595703125e+01 5.956529998779296875e+01
7.377465057373046875e+01 7.060043334960937500e+01 5.895318984985351562e+01
7.538021850585937500e+01 6.930377960205078125e+01 5.821725463867187500e+01
7.405942535400390625e+01 6.876364898681640625e+01 5.938953018188476562e+01
8.166370391845703125e+01 7.229461669921875000e+01 6.479479980468750000e+01
7.654208374023437500e+01 7.342645263671875000e+01 6.089360046386718750e+01
7.728739929199218750e+01 6.874946594238281250e+01 6.061829376220703125e+01
7.802317810058593750e+01 6.760958099365234375e+01 6.097366714477539062e+01
7.838565063476562500e+01 7.182367706298828125e+01 6.086065673828125000e+01
7.773519134521484375e+01 7.659481811523437500e+01 6.298403167724609375e+01
7.070173645019531250e+01 6.582232666015625000e+01 6.139490509033203125e+01
8.042382049560546875e+01 6.189066314697265625e+01 6.093903350830078125e+01
8.097756958007812500e+01 6.652926635742187500e+01 6.646907043457031250e+01
7.502799224853515625e+01 6.532746124267578125e+01 6.354920196533203125e+01
7.824829864501953125e+01 5.656476974487304688e+01 6.858798217773437500e+01
7.973805236816406250e+01 5.818696594238281250e+01 6.905720520019531250e+01
7.081264495849609375e+01 6.206927490234375000e+01 6.305702590942382812e+01
7.146350860595703125e+01 5.936597061157226562e+01 6.473500823974609375e+01
7.719921112060546875e+01 7.410228729248046875e+01 6.632539367675781250e+01
7.853430938720703125e+01 6.389923858642578125e+01 6.271005249023437500e+01
7.708177947998046875e+01 6.624321746826171875e+01 6.325500488281250000e+01
7.435432434082031250e+01 5.832854080200195312e+01 6.355278015136718750e+01
7.465268707275390625e+01 6.237799072265625000e+01 6.655897521972656250e+01
7.887648773193359375e+01 7.614807891845703125e+01 6.632223510742187500e+01
7.950190734863281250e+01 7.344625854492187500e+01 6.736315155029296875e+01
7.844398498535156250e+01 6.698922729492187500e+01 6.581835174560546875e+01
7.955602264404296875e+01 6.165188217163085938e+01 6.527909851074218750e+01
7.932393646240234375e+01 6.594675445556640625e+01 6.695273590087890625e+01
7.720034790039062500e+01 6.211619186401367188e+01 6.755613708496093750e+01
7.359610748291015625e+01 5.955149078369140625e+01 6.627253723144531250e+01
7.542897796630859375e+01 5.790096664428710938e+01 6.869681549072265625e+01
7.877400207519531250e+01 6.016846084594726562e+01 6.859117889404296875e+01
7.493417358398437500e+01 5.875946807861328125e+01 6.970035552978515625e+01
7.882240295410156250e+01 5.712043762207031250e+01 7.217685699462890625e+01
7.806008911132812500e+01 5.825278472900390625e+01 7.298915100097656250e+01
7.611826324462890625e+01 5.719333267211914062e+01 7.290352630615234375e+01
