9.598302336558528225e+01 2.561363026552938393e+01 2.281108308138554719e+01
9.709389296463136532e+01 2.670501687842466154e+01 2.270821597031390837e+01
9.390566895848503748e+01 2.741023815955302112e+01 2.342345177248081711e+01
9.474667055217234690e+01 2.933872448317949022e+01 2.648710037130070560e+01
9.473194462896427126e+01 2.294067860751490784e+01 2.581969101740513395e+01
9.601810241845963390e+01 2.266983653132047394e+01 2.476592397215924279e+01
9.555513844341346896e+01 1.935961616361869631e+01 2.406710814928445785e+01
9.503569357914616944e+01 2.029006619982565951e+01 2.348971168479709348e+01
9.412589252454431232e+01 1.985306168490940948e+01 2.593608756125481563e+01
9.734638714022784711e+01 2.914754182943090655e+01 2.886670536191397218e+01
9.785297885086096414e+01 2.638147986505920173e+01 2.560820305441262690e+01
9.519708385616976898e+01 3.090962381636835588e+01 3.013072946949652930e+01
9.454562723162140969e+01 2.471559816736052184e+01 2.766446083593454119e+01
9.358859213243312070e+01 2.732304808986930666e+01 2.766669438594058050e+01
9.615646823440243907e+01 2.286548437339071782e+01 2.801082304095329789e+01
9.594840783200478995e+01 1.938411392866980520e+01 2.735462400893712953e+01
9.456713818241293268e+01 2.056560028522493866e+01 2.822556521334504964e+01
9.714632599686721903e+01 2.564064809676773393e+01 3.035908398736756197e+01
9.785078437773825044e+01 2.898570483140728982e+01 3.150908564918471200e+01
9.551428091633776774e+01 2.439808921239898609e+01 2.932462669577677872e+01
9.453184569543327598e+01 3.061816979177683606e+01 3.269301912501309459e+01
9.403305456724146438e+01 2.713187565183689287e+01 3.060155570132918257e+01
9.535439392297176653e+01 2.658232271401053737e+01 3.136695315834073483e+01
9.836144560084031241e+01 4.532981755467987739e+01 3.152792429349290870e+01
9.871963196824836473e+01 4.724461018662105971e+01 3.252181359658541737e+01
9.739342618236356941e+01 4.722757520322758751e+01 3.010898978776535984e+01
9.689414568962364172e+01 4.545355977846814710e+01 3.003385360831775586e+01
9.864165050939722335e+01 3.113788820296550952e+01 3.322219118239004132e+01
9.519280132164519159e+01 3.229485899656624071e+01 3.222384899129618674e+01
9.555956124255470741e+01 2.916369623109951092e+01 3.306001696483741625e+01
9.612667690316632729e+01 4.627747666865414544e+01 3.203249272722003838e+01
9.463497903259252553e+01 3.040025871848160932e+01 3.358946000268270637e+01
9.667567666016023509e+01 4.728610215330761690e+01 3.428594973150020309e+01
9.865295424110180988e+01 4.620065679569534467e+01 3.412982257778141104e+01
9.855235242663522399e+01 3.053658969156709801e+01 3.423940444783102066e+01
9.631371407580732580e+01 4.353858101836643613e+01 3.752245390226155308e+01
9.568861263311590903e+01 4.610566990867287984e+01 3.773058453402956047e+01
9.412122749130119814e+01 3.392181076594303590e+01 3.474717002061351678e+01
9.709916251504968443e+01 3.316719670628824446e+01 3.398015860661065091e+01
9.983374880762993087e+01 3.295836787153520220e+01 3.435482740636031451e+01
9.578426555573379630e+01 3.500465508792888158e+01 3.508340045576182575e+01
9.820921471614227016e+01 3.444146755068171473e+01 3.665867190519445984e+01
9.543656640142665992e+01 3.708875678448352886e+01 3.883635274042931229e+01
1.006425438731305775e+02 3.294917902743554095e+01 3.715077553898660767e+01
9.595284831294324590e+01 3.079713795220450834e+01 3.601841415177527495e+01
9.379735478315915032e+01 3.350353471432766383e+01 3.833132371328419907e+01
9.712614115931648939e+01 4.641024171644500029e+01 3.806492940241277978e+01
9.569041186197661375e+01 4.657530570092956879e+01 4.089561905430583977e+01
9.998841921079619510e+01 3.232255786563135302e+01 3.880812734235237826e+01
9.611835939567662024e+01 3.716401211164799889e+01 3.800900401935108164e+01
9.447038796652620363e+01 3.704037970394684010e+01 4.140527350512977733e+01
9.754015511400767480e+01 3.472579612870168830e+01 4.090612276143198045e+01
9.659756997290108416e+01 4.490236174350465603e+01 4.110168822145698186e+01
9.768083867087123906e+01 3.591530830946252451e+01 3.917094422387604880e+01
9.460276197274821186e+01 3.278650773387986561e+01 4.040137781111772597e+01
9.638377072042722205e+01 3.263241866628440846e+01 4.043400185601147001e+01
9.601767131003390432e+01 4.249998898058855445e+01 3.914328191062323015e+01
9.599248632738576248e+01 3.993113516538505792e+01 4.000418904873090042e+01
9.685285899929706943e+01 3.750687632590972242e+01 4.183186234362355549e+01
9.601291855635118111e+01 4.130567677465018761e+01 4.220223965874636463e+01
9.343077326868511534e+01 4.454544125735633742e+01 4.505268021980825921e+01
9.404564561895742258e+01 4.219824982279751424e+01 4.378578911973349364e+01
9.508639799388149072e+01 3.545650927827341548e+01 4.198486092567443961e+01
9.610477643479474352e+01 4.496161297892742681e+01 4.643839640329698426e+01
9.470566749745219681e+01 3.667055601612582194e+01 4.380397246864490057e+01
9.661658976276520150e+01 3.768060849275516944e+01 4.382377955548727755e+01
9.318361651850253224e+01 4.032910594410242311e+01 4.609273815163191301e+01
9.450469043403744251e+01 4.683835100106196592e+01 4.570810517301235620e+01
9.508408701443514133e+01 3.822374562747204152e+01 4.754842744294091261e+01
9.298328010945654398e+01 4.144366998965891469e+01 4.650427104649459409e+01
9.359874628209942671e+01 4.003069841698028597e+01 5.008554613095276409e+01
9.358309255350125966e+01 4.825082708483023453e+01 4.965642820697963344e+01
9.582177450554647180e+01 4.064978463953256949e+01 4.931217945942509573e+01
9.119265748838425623e+01 4.368739861393619606e+01 4.841599306631877653e+01
9.590607394924471407e+01 4.223782069448049725e+01 5.200089951243214870e+01
9.071002849196253237e+01 4.313780939905853984e+01 5.015389365874862193e+01
9.085229297163066065e+01 4.589544037464465021e+01 5.202729384348876351e+01
9.511952761812806045e+01 4.129616061566652974e+01 5.152212669144998358e+01
9.411626781846207734e+01 4.718548399090399670e+01 5.357172688027635132e+01
9.087649179880443739e+01 4.282214922949387415e+01 5.314884537583252211e+01
9.622796049930532547e+01 4.444898349769398038e+01 5.484793847864978034e+01
9.360079647017701632e+01 4.954685841056872420e+01 5.379643820899313056e+01
9.148911731021159710e+01 5.144032476691337763e+01 5.568386072953358479e+01
9.369629754363450047e+01 4.124089887544929667e+01 5.354668671589217865e+01
9.136608600611970132e+01 4.951588006220544003e+01 5.339749751101942365e+01
9.072731756267170056e+01 4.794340091148833949e+01 5.345042811028714169e+01
9.040813397630039105e+01 4.693175991411206383e+01 5.441799611603119047e+01
9.184412819303857134e+01 4.310480590466174533e+01 5.597465635360345004e+01
9.117647384622837592e+01 4.500865455727921471e+01 5.673070241253470414e+01
9.462699786377537237e+01 4.647983590000835363e+01 5.718877033270474186e+01
9.481216606522328050e+01 4.322683301444779858e+01 5.691618418844884530e+01
8.903083788819074584e+01 5.359610677758316655e+01 5.658098095930969862e+01
8.837699575374209360e+01 5.068730943176161219e+01 5.588741356603837573e+01
9.368504987697247088e+01 5.042719114448658502e+01 5.787165575413175134e+01
9.024069742565336583e+01 4.707078455640320414e+01 5.700332135741046358e+01
9.397908165172758288e+01 4.883301268324098032e+01 6.135812805528208713e+01
8.706368452194467977e+01 5.559449242144826542e+01 5.969495608506773721e+01
9.384653213341226774e+01 4.478172735990209219e+01 5.762653823003696374e+01
9.221758455483696082e+01 5.243819910578490351e+01 6.026916567978670969e+01
9.120738545407355957e+01 5.469007934851856589e+01 6.133399486874093043e+01
8.779972475799007725e+01 5.034706033169237571e+01 5.896618541583079320e+01
9.117890259681507814e+01 4.593191996240704356e+01 5.834246090245475358e+01
8.629064014111308722e+01 5.361730596031227947e+01 6.091902845748482065e+01
9.311717011411006695e+01 4.641620956103214723e+01 5.945588937511224259e+01
8.911929156043295563e+01 4.858441714409919143e+01 6.307386062891264089e+01
8.927103822324231430e+01 5.592018339658001480e+01 6.044341252495848948e+01
9.366405860792337990e+01 5.060101173658155460e+01 6.305775115294708399e+01
8.596051552612094326e+01 5.789315504007652180e+01 6.082989404729709548e+01
9.248632110264854589e+01 5.204133791160874267e+01 6.418997844661419094e+01
8.467973332367002115e+01 5.569971134655067146e+01 6.174937314709644909e+01
8.618721965771204907e+01 5.286899102699727138e+01 6.521235497978858575e+01
8.877913354532765311e+01 5.855067159112392972e+01 6.275615434779891899e+01
9.263432974370340389e+01 4.880942233459226998e+01 6.516685595214585192e+01
8.450255603791048031e+01 5.982222616179751640e+01 6.287641925064469461e+01
8.274672623071789701e+01 5.859470946846013106e+01 6.211893818964900049e+01
9.080435773792217446e+01 5.592551436665928577e+01 6.433748748924348604e+01
8.170293574788226465e+01 5.716970507505646282e+01 6.402740172577389899e+01
9.151941885435246604e+01 4.817075869927472809e+01 6.464912247398054035e+01
8.028996632347350726e+01 5.955805167877039707e+01 6.664673538862636804e+01
8.274333579155127438e+01 6.139437552720906410e+01 6.373262963363426792e+01
8.769664117073151033e+01 6.040749714506420531e+01 6.683128190433390614e+01
9.129990369903957514e+01 5.499815182930339574e+01 6.610449958865265785e+01
8.932514919749981175e+01 5.016263498140101973e+01 6.607446738683839271e+01
8.028335669329271695e+01 5.829624879448832786e+01 6.848873936120750727e+01
8.980628088118618280e+01 5.920231762692231570e+01 6.755481690694951169e+01
8.800043915080317447e+01 5.238956006577158320e+01 6.870207861816940920e+01
9.185495195295017368e+01 5.204094637842042914e+01 6.585290419118013006e+01
8.094422441745140873e+01 6.223069923484132460e+01 6.848893135049095804e+01
9.085476070376564905e+01 5.130430109528742122e+01 6.679556565864822915e+01
9.076413756414399359e+01 5.585575011426239200e+01 7.023504824254150947e+01
8.561975019723951164e+01 6.266032638820332323e+01 6.694619366258393711e+01
9.051516096910246745e+01 5.895190430296904793e+01 7.070409734722706219e+01
8.776165639714919564e+01 6.226180241681310434e+01 6.961270098628082792e+01
7.811898458421705982e+01 6.050445099775441093e+01 7.035486370125650524e+01
8.141343221560153154e+01 5.620865038497706223e+01 7.255699389532846055e+01
8.976614923408573077e+01 6.083899884116821966e+01 6.994488050069415408e+01
8.562640636419129692e+01 5.465841492958280412e+01 7.342268511565264077e+01
8.328825082950390879e+01 6.335443376558787776e+01 6.986885179790934330e+01
8.647289609536005628e+01 6.372889458666990947e+01 7.219262719551714724e+01
7.729777305703441925e+01 6.227627523030758994e+01 7.134469518562936230e+01
7.869645770495441184e+01 6.327748718201553402e+01 7.111816501205862551e+01
8.229577271555506002e+01 6.498895832961933650e+01 7.455373469137512643e+01
8.031285288818006052e+01 6.474989412368080366e+01 7.376242282564486175e+01
7.648953504387586122e+01 6.189714420754737034e+01 7.228802746382172018e+01
7.630337736369092738e+01 6.478391980830774344e+01 7.267403761840058962e+01
7.760612088564960231e+01 6.526466268359297374e+01 7.303591317423916962e+01
7.839453025785815043e+01 5.950684970968125498e+01 7.466751102360800019e+01
9.026107216084116658e+01 6.312904494448609682e+01 7.184756817764272796e+01
9.003381292181626350e+01 5.462808335488060862e+01 7.210008371171711872e+01
7.441273730773927753e+01 6.621450437324833160e+01 7.370669581093470413e+01
8.848657024915512181e+01 5.393700746131143831e+01 7.316956205949614400e+01
6.908228714159862704e+01 6.969920363539308994e+01 7.665365156826888438e+01
7.096667403718744538e+01 6.697766590113904783e+01 7.351248781513223207e+01
7.197735731109810331e+01 6.809253078646095503e+01 7.309715553307194114e+01
9.093669942408111240e+01 5.955363575051352854e+01 7.602910369017979519e+01
7.338327577836594173e+01 6.467619999635299166e+01 7.469328995776129432e+01
7.913198863579174258e+01 6.633473469438692405e+01 7.551434696027422433e+01
7.263514213389552765e+01 6.899768217377931023e+01 7.494617895063464630e+01
8.927664334159229043e+01 6.471699969458681778e+01 7.346251714987208459e+01
8.909694687927917300e+01 5.470959123431637039e+01 7.528402260679672509e+01
9.115606828944910944e+01 6.224645640806125613e+01 7.369271731902287570e+01
7.015503451692062242e+01 6.547178732002535639e+01 7.742937425432572240e+01
7.664561202130398954e+01 6.741386254111736775e+01 7.716935165272593622e+01
9.041305407538608563e+01 6.487576499543521891e+01 7.536228212599711185e+01
7.308410189221778808e+01 6.392058788276951731e+01 7.741995305939812511e+01
7.575084870777563140e+01 6.165752265045090752e+01 8.349868405059783072e+01
9.003841755035944061e+01 5.770673486801747032e+01 7.973896666044497294e+01
8.670886336687411244e+01 6.526193510773794060e+01 7.420323614235533682e+01
8.478549722430935276e+01 6.644098132018449121e+01 7.675036146455647668e+01
7.305937365202115075e+01 7.087959969429959983e+01 7.763530455519673978e+01
8.220653533200112406e+01 5.652982850631279632e+01 7.609076347921295280e+01
6.837688161783955820e+01 7.177109488713222163e+01 7.784364864634073911e+01
8.923408364328793141e+01 6.818565823034980156e+01 7.401358588316624321e+01
6.789036369091783740e+01 6.737360513739884027e+01 7.966601656034427492e+01
6.739432741738241361e+01 6.864485316151026950e+01 7.834157268457082068e+01
7.984866161101786020e+01 5.848181550598673084e+01 7.877350084773007666e+01
6.529917039839763504e+01 7.094131730031034522e+01 7.949681100171611092e+01
8.777920787488297094e+01 5.509607895994687965e+01 7.882263305336101666e+01
8.081213985940675570e+01 6.847815520725360727e+01 7.617744669807905211e+01
8.277899237816870937e+01 6.750963797171824865e+01 7.746127191367875753e+01
7.178945348670706039e+01 7.308894783354433855e+01 8.153482305569374944e+01
7.661483740552309030e+01 6.982133433510512077e+01 7.850062711490161860e+01
8.070383355782104218e+01 7.000835733629028823e+01 7.623548190119140600e+01
7.847618232983327857e+01 7.168401619123235946e+01 7.679589096496999900e+01
8.730982202098573453e+01 6.959099418476718313e+01 7.837149775410262009e+01
9.013237732691135307e+01 6.827787679509383167e+01 7.547240760491744993e+01
6.738349674696553393e+01 6.643027273890099593e+01 8.417358574741696486e+01
6.760435190990217791e+01 7.415990739649490138e+01 8.310506017368993525e+01
8.566236911111492702e+01 5.571105743255033360e+01 7.942319291800527026e+01
9.049147168199542079e+01 6.686737185475820411e+01 7.797883908218229010e+01
7.574263054741490464e+01 7.320918305213547228e+01 7.907678228025680767e+01
8.364874833775533602e+01 6.865665152972258056e+01 7.816532450177038527e+01
6.260425733688261118e+01 7.031632360262558734e+01 8.337391322547679806e+01
8.144463515831832012e+01 5.846845892508511611e+01 8.175236924981685149e+01
7.218671227771116605e+01 6.421190395957560781e+01 8.561058695399442797e+01
6.295956960792356227e+01 7.137461073131474620e+01 8.165398705652191325e+01
8.527557313100479064e+01 6.950175432619238336e+01 7.910639519132718078e+01
6.505409992686197995e+01 6.786271700795865058e+01 8.378531354942438725e+01
8.193216435667399367e+01 7.257689546480693821e+01 7.863795526923757961e+01
8.376351729184936801e+01 7.250909498239552420e+01 7.997211083029982603e+01
6.935137809675839549e+01 6.489914938205374995e+01 8.441861942297431654e+01
8.344860590873940964e+01 5.702215377076367986e+01 8.146690641842545233e+01
9.041173988566485775e+01 6.904370854946243696e+01 8.211486700758393908e+01
7.766264130274029753e+01 7.485580493899310284e+01 7.949787559887687394e+01
7.992198146997054664e+01 7.439087237005307429e+01 7.955866776460410961e+01
8.992924841848835626e+01 6.991177613024721893e+01 7.926652799188558163e+01
8.860296577311621036e+01 5.606811758625293862e+01 8.355422536006895484e+01
9.051951732254489968e+01 6.502893692115721080e+01 8.126833148457163247e+01
6.448191619497450233e+01 7.416613868800320120e+01 8.472542747431992893e+01
9.142990942683837829e+01 6.095275499534606922e+01 8.107741839607740530e+01
8.281227225204327169e+01 7.554219215779266960e+01 7.864376053429633373e+01
7.243746383703839342e+01 7.450695136029102628e+01 8.417499438037859250e+01
7.780030784781511954e+01 7.709025133427968512e+01 8.275157979909614880e+01
8.941174348898648816e+01 7.155921788105905534e+01 7.952528308739915985e+01
6.157194052998480061e+01 7.414296456862329876e+01 8.454869667846139691e+01
6.045191381631209993e+01 7.340213139696271583e+01 8.432563564677839452e+01
8.135987515875552845e+01 7.722724593851388875e+01 8.139770216843785988e+01
8.766348919099851855e+01 7.969115023702212852e+01 8.010473720926174224e+01
8.733587334480689890e+01 7.388463564583945242e+01 8.065903217603477060e+01
8.586547156847780116e+01 7.973203388336789033e+01 8.069287847466208063e+01
9.032942281516973537e+01 6.469634799526201618e+01 8.638340176016387773e+01
9.004067209019187601e+01 7.361726353155050617e+01 7.918200726983266691e+01
8.964512653366880102e+01 7.766669400507784360e+01 8.092919532625677448e+01
9.153350943161314035e+01 7.384870525700881672e+01 8.217300475288405437e+01
9.088934661107394675e+01 7.137931914527725041e+01 8.400488014852726337e+01
6.202018379811157445e+01 7.544304654684128764e+01 8.531770497235362427e+01
9.093028459042305656e+01 6.296909739919595950e+01 8.294242467868460267e+01
6.176090903472745453e+01 6.972408394163352341e+01 9.076894042301861987e+01
6.309433259871798327e+01 6.853664710823960604e+01 9.113223139098263914e+01
8.882122268113589314e+01 5.705373173613676130e+01 8.485458249121941776e+01
8.220307855607308056e+01 5.864355706311634009e+01 8.631409892806229323e+01
8.523204730923612260e+01 8.010343707952503678e+01 8.252172103470968523e+01
8.848695190820382095e+01 8.228656395928157963e+01 8.259680486625211415e+01
6.668195137136180506e+01 7.617685527655217470e+01 8.743673546737996105e+01
8.115988131018787044e+01 7.781301358291770498e+01 8.323672564783220196e+01
7.929936289512133385e+01 6.048437024806620599e+01 8.704368484096343650e+01
5.733919108106645979e+01 7.591905685604476162e+01 8.592849953989923506e+01
9.029884375450993161e+01 8.086179563031680573e+01 8.143615671328349492e+01
5.851103156274352557e+01 7.384490401013830763e+01 8.743630930586664363e+01
8.676452078635300325e+01 5.561786570814880548e+01 8.537841866490146003e+01
8.498462160765473072e+01 5.653300328272499797e+01 8.755562732073050825e+01
9.239295834040265731e+01 7.927422252997340024e+01 8.267147321724029041e+01
7.266871596926050358e+01 7.675341078581126908e+01 8.759789252995150832e+01
6.962160290049789069e+01 7.667825992929945755e+01 8.933897657022366445e+01
5.852717489074476021e+01 7.605254441741777782e+01 8.600546441314796198e+01
9.256350195043248164e+01 7.662339759962588914e+01 8.129555263953490396e+01
6.703232337516179484e+01 6.672501900175130629e+01 8.865850219482427974e+01
5.220159329925897396e+01 7.831675576117552851e+01 8.690624083787307086e+01
5.409142150530744431e+01 7.654606011820386868e+01 8.471310198196030683e+01
5.457613343352129220e+01 7.801449305128598155e+01 8.406402807531173949e+01
5.647535891982371226e+01 7.569045224804270333e+01 8.636856322930864849e+01
7.643543282681770279e+01 7.790546281240614235e+01 8.672664225761964474e+01
6.240287262215491637e+01 7.630879296644660315e+01 8.741682801219126020e+01
5.690124928416430095e+01 7.775619966126059524e+01 8.681547480616708867e+01
7.661133418148359908e+01 6.316126610426194077e+01 8.868945356638673161e+01
8.779304002664090945e+01 8.291368192260114256e+01 8.538383641786484191e+01
9.298084528920833236e+01 8.348060995601952072e+01 8.229452556756193360e+01
9.010104628401987270e+01 8.407600674599495960e+01 8.277754885845197919e+01
5.284925264608870066e+01 7.966124798056738143e+01 8.769346232497919402e+01
5.681704475617428329e+01 7.969046858102359465e+01 9.014829859115529587e+01
9.037414350161857612e+01 6.610321946024528472e+01 8.927456887679173292e+01
8.933245914634005658e+01 6.069046702971142793e+01 8.793572758032826187e+01
8.191561337698369982e+01 7.989844809892009891e+01 9.227207622604822745e+01
5.929056335708749259e+01 7.760487337576189759e+01 8.933981690601950731e+01
9.599246617563417772e+01 8.714019718847931983e+01 8.236155539359502598e+01
9.351708288174552308e+01 8.581157574144924638e+01 8.236135230379980499e+01
6.948596870314625562e+01 6.716483702473964001e+01 9.319307533359028639e+01
5.698964060912120999e+01 7.464611310133953737e+01 8.971164439221006148e+01
9.524305786924610118e+01 8.824031055752217867e+01 8.235326004914722375e+01
6.531658955363435837e+01 7.706762699560742647e+01 9.111486207570541751e+01
9.342483969596270299e+01 7.960241966333376240e+01 8.444602126458784142e+01
9.456722356480234737e+01 8.267370417378489833e+01 8.367159229123758735e+01
9.471882064939492807e+01 8.240064105218091584e+01 8.510138450716357283e+01
9.176205045976725216e+01 8.630641989757046417e+01 8.479238527574706552e+01
9.387393366008554096e+01 8.842932146719921604e+01 8.371026205395543229e+01
7.241593421353334747e+01 6.542268605020058203e+01 9.037919927052925573e+01
6.498391490108777191e+01 6.785953343404027294e+01 9.172982064055835849e+01
9.342204755435849961e+01 7.699732610363575702e+01 8.708598753850037610e+01
5.869873540119702682e+01 7.219771408103758858e+01 9.521243646108946734e+01
5.370171696070003975e+01 7.632948297764822598e+01 8.679191499063961146e+01
9.787995207793103702e+01 8.860692081767470540e+01 8.539266144309038964e+01
9.633786802325853671e+01 9.016374076077126176e+01 8.570062897922863954e+01
8.782594623492789765e+01 5.627182606878540838e+01 8.786394346474396855e+01
9.417074895536077861e+01 8.074138995530434215e+01 8.764045916488959165e+01
9.060900232027493928e+01 7.080667247157155941e+01 8.897696311503916888e+01
6.230393021067195747e+01 7.781997332370772824e+01 9.505159507632528459e+01
5.989773553664372230e+01 7.850269169661305568e+01 9.492890287379407255e+01
5.252723143149066232e+01 7.720465380282580270e+01 9.031203246188903222e+01
7.838402283058061926e+01 6.389809521683734772e+01 9.286546575175407270e+01
8.199997403501362214e+01 5.997981867700610792e+01 9.464051369742210795e+01
5.002395012833051879e+01 8.042203183977289882e+01 8.916357734494530973e+01
7.958037633684128309e+01 7.914492790148574386e+01 9.310159853023606047e+01
5.609169381240712227e+01 7.492471981997191222e+01 9.328794663301874834e+01
9.273919558162063481e+01 7.528147846803402388e+01 9.145953036373134637e+01
5.037819831982506713e+01 7.839428299630188235e+01 8.982218347729350683e+01
8.527538975356527828e+01 5.627345149680669323e+01 9.062930992844216860e+01
5.168727517290896856e+01 8.138041293046487112e+01 9.102748541677684102e+01
5.723361191869842912e+01 8.004851125091921915e+01 9.286618304364975529e+01
1.112671916385633608e+02 1.088579593873442803e+02 8.551547879475761249e+01
1.097455507110860822e+02 1.096845067625250039e+02 8.452606367713165980e+01
1.093392852028435840e+02 1.086608327853890756e+02 8.514323400480758153e+01
9.887160400562946450e+01 9.141186256732244431e+01 8.739193554750146120e+01
1.104464924793268210e+02 1.079245449358938913e+02 8.709118188563886065e+01
1.107791761548358096e+02 1.103216604575062263e+02 8.611325768061905706e+01
8.771372444096859056e+01 5.832313450227711371e+01 9.255135716690892878e+01
9.186508186224165229e+01 8.794245108825963086e+01 8.776053516773163210e+01
5.436192957019331118e+01 8.052016187559863170e+01 9.217831293459673248e+01
8.768988689233545131e+01 8.495210256805437155e+01 9.127734192081450715e+01
8.475992760636739831e+01 8.232367848258381571e+01 9.158758960151314454e+01
9.559746450900368586e+01 9.090472845984190542e+01 8.781631987403541473e+01
7.128539162360321768e+01 7.716205449746125566e+01 9.302089778670736564e+01
6.978324572417324134e+01 7.681866951907773000e+01 9.575724789275575688e+01
7.521271240882151687e+01 7.872777941109669086e+01 9.331169170956030712e+01
9.000080446675379164e+01 8.747537177666657726e+01 9.038660658882177756e+01
9.917270083156576277e+01 9.263565232355337287e+01 8.667077094631453349e+01
1.008370313615201610e+02 9.427648421943445101e+01 8.700442340505981065e+01
9.990764627326174718e+01 9.469535771661770696e+01 8.541327587023333479e+01
9.823072392308226597e+01 8.833261158321678863e+01 8.851007365822852080e+01
9.835800540541640657e+01 9.485286114624669551e+01 8.703913285108839659e+01
1.000066796563024383e+02 9.623625008955683313e+01 8.784461992579872458e+01
1.013837353984531973e+02 9.613489758010686614e+01 8.850831469657691741e+01
4.703936050365427235e+01 8.083759709010664096e+01 9.181145755314929602e+01
8.622269944655909057e+01 5.634843341611004064e+01 9.311814814767791404e+01
3.948142977097701589e+01 8.464835475168679579e+01 8.822628799679944223e+01
3.798689666244285235e+01 8.524246329417508150e+01 9.016490392161995260e+01
3.860151217140686697e+01 8.337451447405531724e+01 8.867437018356127965e+01
6.485464543729635523e+01 7.766814988490054361e+01 9.613930155956086310e+01
4.247157516721352977e+01 8.286315839970473007e+01 9.139109447731807734e+01
4.718789536144094399e+01 8.175189784070670385e+01 9.232944994695463947e+01
8.944180714416377498e+01 6.562682615149799403e+01 9.530250630452657390e+01
7.261434888435026380e+01 6.812926835604888254e+01 9.596231937432972359e+01
7.999332492647087633e+01 6.298847847183512272e+01 9.492340358899026853e+01
6.217531632618177184e+01 6.886478809805792878e+01 9.864908217023422310e+01
9.625483945596238300e+01 8.440935410542498119e+01 9.108997360236071472e+01
6.692815960113991025e+01 6.849937518422443361e+01 9.579289296844540047e+01
1.096349379983587937e+02 1.117445558666592405e+02 9.058657267978566097e+01
4.186313063213179930e+01 8.202474785885969766e+01 9.237580276204735696e+01
5.073823335791990274e+01 7.822211897160106275e+01 9.545209532396175689e+01
3.951459902888610998e+01 8.572513273343155049e+01 9.123342236377712311e+01
4.243376991607711091e+01 8.375865553761580884e+01 9.240110986154866168e+01
6.434245631521207542e+01 6.897444667840764509e+01 9.681720043296928679e+01
5.726319166589984633e+01 8.010121970017864612e+01 9.642969016547046124e+01
5.188450103024748472e+01 8.173080125165782306e+01 9.508295948997076152e+01
5.972427412943956426e+01 6.926558807204989421e+01 9.808634190165710720e+01
6.841022550794005497e+01 7.107827373892104106e+01 1.019786185904532658e+02
5.602724391782088986e+01 7.594348383732616981e+01 9.495662675333544200e+01
5.354031513995760605e+01 7.745158303900645080e+01 9.425229736790396373e+01
8.784505653893992871e+01 5.964965842229311477e+01 9.638188044242426145e+01
4.486495603758734063e+01 8.221501668667352192e+01 9.037463610382857837e+01
4.456404722751123160e+01 8.120895920782656674e+01 9.125381077797300122e+01
4.536229504946717128e+01 8.331950308978767339e+01 9.304365806734509192e+01
9.772893801561795613e+01 9.548263473357654618e+01 9.007265218851640043e+01
1.081159920965672967e+02 1.071896933614852117e+02 9.025625189441137763e+01
3.817515158555467991e+01 8.279192282060559194e+01 9.102057811198295667e+01
1.104183654531724130e+02 1.112785144798804993e+02 9.130274521917419861e+01
9.911423619972180177e+01 9.044048477476158610e+01 9.148870421894629601e+01
1.081220057421998604e+02 1.069773011534447846e+02 9.096542329967086005e+01
9.471130497563443384e+01 9.164824366132214095e+01 9.258215384225670164e+01
9.403894843730367370e+01 8.008474652266497174e+01 9.665383819413976596e+01
8.964090115852361862e+01 6.783015606288287813e+01 9.747752065354995921e+01
9.036081431951994603e+01 7.083550543068399463e+01 9.842557313148822118e+01
4.828307922593329238e+01 8.196383061304155149e+01 9.442807575653151275e+01
9.580982443531256365e+01 8.344886289914339272e+01 9.560148223930562494e+01
1.023366892112860427e+02 9.830074645718113402e+01 8.903309860756004923e+01
1.048385973311972350e+02 1.010732279007782068e+02 8.732812137002365205e+01
1.033739895650599152e+02 1.020002501137993534e+02 9.020939521537707151e+01
1.060031858463190559e+02 1.002657226148492384e+02 8.851771985257215647e+01
7.669584697581771593e+01 6.743075418286009892e+01 9.900135621260804442e+01
7.824663390368135651e+01 6.709680848035637268e+01 1.001044688768556483e+02
1.005929164809949015e+02 9.303602755841373551e+01 9.204111318563280975e+01
1.073067184189183081e+02 1.027966894203940598e+02 8.933245125981638068e+01
8.397271075516309224e+01 8.225039688253865222e+01 9.563197982688423338e+01
4.423658901990725667e+01 8.075626391383653413e+01 9.413067807611949434e+01
1.068008294534824216e+02 1.043423041444570032e+02 8.997200218676280770e+01
1.027657427866820257e+02 9.764175025918544293e+01 8.992725106698478044e+01
7.333700856172598037e+01 6.951686431567038937e+01 9.922115216830329132e+01
1.076666604124950197e+02 1.088218434279740734e+02 9.285094949095159222e+01
1.011420971354328060e+02 9.865124678921937118e+01 9.038580171209112279e+01
5.845069986839237686e+01 7.263556507306692822e+01 9.781495615000106625e+01
9.114449040949895675e+01 8.975584780867251311e+01 9.367831431905041484e+01
9.654382905153427430e+01 8.514296877057698509e+01 9.461381046614090451e+01
4.280525915847589147e+01 8.409083200757406473e+01 9.577860892362841128e+01
1.074773186916486623e+02 1.025087393760110785e+02 9.186986196515255187e+01
5.824233194297854510e+01 7.886469268295971347e+01 9.794866870335948761e+01
7.147603107944664202e+01 7.678288485389532525e+01 9.657477287804584876e+01
7.544664239246093018e+01 7.825674753004189199e+01 9.699149007732982852e+01
4.684051557374474584e+01 8.034794935872112376e+01 9.460257216395686442e+01
5.399124067910122449e+01 8.048319954266681009e+01 9.596071737087424935e+01
4.076277333955042792e+01 8.177400800887555476e+01 9.623627210794968789e+01
3.653371784945910861e+01 8.641832728266442132e+01 9.470456385210752615e+01
5.688368526006169645e+01 7.774887380247356816e+01 9.792518251563558351e+01
5.824771212947918997e+01 7.622973567356703484e+01 9.809665160651539395e+01
7.909863187858481126e+01 7.924275347790420199e+01 9.833159667955639804e+01
1.026910903290766157e+02 9.727258416092415416e+01 9.192364795752428108e+01
6.206999521082273930e+01 7.673755699631492178e+01 9.703651412357436357e+01
8.628987610169605205e+01 5.693894071469648566e+01 9.682132385498854887e+01
4.787512636254015774e+01 8.181206728540496442e+01 9.581810606617779058e+01
5.964366201841358617e+01 6.881313544604789456e+01 1.020951536419306080e+02
8.149041988692383143e+01 6.376890986480795220e+01 1.012319075146618559e+02
5.582306901013267719e+01 7.922659392370064779e+01 9.822421677001310059e+01
8.830926933906901866e+01 8.677854190938907664e+01 9.681489820426078552e+01
1.047307519717341364e+02 1.058447913839442975e+02 9.582173125286797699e+01
1.048138060896583568e+02 1.046754985246207212e+02 9.313368625206656759e+01
1.077661280301882698e+02 1.049417330726733439e+02 9.070894363017927731e+01
3.627187174471841047e+01 8.514986768934558370e+01 9.387092623756615239e+01
1.078127427446898565e+02 1.089756386128942580e+02 9.468564373527495093e+01
4.033436792180771135e+01 8.598826783578904553e+01 9.634174827377347583e+01
8.523648523635348795e+01 5.648061765451178218e+01 9.609315268782086150e+01
6.657821531037488683e+01 7.529148046726243138e+01 1.011532099824009521e+02
6.322071652393482566e+01 7.030816563431717725e+01 1.019365579689938386e+02
9.209295431430064127e+01 7.381391081193608272e+01 9.603823328529782088e+01
8.200526606952999487e+01 8.028497781971415748e+01 9.813990743089729563e+01
1.060270191573092831e+02 1.001191925743183191e+02 9.253040597142458523e+01
4.722711940570397360e+01 8.067681776575280139e+01 9.640829670466092693e+01
5.364158077051542506e+01 7.946174247460083961e+01 9.717129035485476152e+01
1.059225247182448300e+02 1.068019174918215981e+02 9.510281416939264432e+01
5.121226402337933337e+01 7.865108323849072747e+01 9.709560629478383476e+01
5.942298259077395528e+01 7.368623190249417121e+01 9.967136324964803862e+01
4.486883218660747730e+01 8.080765675585027452e+01 9.697840346733649142e+01
7.264168996551318003e+01 7.564361438821609340e+01 9.905110804610797004e+01
5.108172670983260844e+01 8.126714872120219013e+01 9.822473668692259707e+01
3.623807021213279711e+01 8.448523714918107430e+01 9.571710610981540412e+01
1.024574739371192322e+02 1.031925040848849449e+02 9.259228314829815076e+01
8.973221129264382512e+01 8.919958925338673339e+01 9.576874163574497345e+01
1.094806371012577557e+02 1.140122240846112192e+02 9.279836013901353908e+01
1.088294819033434777e+02 1.107570828831125738e+02 9.292369851348718157e+01
6.290015015383097818e+01 7.427996704042013221e+01 1.003513574066270735e+02
3.026910720772622909e+01 8.791544724164818092e+01 9.391283758017709715e+01
3.100730825673061020e+01 8.940315980270489149e+01 9.148072816272770069e+01
2.832511165258533836e+01 9.011583283615223650e+01 9.571388404000320804e+01
6.853835454916556102e+01 7.612769104267906073e+01 1.001738622962243284e+02
3.150674544360572327e+01 9.028752346661501349e+01 9.259748574442798486e+01
3.317424462209138625e+01 8.867636553836607050e+01 9.424994145461968742e+01
3.215322660248865816e+01 9.099505322097446935e+01 9.510448227615862038e+01
3.814244250109040024e+01 8.332845573335221445e+01 9.640240997350375096e+01
9.980336484715012091e+01 9.868973982415697321e+01 9.428603428178101353e+01
1.031139862173641006e+02 9.825539353729281800e+01 9.392864765957698125e+01
3.369295140440156899e+01 8.751742213034482631e+01 9.461947557560861810e+01
6.534797816453517783e+01 7.130724977208411985e+01 1.016286516902361541e+02
9.222048292290399729e+01 7.622258683748749775e+01 9.902270656462927434e+01
5.073778721249072987e+01 7.972677462990185404e+01 9.832347020294943718e+01
9.447897133504511658e+01 9.354300291340292972e+01 9.743074686978684440e+01
9.853893126224554067e+01 9.004684467313290952e+01 9.544330213521101314e+01
9.681980285618898563e+01 9.581947556804033184e+01 9.511284178279545642e+01
4.750862542322948201e+01 8.120603377593256766e+01 9.684771464383314310e+01
4.535076480972703195e+01 8.315847566613223307e+01 9.757020305864240584e+01
5.886660128460913199e+01 7.093942223990865159e+01 1.011945090543391359e+02
3.367583238552282410e+01 8.657892208461845485e+01 9.627506313406630056e+01
8.296267249144796097e+01 5.966325668549665551e+01 1.027237160655713808e+02
7.712670555705847164e+01 7.813568573147323093e+01 9.973231792120164130e+01
1.106985916244284454e+02 1.139707235957274207e+02 9.355044886373048030e+01
1.105363150866736675e+02 1.130638791108964512e+02 9.534576286124047328e+01
7.493145449282351933e+01 7.280884113164714222e+01 9.975219988547061689e+01
8.706627755010865144e+01 8.519523003635586633e+01 9.788831587690705760e+01
6.098695175263910073e+01 6.931226647095745363e+01 1.047257277679230754e+02
1.055806283523281053e+02 1.018532783712019238e+02 9.860178160918293599e+01
4.069705258678577309e+01 8.204909184931358368e+01 9.908454761887315954e+01
3.577690562751286762e+01 8.706851685261882778e+01 9.602784508763600968e+01
7.492760434574462636e+01 7.596162910767677090e+01 9.911951291594496638e+01
1.066616909110964713e+02 1.069777229494824127e+02 9.509797784807868481e+01
3.442431267472004208e+01 8.817197592033647879e+01 9.647402646594288456e+01
6.031094951324176634e+01 7.252316629914665214e+01 1.018048382741394562e+02
1.089052399843258740e+02 1.134263929262881163e+02 9.616047059153174814e+01
6.847598140828108626e+01 7.529940712977560224e+01 1.018432745013582519e+02
3.130517259988479850e+01 8.735268117504791974e+01 9.687652986495321272e+01
6.309926857229158514e+01 7.157889384970094682e+01 1.023105253273293442e+02
1.014430642941404557e+02 1.009704944727183999e+02 9.443663394460449467e+01
8.046955896569552635e+01 7.911950556906344900e+01 1.017507003714270297e+02
1.023251409852328209e+02 1.036730891175362217e+02 9.470620642486568386e+01
8.902994830754815325e+01 6.513102736659574532e+01 1.011361502362792635e+02
8.821016665918696731e+01 6.028289369170431655e+01 1.073512153697976430e+02
7.884099183578597092e+01 7.338482199712558440e+01 1.007180841754042291e+02
4.516405276992176709e+01 8.198644767939433109e+01 9.894335234968528425e+01
1.100615547370166070e+02 1.146016784889366420e+02 9.641635518737405164e+01
8.981758581225706450e+01 9.107670843916682202e+01 9.841124711750478582e+01
4.308176126460386968e+01 8.179361803748417969e+01 9.824092834414290110e+01
6.488785875724875041e+01 7.262392551987876743e+01 1.017113636931306644e+02
1.014539947341646808e+02 1.005140640205262343e+02 9.657051861842816720e+01
6.987246210048117234e+01 7.242312564205514036e+01 1.022806537194793322e+02
7.959224250783637444e+01 7.189015380351393958e+01 1.020052007933050504e+02
3.701352640541567496e+01 8.604071106813047720e+01 9.753582376609156768e+01
8.085017367767989072e+01 6.661738896091758022e+01 1.051912305627192126e+02
9.072816132744259221e+01 7.218105754742563818e+01 1.001285412616959434e+02
9.759169081825608316e+01 8.877671676129992306e+01 9.806147853115894009e+01
2.732653658092272408e+01 8.973791322436203188e+01 9.716675875787380789e+01
1.020045729682406375e+02 1.034899604628922134e+02 9.786696569084844555e+01
9.761939816241570611e+01 9.613823030905285805e+01 9.797532857089311165e+01
8.553520850437698186e+01 5.669361229841299377e+01 1.034292472458598127e+02
8.648080017467172809e+01 5.746057811654041814e+01 1.048884067945647018e+02
8.464900413244187405e+01 5.687678795119749964e+01 1.041374080201417769e+02
2.985622059809177031e+01 8.767959386341543393e+01 9.889586943561003807e+01
3.703805870026216951e+01 8.491240180987503550e+01 9.778862218447325461e+01
4.307651236369480330e+01 8.345716330737106148e+01 9.916168494797233279e+01
3.990965229112228485e+01 8.598909830722911352e+01 9.890435657698861860e+01
3.856426519934569797e+01 8.417237575258295124e+01 9.966071218435715195e+01
2.778559878667125815e+01 9.149885568097116106e+01 9.839775542773656980e+01
9.550183877259421195e+01 8.583770058810868875e+01 9.912408489691426894e+01
3.142989827156453231e+01 9.121872998333243743e+01 1.005163406828195320e+02
8.995759338159479057e+01 6.984211704196729897e+01 1.037872898491138329e+02
1.034833214175397700e+02 1.052348051485548979e+02 9.838917180839179366e+01
8.580917776899750038e+01 8.201302874636243700e+01 9.943133364654983097e+01
6.025144526918005994e+01 7.096435491968658482e+01 1.053350587028220104e+02
3.420254930598885323e+01 8.719269430056687042e+01 9.746942259484664817e+01
1.016572182581438852e+02 9.734377414479821766e+01 9.681152152036659686e+01
1.029916070389779748e+02 9.929381236992563231e+01 9.637935482815962018e+01
8.213809271650936239e+01 6.475173415528475118e+01 1.069324821060257449e+02
9.833380424459608093e+01 9.141671372350002400e+01 9.738090174679135202e+01
9.296590582919787948e+01 8.038952582852806472e+01 1.013381366273018642e+02
2.598657706672296896e+01 9.165492059574658867e+01 9.728040741104175027e+01
4.076434633447391320e+01 8.287369134539640925e+01 1.004202620481613053e+02
1.009062538019643398e+02 9.910382727355769816e+01 9.689818742940994412e+01
2.722595895346974260e+01 8.924193074846586171e+01 1.003018039672558928e+02
8.301882005049769475e+01 7.994249064639123503e+01 1.005651735971732421e+02
3.943938653994462129e+01 8.504686550519595301e+01 1.006138162940970346e+02
2.460763458841127260e+01 9.176163360713781003e+01 9.754125236156292544e+01
2.458627547344659448e+01 9.011043493259694515e+01 9.835965353234396957e+01
9.218822090683183035e+01 9.288579939031532717e+01 9.975236670225626767e+01
8.133074423372059414e+01 7.580274164705656403e+01 1.027029886262218383e+02
9.420703532942718539e+01 8.246141877620908645e+01 1.017012257378719227e+02
9.026443319139328025e+01 7.468666747750032187e+01 1.036237659886674862e+02
8.841528700502593097e+01 8.845572967374155837e+01 1.002621724857340268e+02
8.337179127430658809e+01 5.870206264878451208e+01 1.067525475591754400e+02
2.784967130356366027e+01 9.168341473243967243e+01 1.011749276495749825e+02
3.119875677635931055e+01 8.769951255480189900e+01 1.002636507137124937e+02
1.055759319642228320e+02 1.051192435704486030e+02 9.781629332058591331e+01
8.177700423423937082e+01 7.359602182199462561e+01 1.042467259819467813e+02
1.025657083089978272e+02 1.011269285490121206e+02 9.856330823195261814e+01
9.492856487898183104e+01 9.368590505737570595e+01 9.917572736630381769e+01
2.229141478465554371e+01 9.264973199635777235e+01 1.021001682419220913e+02
8.304714199884699610e+01 7.481461409902900073e+01 1.043093140731962762e+02
3.197475520768321644e+01 8.953588796779911263e+01 1.014118623972875071e+02
9.966446458062625879e+01 9.596190674021102041e+01 9.841606145621480550e+01
1.049268944362085847e+02 1.031789033894409044e+02 1.010714326210267018e+02
8.728923571300255446e+01 8.358920311193854502e+01 9.969477894758472303e+01
2.487121001256099007e+01 9.314376721069110943e+01 1.005375183342832486e+02
8.365366134330793102e+01 7.644867345896447830e+01 1.033105678761432102e+02
9.797612086830055489e+01 9.487400902662582780e+01 9.995927849392921871e+01
8.571207565933755745e+01 7.946995934743135592e+01 1.013484822200710482e+02
9.605492302387760617e+01 9.298433791026752715e+01 1.003141491295294685e+02
9.358027230705019406e+01 8.257481056238493977e+01 1.029685988821089637e+02
1.038351516712129552e+02 1.042674158266475501e+02 1.014368198546195714e+02
2.469360376306914873e+01 8.971506954001053202e+01 1.020689863752758413e+02
8.320678431858524959e+01 6.982742084729035525e+01 1.077166068044453198e+02
3.010115096120048861e+01 8.819228344863579139e+01 1.023747914432179158e+02
2.216844493637425728e+01 9.200541745165487839e+01 1.037277150640315142e+02
8.883366519805167627e+01 8.664542910211686433e+01 1.026629511301935906e+02
8.795110011338302058e+01 7.917389903187239497e+01 1.044525668289755060e+02
8.917882234480711645e+01 8.380012434797259857e+01 1.034748639275846926e+02
8.865136390127841537e+01 9.300968998938898835e+01 1.025190473668291986e+02
8.231292049763578689e+01 6.660516416368227510e+01 1.082682061971458580e+02
9.406169199660138247e+01 9.125691245225252146e+01 1.038595889522954110e+02
9.410376399940849979e+01 8.650099218970576942e+01 1.014517515874141509e+02
3.028375082831037801e+01 9.028390581267538550e+01 1.037389399589874301e+02
9.075711488069953248e+01 7.861600856883143251e+01 1.042210267357975511e+02
8.944652777462583515e+01 7.149966997775348432e+01 1.056637763525039304e+02
2.413639608731653396e+01 9.315479769756608164e+01 1.045585192730598294e+02
8.857396592886892961e+01 7.353525307814382472e+01 1.070031308033136952e+02
8.312324693808122333e+01 7.253673980113434538e+01 1.072393876470164003e+02
8.790620214461237936e+01 7.771002450666831862e+01 1.058761728424649959e+02
8.568727345492513336e+01 7.426523134583126762e+01 1.063791910991514840e+02
2.252110194038145963e+01 9.356150568656175892e+01 1.024715884225464322e+02
8.886361950200644344e+01 6.799046005415222282e+01 1.063425299204908328e+02
8.335852869996445236e+01 6.098789026225598775e+01 1.100677519937347313e+02
9.159762814596388125e+01 9.176342525880619405e+01 1.036760856294726949e+02
8.927048858007417209e+01 9.281461701386362506e+01 1.036857237888320071e+02
8.580286141902109875e+01 5.688986648445597893e+01 1.070510775774708208e+02
2.426184407248952013e+01 9.097530609969739146e+01 1.055762500214621298e+02
8.871077809070473563e+01 8.956962449546631433e+01 1.034808381777635589e+02
2.802192969797690125e+01 9.036529564161457984e+01 1.034612612934526510e+02
8.828632049115081770e+01 6.282110197803272911e+01 1.090680144773648124e+02
8.849417724613918779e+01 7.579378433787739766e+01 1.075839727499129594e+02
9.189664923075002889e+01 8.601336770204964921e+01 1.032869928037299019e+02
8.414577002657583193e+01 5.625514230714250630e+01 1.105894944448045152e+02
8.796375414230914203e+01 5.933122734229849726e+01 1.107164915987615643e+02
1.994179294900672872e+01 9.316743449617244721e+01 1.031849137849429781e+02
8.797175144596835139e+01 6.897644092597685983e+01 1.076289961196366818e+02
9.042478306345914518e+01 8.176663308476588554e+01 1.051735761014997053e+02
8.939546347688936123e+01 8.872874140042462443e+01 1.062452129498644382e+02
2.039422616738020722e+01 9.511094613709168755e+01 1.035693600704356356e+02
8.707689516508477823e+01 7.190653115836268228e+01 1.079804510376873736e+02
8.381921096554397366e+01 6.724267596090477639e+01 1.107051032076113017e+02
2.059863334198657014e+01 9.551803976072309865e+01 1.051657138357281838e+02
9.219379534699058354e+01 8.982182644452298348e+01 1.046687262958628821e+02
9.125248651281491163e+01 8.375285676383269617e+01 1.039795280643284059e+02
1.881379930408548162e+01 9.422720487691275082e+01 1.044418419248132892e+02
9.026701393533328144e+01 8.625996642313712925e+01 1.043893188990973329e+02
8.542411424158257205e+01 6.959176469773815654e+01 1.089845629241635265e+02
1.949036167653657259e+01 9.256446369164301302e+01 1.062014977952255350e+02
8.920811751329023309e+01 9.042506849205298636e+01 1.048480898466259532e+02
8.754320721099017533e+01 6.649544093107763842e+01 1.099966795249159617e+02
2.310069061710574445e+01 9.360909390423498166e+01 1.062451800249082936e+02
2.280012534752121311e+01 9.191073174190633210e+01 1.060184628373339706e+02
9.039389252746326520e+01 8.885379887084333461e+01 1.070764144772575150e+02
8.308401946065048094e+01 5.630912785848249769e+01 1.159842965380897795e+02
8.742382750325177199e+01 5.784890695599192156e+01 1.121459184340990873e+02
2.243373874424036174e+01 9.260946501257438968e+01 1.076148325134185200e+02
2.108495720160406606e+01 9.561011841451656323e+01 1.076993914991492431e+02
8.641282387476141480e+01 6.642365940190153140e+01 1.112583773519769466e+02
1.673566055263209051e+01 9.520181831027623787e+01 1.083477996759802977e+02
8.543675505418205773e+01 6.722708598969373384e+01 1.111219203192717941e+02
8.381038780739294225e+01 6.404041939999657984e+01 1.118824353501053395e+02
8.387567531539124843e+01 6.121961398411901456e+01 1.126223058519440769e+02
1.669785133678863076e+01 9.407095895895743354e+01 1.091213138228706612e+02
1.978186049418471981e+01 9.257738526054164652e+01 1.095737118475055354e+02
8.763740231692257510e+01 6.195335786017803770e+01 1.112385848101596082e+02
8.537506671331573216e+01 5.617699726557579964e+01 1.133143963376137719e+02
1.736424461107590034e+01 9.536853211483766302e+01 1.099151772677489305e+02
8.355337601166309014e+01 5.530454234134367653e+01 1.138701505699966390e+02
2.084124233236517654e+01 9.513461421660392148e+01 1.100620469351581505e+02
8.662606059339979936e+01 6.226683311060506298e+01 1.125631449668856163e+02
8.515703360401417399e+01 6.153504215223303220e+01 1.133671303123269780e+02
1.706647783798342388e+01 9.457085092905160195e+01 1.101654104822861484e+02
2.049987307304606432e+01 9.416114769319123923e+01 1.113236788636334467e+02
8.384540897413481275e+01 5.876857319358600051e+01 1.157057528146592631e+02
8.685585479578300294e+01 5.933847333052841577e+01 1.151075443428343874e+02
8.393885889933301314e+01 5.430846160317977223e+01 1.165444919009018463e+02
8.535445899648392754e+01 5.942914839753690615e+01 1.157540125549493695e+02
8.520269747559750328e+01 5.660876196361832058e+01 1.160272335073428565e+02
8.172466238781795766e+01 5.345199563784296259e+01 1.180045334678225402e+02
8.441382915075224957e+01 5.648906253560424062e+01 1.171922680041900264e+02
8.352028131752700801e+01 5.534129482489124996e+01 1.194643956475525925e+02
8.234076729522533356e+01 5.184891860827666932e+01 1.184005536094058471e+02
8.346361623551705122e+01 5.247243389871501051e+01 1.208737848119465923e+02
8.096796115866743548e+01 5.337219827010213891e+01 1.214099726888197495e+02
8.174822544098253729e+01 5.201315679949196635e+01 1.217054482123140957e+02
8.307872636434986191e+01 5.320659238920055856e+01 1.236211580032348678e+02
8.185455160924959728e+01 5.386796054280130619e+01 1.239755574857240390e+02
