-5.821391050526081301e-01 -7.801357674472395587e-01 3.931361065585107895e+00
-6.034280826211553261e-01 -6.440355878840584580e-01 3.984932523807351856e+00
-8.644485453245831508e-01 -9.001008203033666888e-01 4.797238972968919768e+00
-7.608422882798144826e-01 -9.987067194741747755e-01 4.950372777960534876e+00
-5.900657614283346675e-01 -7.646165499638755136e-01 4.938100887707637554e+00
-7.463246257169409148e-01 -7.010648203944978007e-01 5.481496161199324035e+00
-5.819305767265596785e-01 -1.410826616092659136e-01 6.936877435937013558e+00
-9.272268984307814321e-01 -8.501038864746579549e-01 5.909708306233820707e+00
-8.689122281309202833e-01 -9.660483036380451694e-01 5.716352059204744762e+00
-5.121102949497089440e-01 -6.328213345897708564e-01 5.795727008596924357e+00
-5.963327048188364898e-01 -5.408912827067045015e-01 6.851602211397334941e+00
-6.503732267229658248e-01 -7.901482666627437368e-01 5.650192133365295355e+00
-7.442559480011290418e-01 -4.864722769754052933e-01 7.031710912621395693e+00
-2.735130156746432006e-01 -5.946336984940710224e-02 6.805560324044186871e+00
-6.396314720003850596e-01 -3.827062607372848091e-01 6.240375362671205295e+00
5.711700180757790096e-02 7.095575465862413722e-01 6.231357211716979094e+00
-4.767098553968009828e-02 6.626697616946781721e-01 6.844870967621922375e+00
-3.490238621723590895e-01 -1.920123143572869118e-01 6.009253760077509554e+00
-5.847736680176662816e-01 -4.621478254137763031e-01 7.344712904725270164e+00
-4.864639307712401162e-01 -2.468342093207270133e-02 8.349087514342613758e+00
-4.303723628299653825e-01 1.003000950454726037e-01 8.014642251891444857e+00
-8.097117634056870406e-02 3.324040775877338816e-01 6.190842469651472335e+00
3.595152863018817868e-01 1.310049448093512092e+00 7.523503293027594907e+00
1.709633364621279128e-01 8.457778118622698571e-01 6.879168064064472787e+00
3.978064841102212923e-01 1.241813398159161252e+00 7.548392034583844890e+00
2.142441285517051042e-01 1.028140823267396087e+00 6.570457093419599381e+00
1.265882013194751687e+00 2.575828459609628140e+00 7.704285985651434743e+00
1.476908656365756300e+00 2.897661657669845070e+00 7.469119006491702351e+00
9.854282048098990388e-02 8.620152776060763244e-01 5.718059847975176524e+00
7.067133639896265862e-01 1.879266416079907964e+00 6.554461469161033449e+00
2.753557810710666742e-01 1.288023255197774830e+00 5.859958802830405489e+00
1.795864082272549567e+00 3.305879580715660015e+00 7.660523754692214027e+00
7.367338096248925439e-01 1.812847140495496001e+00 6.726532435943816779e+00
7.335343076621289593e-02 9.623869280806723880e-01 5.452846515234156755e+00
2.507811452875809977e-01 1.132627728518970756e+00 5.955859056597617496e+00
3.344937918245278752e-01 1.291679046481604587e+00 6.060317639932897293e+00
-8.833980109467630404e-02 8.243441801987572148e-01 5.290655659782046882e+00
7.344942858183500789e-01 1.824831594479336294e+00 6.659289650094535773e+00
-9.466286527270639795e-02 9.084617390871407849e-01 5.318477371688352662e+00
-2.559694344126342003e-01 7.241534907472342297e-01 4.979175621173613564e+00
5.864091229794716753e-01 1.596329028780131054e+00 6.525884241192173363e+00
2.623500143331010045e-02 8.060865229676448251e-01 5.725375298651155020e+00
-1.659316147690788057e-01 6.547043407109143232e-01 5.236649255252103785e+00
-7.422775999285118331e-01 1.999641766174136137e-01 4.408274629393439170e+00
-5.219781721870297986e-01 2.062076484458578995e-01 5.172786719754860485e+00
-4.573210805048368854e-01 2.038113180507910016e-01 5.805663890396311366e+00
-6.909614756961222071e-01 1.603387313860764052e-01 4.535240463286594803e+00
-3.322401435150936777e-01 1.322057522089465920e-01 6.058612447845920457e+00
-4.980615097244719958e-02 3.794175570609290005e-01 2.803922060857744203e+00
-2.322058153669742941e-01 5.595326401298681418e-01 3.918874161221467034e+00
-1.112117917090564012e-01 3.567283148264336901e-01 3.351588951212427503e+00
-3.706893858213540227e-01 1.667679106055802996e-01 5.340224792634650441e+00
-8.791375371033889607e-02 5.801239003791582860e-01 3.023857496918772370e+00
-4.233906800018689964e-02 4.861693539345618986e-01 3.131930998312547842e+00
3.193915867197100189e-02 5.499596608005745679e-01 2.901419206875637258e+00
-7.778511021675278414e-01 9.987653449366000469e-02 4.502434190955504789e+00
-6.196884954158132786e-01 -5.818018877108244169e-01 5.755001690362774980e+00
-2.462577364024393922e-01 2.294225854101820949e-01 3.727643979177010181e+00
-9.844986652101788138e-01 -3.355402850126587011e-01 4.357619006689311902e+00
-6.999926365801680817e-01 -5.631139315116389099e-01 4.982222830185218498e+00
-2.011804592324661911e-01 3.012028657775366880e-01 3.104306112422676733e+00
-2.894542719529908936e-01 1.916638780290647048e-01 3.984512074294257467e+00
-8.020877340719607673e-01 -5.006813753003669376e-01 4.842737839768216368e+00
-1.356889221783139955e-02 3.875858862446595055e-01 2.352590823296196731e+00
3.656957360127850026e-02 4.203041155977125243e-01 2.751064219945817069e+00
-3.372449450506849189e-01 -1.204272737763353973e+00 6.047430052257322330e+00
-1.116001421219801060e+00 -1.249557834410274931e-01 3.674885227276256217e+00
-1.429138323442326886e-01 1.480394865167440066e-01 2.190500506323296293e+00
-1.290319146913219583e+00 4.683778231688150162e-02 3.323503905921370460e+00
-4.602171896107076776e-01 -3.545092339255634939e-01 4.368718894642128703e+00
-4.812479415838897268e-01 -1.552749996940966937e-01 3.964451171472205715e+00
-2.242690309001563520e+00 -3.228836464251012117e+00 6.533641527757310996e+00
-1.886646062865992013e+00 -3.025320849836830917e+00 5.847261291541592243e+00
-2.148626962623152892e+00 -3.428633944942315992e+00 6.861035973445289926e+00
-2.132522256973921060e+00 -3.077928328117828016e+00 6.057741850095467839e+00
-4.403474663141793144e-01 -1.297642419515359080e-01 2.665209152992893848e+00
-1.770044201541455919e+00 -2.521465804633756136e+00 4.845434841198496656e+00
-5.511777262978014846e-01 -6.311729949942659346e-01 5.116637726836820832e+00
-4.489450423925056000e-01 -4.022867171895239125e-01 3.260345383591669588e+00
-1.878089395724755528e+00 -2.405594726762069868e+00 4.623946855841673198e+00
-1.417679584281790639e+00 -1.287440885856216966e-01 3.368923730288905016e+00
-1.913218780167937894e+00 -2.522696656714582986e+00 4.672667313835859204e+00
-1.105743669236066040e+00 -6.521471630944191133e-01 3.814232077274240851e+00
-3.696717766502679026e-01 -1.347139492886084478e+00 5.509049176150227822e+00
-6.857963418009287437e-01 -5.037427414924682267e-01 4.056690589551486426e+00
-7.853619747464257728e-01 -6.662211809713909361e-01 4.483343507137867334e+00
-1.401962100338076889e+00 6.166611817201150120e-02 3.066891596468260150e+00
-4.926297656849615847e-01 -9.499220711832627728e-01 4.316164729181195980e+00
-2.678944622535670006e-01 -1.518461665468780024e-02 1.980936526401741560e+00
-3.434565146244671907e-01 -2.906252529852562105e-01 2.204016011581934720e+00
-7.269489007592540020e-01 -3.553075684950818824e-01 3.003959140095560088e+00
-1.775922335541590291e+00 -2.450057357997636132e+00 4.274311560762711792e+00
-1.899909648425488484e+00 -2.579162217256600442e+00 4.611561310913877776e+00
-1.421352418202877388e+00 -1.972116679311425869e-01 3.260285037826044174e+00
-1.327990642234453844e+00 -6.057161309002019323e-01 2.640549739062855394e+00
-6.109546890385821882e-01 -9.659678595344960428e-01 3.886472846210565990e+00
-4.606349431103815006e-01 -4.126231024437564954e-01 1.891198718356208008e+00
-1.588251447537890826e+00 4.115373098011330250e-02 2.930424797893138589e+00
-6.888789879344567879e-01 -4.563360862600713830e-01 2.047789992505130385e+00
-1.786389479462730634e+00 -1.998758950538034318e+00 3.612861226086423017e+00
-1.789721945737555941e+00 -2.191458428423977978e+00 3.773318288133985732e+00
-1.879850999048180427e+00 3.159522066845337207e-01 2.440230269335372792e+00
-8.496132165367367151e-01 -7.872343309574603154e-01 3.072894597527778160e+00
-7.080151559306973041e-01 -7.849170507657774465e-01 1.944213665103696087e+00
-1.768459193487819547e+00 -1.801949220005683694e+00 3.402873349662293379e+00
-1.259341500595263952e+00 -5.771600363667381828e-01 3.269717020062550716e+00
-6.633221482540534453e-01 -7.977723308253779066e-01 3.100887241847793074e+00
-1.763535083428656947e+00 -2.080977303059280192e+00 3.299860659047241018e+00
-1.630745890400335796e+00 -3.661160485366252160e-01 2.561719760791618228e+00
-1.954799734610064732e+00 7.294007451118030005e-02 1.960441768558382369e+00
-1.419008587457010861e+00 -5.411087235940925666e-01 2.809516538462091706e+00
-1.171412140895673915e+00 -7.216917469299470866e-01 1.699944275011397110e+00
-1.746329313889521506e+00 -1.959473429602327954e+00 3.376398988215399743e+00
-1.707799800285091152e+00 -1.906260587967855580e+00 2.961177435573425054e+00
-6.496578842099118845e-01 -5.252722357075221282e-01 1.674699614518956992e+00
-1.735403572281789764e+00 -1.628259619404129666e+00 2.654490585289828175e+00
-1.891969626240546987e+00 -9.961545568051981547e-01 2.409956622366685064e+00
-6.993234625073796451e-01 -6.560341285218260765e-01 1.456267106893768926e+00
-2.214726838482858895e+00 5.794330449299280872e-01 1.705560396365072506e+00
-1.804414133658386987e+00 -1.100155834127534010e-01 2.415335692287193581e+00
-9.996155397807148235e-01 -6.099365208836591279e-01 2.332675026958916931e+00
-1.804820827324057575e+00 -1.105794815229753425e+00 2.617123612771920182e+00
-1.767705749019494732e+00 -1.748033320545859581e+00 2.758726405590017805e+00
-5.782949177400986684e-01 -4.680183254814770932e-01 2.059774814865832582e+00
-1.656326465497262035e+00 -9.216325338633968300e-01 2.467495484199353939e+00
-1.651037088693353638e+00 -1.756522638419324878e+00 2.424812476822694407e+00
-1.673166239238716102e+00 -1.876952896812994709e+00 2.438980763431239041e+00
-1.149851372813841976e+00 -4.966336959467624879e-01 7.023254310903652708e-01
-1.525209924887029445e+00 -4.572604149153001174e-01 1.084313588169870002e+00
-1.827902555861708800e+00 -1.734664983806581517e+00 2.136374567073254127e+00
-1.575696763784861787e+00 -1.400562987440073570e+00 2.320461744775073054e+00
-1.567409463902112776e+00 -1.741051095207225785e+00 2.113311493646783390e+00
-1.964098940659361636e+00 -1.273181430988651996e+00 2.204569024949627476e+00
-1.718053678213246727e+00 -1.553226462802456354e+00 2.033386616541115188e+00
-1.888805626572176877e+00 -1.177564321647663448e+00 2.179019639706034184e+00
-2.331020667428457926e+00 8.277232992748047025e-01 1.676000625633754737e+00
-8.175698845178640539e-01 -4.737634124446827855e-01 4.844365938893275825e-01
-1.976890175286234452e+00 9.861690278479599836e-02 9.160437565346127853e-01
-2.262186967643385671e+00 -5.864553510034470341e-02 2.012619415102214759e+00
-2.627273486721470874e+00 1.029300650854816368e+00 8.571831998733117075e-01
-1.639311697145211966e+00 -1.665353454616777640e+00 2.056701037919644648e+00
-9.920547989055812366e-01 -8.212040041168240379e-01 1.696801245015542747e+00
-1.512440090952024363e+00 -2.796420859716146068e-01 3.098406156055801830e-01
-1.153653827517624464e+00 -1.697360227918414566e+00 1.435073698806043296e+00
-2.012499597954824804e+00 -7.753950079299318787e-01 2.006048994114649986e+00
-1.994139114011977298e+00 -6.411620785392031507e-01 1.984935439608030094e+00
-9.790902360644118119e-01 -5.144797497971573819e-01 1.285315081549200045e+00
-5.557354450947329383e-01 -5.547346195296576354e-01 7.469877486525788868e-01
-3.256432823411207877e+00 1.888173118824990837e+00 9.565902558382077814e-01
-1.755321380122293107e+00 -1.390258305674904882e-01 5.104195479532975810e-01
-1.393920982729508040e+00 -1.622199836375576965e+00 1.429362997464124874e+00
-2.482913354653284443e+00 7.382368019295366679e-01 -2.625773718173505245e-01
-1.763175308423727827e+00 -1.552479326515742386e+00 1.717945836301922213e+00
-5.584827142730262040e-01 -3.203433303489759965e-01 -1.157051356024964978e-01
-1.803643791962407983e+00 -1.324491308515201027e+00 2.158645715450859814e+00
-2.207451243679123820e+00 6.050218310559447588e-01 1.317750476390578740e+00
-2.884180910383550511e+00 1.254992281851999181e+00 1.485676113683716437e+00
-1.584461658684596097e+00 -1.227493799718244460e+00 1.172924936501154036e+00
-2.644252323554319162e-01 -5.303008266566298090e-01 1.278016047254552923e-01
-2.347283255167850413e+00 7.943332908152971328e-01 -1.021626593313093911e+00
-1.829187110085578993e+00 -3.385968397275184727e-01 2.013516128437494501e+00
-1.536721395358746634e+00 8.439085704025289791e-02 -6.379894531029108862e-01
-1.138627164750275256e+00 -1.442815611427620937e+00 1.098122254243136808e+00
-9.747014908638238495e-01 -7.178156905903598783e-01 5.720360788715481704e-01
-3.150913321332611705e+00 1.663440079869834776e+00 -5.490445250370612484e-01
-1.869516814177160313e+00 2.482124938230859945e-01 -7.580607695985861483e-01
-1.829573106990036502e+00 -1.067940211934050865e+00 1.852317396073210887e+00
-2.055574523976122947e+00 7.999884829625116822e-01 1.128697595899432082e+00
-8.044587247931733742e-01 1.752244749066046992e-01 -7.641732226153479246e-01
-1.846579119739728103e+00 -1.353663674419131269e+00 1.567904708328569541e+00
-9.361118081292544302e-01 -1.037996913422566947e-01 -7.540228230502059314e-02
-1.358516768806016017e+00 -6.643727540667985210e-01 6.055086930398871914e-01
-1.928533494125110437e+00 9.065952537903319841e-02 1.497026804255135124e+00
-1.786244403621324750e+00 -2.847886898708721914e-01 1.730506322371063277e+00
-1.762419423178928080e+00 -1.330334666190678305e+00 1.278489865428682037e+00
-2.139554699199983090e-01 -7.788620500718039519e-02 -4.763254557418648005e-01
-1.819595530701274333e+00 -9.590821051389771812e-01 1.334810268450610238e+00
-6.155512479366773704e-01 -7.281543757479440326e-02 -1.980548976798316985e-01
-1.496476611190521666e+00 5.147733191201755432e-01 -1.764906091636404994e+00
-1.008342657405957965e+00 -7.273780528350837216e-01 4.055660216242812921e-01
-3.065962812263435922e+00 1.886284659641267902e+00 -2.276747010155609985e+00
-1.896021096066604072e-01 9.062599640025316150e-01 -1.761035196967419836e+00
-2.109073386622666746e+00 1.420803223663247294e+00 8.595221626247209201e-01
-1.427518878698331994e-01 1.048998510224103953e+00 -2.881343356881309603e+00
-5.983291392759291227e-01 -3.595137629761939735e-01 1.983211637463709945e-02
-2.727878592407382286e+00 2.371262923452539084e+00 -1.159733494573330859e+00
-1.703703103944999242e+00 -9.932947106519199876e-01 6.121895687947898068e-01
-3.107662798177686980e+00 2.202579730381870604e+00 5.780826734635908792e-01
8.240582011519839711e-02 7.899774138086712583e-01 -1.053926161862811517e+00
-1.465110577393357261e+00 -5.224521387577851783e-01 3.662073920256787019e-01
-7.530512251383534306e-01 1.110619741041898090e+00 -2.960633938176755464e+00
-3.411791952248645288e+00 2.137679599818496978e+00 -1.696485215225898457e+00
-1.869130794083313063e+00 1.464160879459432962e+00 -3.014380715018681656e+00
-1.711609779346158433e+00 2.372740595302188282e+00 -5.679471049948858763e-01
-5.833561813549721364e-01 3.187577288711195833e-01 -6.100933808313797613e-01
-1.646665454197933087e+00 7.338959304241434722e-01 8.027600581625122800e-01
1.560600092299697095e-01 1.429764298267819811e+00 -1.359463265696852829e+00
7.663067834248410426e-02 1.052443114874831664e+00 -1.292670704251683844e+00
-1.716814646720656867e+00 -6.579124737594312933e-01 6.304800829053434086e-01
-6.248217757524390237e-01 -3.674761167565847031e-01 3.754605036633759663e-02
-5.810189028883350204e-02 8.526884432527932489e-01 -1.217390102824843501e+00
-1.628164617206676823e+00 -2.413695751326407901e-01 7.516637484198156471e-01
-7.267581419348410066e-01 -4.954390457192622832e-01 -5.181781878481919734e-02
-1.397509910851066905e-01 -9.107318654854519580e-02 -3.946144355269751158e-01
2.053544023932757923e-01 1.550092989882578820e+00 -1.773779069335930103e+00
-2.863065185798438606e+00 1.972468738555503975e+00 -2.213643079729017416e+00
-2.404579189998578670e+00 2.070803552627488386e+00 -2.254772043613527899e+00
-1.791262373736502767e+00 -4.683081329268058979e-01 5.726874612317089941e-02
-1.461518366655994328e+00 2.204921497899690053e-01 5.790198837674296328e-01
-1.236881152047796917e+00 -3.332320855369239054e-01 1.953031367252791028e-01
7.230646260178446028e-01 6.903732655790548733e-01 -1.450587328835787559e+00
-2.254238367469572069e-01 -6.818780221337659986e-02 -2.323640983126011028e-01
-1.153022665606576069e+00 1.205231046823223906e+00 4.339518704112705905e-01
-1.512632777308912324e+00 2.223220951223725095e+00 -2.009150621590038099e+00
-1.520885734987142968e+00 -2.203599708640985866e-01 3.288906477901534231e-01
8.056969977376766678e-01 1.352763064764294754e+00 -2.885580115168146165e+00
-1.232217685663332896e+00 1.978904512263781057e-01 2.704927977707569098e-01
-1.024173243653059506e+00 1.098060730536417395e+00 -3.106371630263460304e+00
-1.878455644764680077e+00 1.641873016746846048e+00 -2.203408543510648077e+00
7.487114220494373029e-01 3.904284485917929870e-01 -1.007509328729348397e+00
5.259383794180756411e-01 9.175122774968703654e-01 -3.507169498379404615e+00
-1.558341936716713505e+00 1.760005316466422443e+00 -1.706340201273711443e+00
-1.732404028638342197e+00 1.398963315433007892e+00 -2.191753167022284288e+00
-1.286204365488487156e+00 1.867670625095523951e+00 -1.740641441351030494e+00
-6.535021610116924506e-01 2.282622158183917005e+00 -3.233130818162519710e-02
2.068107433899885883e-01 2.352957025643634736e+00 -1.855280543183461139e+00
8.289386108740259829e-02 1.770609033139034949e+00 -1.494782963114289709e+00
-3.032320167255714849e-01 1.663571995878541543e+00 -2.657313965280707180e+00
-7.507371288435198409e-01 -2.882070089874523844e-01 -1.320094007962210880e-01
-4.931896354363125012e-01 2.013427464715572768e+00 -2.320903594055749863e+00
-9.163293604467543929e-01 1.257641927407942006e-01 3.250591944126309668e-02
-2.677372856916662158e-01 7.596410099439161456e-01 -3.807875988830190295e+00
1.096433805999057043e+00 1.816302431186066713e+00 -2.710268831414126112e+00
-3.687748371893118104e-01 1.735441914247973116e+00 2.060722622363043988e-01
-7.084866924003119237e-01 7.429546454147466505e-01 8.430678431655279359e-02
1.920654455403968952e-01 1.501309581697748641e+00 -3.095513828624817165e+00
-9.059093889452890513e-02 1.999984058026941014e+00 -2.488103260739698896e+00
5.976932249851785173e-01 8.473057298943000859e-01 -4.342470883353996669e+00
5.838312563309546732e-01 2.415530501527451079e+00 -2.173598175079206385e+00
1.123319924342474962e+00 1.619818059905661300e+00 -1.904316508588003609e+00
8.203899986616029760e-02 1.127203137132191557e+00 -3.331245091945632453e+00
3.947110718817583019e-01 8.833697812417753426e-01 -4.125420492301280717e+00
1.098154546359548789e+00 1.169825669074546326e+00 -4.585476716506995842e+00
5.807928882670942983e-01 2.642326205374246229e+00 -2.101470228059142187e+00
9.676513446132510576e-02 2.667277335315981102e+00 -1.512359418831103142e+00
1.612821728616101069e+00 1.200522104579277993e+00 -1.649796050429209515e+00
1.125422722990432334e+00 7.202113065797934865e-01 -1.077137342051166291e+00
1.302769901056139545e+00 9.673041675685284391e-01 -4.832507466512815597e+00
8.486221033360390464e-01 9.987920018367262287e-01 -3.577862803850372586e+00
-2.708569095725791853e-01 2.192716241081011930e+00 -2.183596044784714252e+00
9.467838073797594234e-01 1.360227265406050989e+00 -1.684471812055704731e+00
9.406655506865497784e-01 1.221436355193715073e+00 -1.703403532312961710e+00
9.134838939624839727e-01 1.231869003786609795e+00 -1.905556182902891971e+00
-1.093115604654801010e-01 3.542530254548736934e-01 -2.498406164945378982e-01
1.463820579157239621e+00 2.549833098721280056e+00 -3.365126508998265820e+00
1.426316908182124976e+00 1.082991789910525915e+00 -2.055373668015456179e+00
1.037282532991037121e+00 1.137550181185435605e+00 -4.261966452850309395e+00
1.292528101981380573e+00 1.433179204808153528e+00 -3.380556939944433736e+00
4.503311360553983178e-01 1.859807951862576303e+00 -2.992819585423291073e+00
1.043585556661216884e+00 1.357662788148147115e+00 -1.831831332520124311e+00
9.367211398953916301e-01 1.465794728777344957e+00 -1.917876140254790363e+00
1.104392128785421923e+00 1.518078351453628017e+00 -2.607034555105194329e+00
1.358841129252615687e+00 1.401385946156512574e+00 -3.582169974275373647e+00
9.160775637362768009e-01 1.030082803512849310e+00 -3.970369347664060911e+00
9.481290796832162471e-01 2.437591279288689350e+00 -2.945619831566901325e+00
3.043517444064569033e-01 2.682122838884132054e+00 -7.840710456841080145e-01
1.368403496069594993e+00 1.166675722274369775e+00 -2.838766083887292790e+00
7.152557661178935433e-01 2.216426662911018752e+00 -2.145982608661981317e+00
1.380280814567685255e+00 1.037390028902906991e+00 -2.669978368720379081e+00
1.213279018652869690e+00 1.125885441133149811e+00 -2.002617254661231527e+00
1.857758390392819925e-01 2.537817447627455536e+00 -1.649329775486521044e-01
1.602805645985064587e+00 1.834306349664224456e+00 -3.808979158798109665e+00
1.125709332691183562e+00 1.591412416327974810e+00 -2.797616951920140593e+00
1.591869634878245066e+00 1.673992099723930593e+00 -4.122682789955732119e+00
1.918970421028589057e-01 1.013136935783595760e+00 -2.627445997968607116e-01
9.818655191517143832e-01 1.634633210445498364e+00 -3.257722561190718125e+00
1.526320843226546486e+00 1.646735634041757379e+00 -4.648344244273722836e+00
9.901950663524949903e-01 2.189556468467065642e+00 -2.293676286204771486e+00
8.639761748421559417e-01 2.141581887112836924e+00 -3.121586427106556982e+00
5.528196908277287491e-01 2.364978715683413668e+00 -2.236906828484563903e-01
1.214035550983632916e+00 1.419925043457709535e+00 -9.013745931502156195e-01
5.913033914712269024e-01 1.939112002139419033e+00 -2.820356483555720217e+00
1.017735704271730768e+00 1.779168518590790171e+00 -3.121803314427125997e+00
1.500630807216392304e+00 9.692358581690125874e-01 -2.672909654995976325e+00
1.789139906055838836e+00 1.163517863125656859e+00 -4.823950715295978853e+00
1.315851466519663893e+00 1.485407508780037134e+00 -3.115658065418614342e+00
8.425796044081312886e-01 2.217112931210110105e+00 -2.294603261330841804e+00
1.643492693380862235e+00 1.077414843450782200e+00 -3.365961216657936461e+00
2.357426219737469353e+00 3.395947118227926054e-01 -3.792504942190824124e+00
4.202636426910366096e-01 2.398176111711004310e+00 -2.361440985889416311e+00
1.709313400813080364e+00 1.312403474109258505e+00 -5.159668000524654019e+00
1.816898875911018507e+00 1.162587081050189042e+00 -3.991728865753970013e+00
1.830887168680218835e+00 9.570404279322896057e-01 -3.456050659776266798e+00
1.618182243596566039e+00 2.368266944115060113e+00 -3.759878774789534361e+00
1.914758310148702458e+00 2.112428654214838275e+00 -5.363804972365436186e+00
1.139847477003083753e+00 1.949586433092224791e+00 -3.128772734576230619e+00
1.285102094124320971e+00 2.119253789710311864e+00 -3.402304082323105661e+00
1.769485678576891985e+00 2.636061549857210196e+00 -1.269648166114500043e+00
2.101600377241971795e+00 5.791235403017811478e-01 -3.103956947444515890e+00
9.301410599930476364e-01 2.806417605839254037e+00 -1.901987904640584759e+00
2.108318586964768926e+00 1.128501482733490491e+00 -4.440790559650388047e+00
1.305562865426301400e+00 1.725382662963159675e+00 -3.260094419115652897e+00
1.902050499111824777e+00 6.211653980502536143e-01 -2.671916356488154065e+00
1.500856461720591284e+00 1.523413293868394192e+00 -4.270000958284292381e+00
1.425388323444677141e+00 2.650336741359376802e+00 -3.305003333377243724e+00
1.852629710649353001e+00 2.071640117233001011e+00 -2.009955213283994180e+00
1.183900409114231778e+00 2.447784760234442913e+00 -3.219867302974044776e+00
1.397469420543401952e+00 1.863403203672344910e+00 -2.274525565234490898e+00
2.246621331916060171e+00 2.569282064072240246e-01 -3.038102111241229863e+00
1.332490756209097071e+00 2.755953379972329031e+00 -1.205108587226255912e+00
2.266006188331060045e+00 1.366999865150305027e+00 -5.439228172875516520e+00
9.155779028969791566e-01 2.196216430834581956e+00 -2.525223897709302889e+00
1.549590446858015502e+00 1.590148295803963663e+00 -3.514426046934318038e+00
1.546738961533101531e+00 1.319662662554250909e+00 -3.404560136891284117e+00
1.754848862518814556e+00 2.258736546381845400e+00 -4.336624831535239366e+00
1.892336708516229038e+00 2.328996253823365947e+00 -1.919163359388853962e+00
1.337464364481595780e+00 2.756041538285190384e+00 -2.764839399609037685e+00
2.325704931936838804e+00 2.252471196124445019e+00 -5.930791114183122659e+00
1.536213249782887758e+00 2.134537883557056759e+00 -3.697265388461829616e+00
1.852327692028032047e+00 2.699752751342810342e+00 -2.111919693430486689e+00
1.572730920983390845e+00 1.997571847480603902e+00 -4.657126795146929510e+00
1.690677252927860863e+00 2.216849254916827050e+00 -5.186799258365091703e+00
1.274881119893517933e+00 2.422176901349610390e+00 -3.233904614416225343e+00
1.610305155449136327e+00 2.726853737968594871e+00 -2.067906819938748697e+00
2.011733378845415032e+00 8.049057835930799598e-01 -3.999598157111279306e+00
1.916636815855903953e+00 2.478428019363569046e+00 -5.610159657433491986e+00
2.565449694473354469e+00 1.910184745565188802e+00 -6.048638085434532741e+00
1.848518076486382000e+00 2.728644970104552314e+00 -4.231627626456329949e+00
1.315508318369483121e+00 2.704041002196753141e+00 -3.028013087182849006e+00
2.658744167989044005e+00 4.649712373964440815e-01 -4.096543033652153554e+00
2.484297342728282842e+00 8.726112213519243710e-01 -4.445447532029888293e+00
1.269977538803948036e+00 1.817214034121839683e+00 -3.287594630324968126e+00
1.272402084580786408e+00 2.169664053563533201e+00 -2.822090794704620986e+00
1.799144579814869971e+00 2.471234405944414902e+00 -5.252188687114355048e+00
2.705724590202450486e+00 1.410578823563030326e+00 -5.600504344837212045e+00
1.779687050212567678e+00 6.444757766589717107e-01 -4.181614105997468300e+00
2.522856364940933016e+00 1.600188544776099064e+00 -5.791787457380060289e+00
1.896403407647524020e+00 2.642615062204882292e+00 -4.155341390094996257e+00
1.404915098251217520e+00 1.800427659915669665e+00 -2.374154005423455782e+00
2.691802631286531522e+00 1.649776638678999866e-04 -3.647829072447776877e+00
1.474655214811987136e+00 1.329187100212866568e+00 -4.165349288888506862e+00
1.234792902487644506e+00 1.790447195563040106e+00 -3.462275064234958677e+00
1.663781959529943677e+00 2.023615586384375220e+00 -4.005204495495817696e+00
1.907986027794996042e+00 2.689602562433176303e+00 -5.742010991504820083e+00
1.812553082582408104e+00 2.555839877511099090e+00 -5.101024020395890091e+00
2.039521227843650308e+00 2.577312705277469362e+00 -4.298645477920246094e+00
1.648410126938321119e+00 2.698600208852203863e+00 -3.379501652386160515e+00
1.404428194670160224e+00 1.890699258798566484e+00 -2.842512654775738667e+00
2.739942471420153680e+00 5.530921234247525575e-01 -4.655660608692450353e+00
1.541098104545708836e+00 2.437445124541085306e+00 -3.558040381697985310e+00
2.200304495773060864e+00 2.945112442837505284e+00 -5.722806334707215115e+00
2.645409186815115721e+00 2.273125751616680290e+00 -6.664640341343088359e+00
2.196437552709557650e+00 2.829568642719943128e+00 -5.194622644287527180e+00
1.772484564086719061e+00 2.580038492815520001e+00 -4.039563672087979285e+00
2.147219405903355138e+00 2.167070741132465006e+00 -4.650246374436235897e+00
2.685602459292312005e+00 1.097424496104782321e+00 -5.618894049741925301e+00
1.806842781186746905e+00 2.461842900768408171e+00 -5.022796528768431301e+00
1.695885593606535124e+00 2.527563388246504061e+00 -3.797244538974127170e+00
2.322947519761834556e+00 2.965525446259941744e-01 -4.460337854217634401e+00
1.591678637665457918e+00 6.128345597327200522e-01 -4.328880192504307445e+00
2.750160242688361123e+00 1.750225294248000552e+00 -6.198190889223980093e+00
2.549469320667357763e+00 3.115120149544765127e+00 -7.509507007922522348e+00
1.396380738863607363e+00 1.960346571329610876e+00 -3.125417722996466807e+00
1.430017117231427548e+00 1.997121463817649101e+00 -3.098145691682674396e+00
1.827254033909738951e+00 2.507379758106914380e+00 -5.311859688712509353e+00
1.831565582076530418e+00 1.467821808665688010e+00 -4.544452507557252829e+00
2.173236579956759229e+00 1.622980194131182330e+00 -4.986854286242341061e+00
1.780110719901751182e+00 -1.273249385392279977e-02 -4.108884670927771765e+00
1.525757644214566611e+00 2.397404899612264106e+00 -3.095838450722148139e+00
2.156703867164332156e+00 2.400989187497774680e+00 -4.600090064169940263e+00
1.815186972703296320e+00 2.339473219285034489e+00 -4.749531291501014607e+00
1.891610870864695926e+00 2.591038746394612957e+00 -5.204686341811800787e+00
2.114805285874702179e+00 2.188894645675673878e-01 -4.496987350448044651e+00
1.889208275669568948e+00 2.508201226307555487e+00 -5.122048178922263162e+00
2.047522019977467522e+00 2.887117334731371443e+00 -5.721530211906448393e+00
1.805230868627383245e+00 8.522660604653147232e-01 -4.660281428770502998e+00
1.611180358087947795e+00 2.383736867237437884e-01 -4.217071126870258979e+00
1.570410054373619246e+00 2.278428457685408137e+00 -3.187715048605660684e+00
2.086556871067934082e+00 3.022234326203626864e+00 -6.397355161983306004e+00
2.558873564367930342e+00 1.751140556334823961e-01 -4.945391170690619731e+00
2.692344664568102175e+00 2.592745810033161291e+00 -7.700563337225410976e+00
2.549236572501170528e+00 3.086814688661872808e+00 -7.867287575450490067e+00
2.839241100200514012e+00 2.167649257487383796e+00 -8.348855675784378150e+00
1.806832390457411952e+00 2.415529774365793969e+00 -4.229518024832557899e+00
2.724667112616378617e+00 3.374856883516307859e-01 -4.799665538413798060e+00
1.850322031553398361e+00 2.371988550231055815e+00 -4.637669476076133890e+00
1.852701126684049626e+00 2.400737540364984213e+00 -4.657976060047005262e+00
2.718117939210123790e+00 8.909407535718774085e-01 -5.829744259026405473e+00
1.507821726715350863e+00 -1.397232700123466898e-01 -3.496137520924690989e+00
2.297784946309958443e+00 3.092450499822124499e+00 -6.724362312394966068e+00
2.287307777234680373e+00 3.129148397367252699e+00 -6.401935578962778095e+00
2.219568728282913739e+00 -2.704421020147975141e-01 -4.812577700361146071e+00
1.592622199140979689e+00 -3.434904831557332727e-01 -3.703098979936732871e+00
2.049977606380434025e+00 -4.033847579219730917e-01 -5.050245655211561768e+00
1.958431533900601096e+00 2.551388338580633075e+00 -4.516969074540448048e+00
1.767605679879393099e+00 2.400445260711174811e+00 -4.461582386555136281e+00
1.411462132640522782e+00 1.964632932477218930e+00 -3.311202884814492098e+00
2.342090509393814912e+00 2.915339294411619875e+00 -5.799397153611323574e+00
1.885504199165605632e+00 -5.915915611454991563e-01 -3.973851951876277155e+00
2.794532963103522505e+00 1.602072424413035989e+00 -6.696310040262979157e+00
2.774831105199670134e+00 1.837544985999441272e+00 -7.103916270428690893e+00
2.149634545958656773e+00 2.735979722592948082e+00 -5.920045795815028100e+00
2.169793272946748175e+00 2.861444665750187966e+00 -6.214347601189309955e+00
2.010777861404466904e+00 2.509229518427543937e+00 -5.418281000845269091e+00
2.357910300705349016e+00 2.737041009052260776e+00 -5.730520599353717159e+00
1.717241035770513236e+00 2.428008610415767876e+00 -4.464133759354965036e+00
2.734231260318193080e+00 5.826644026540357402e-01 -5.547025130055359909e+00
1.944901688591448297e+00 2.517622593498661132e+00 -5.071429444506854622e+00
1.377003018165368076e+00 2.004956630126928374e+00 -3.402676949622815528e+00
2.552049530533388122e+00 2.882416687327259197e+00 -6.572146293408316353e+00
2.082661705331489088e+00 2.349478413468107707e+00 -4.880724890158177232e+00
1.513324927287014177e+00 2.123840204664539044e+00 -3.872978403917727963e+00
2.357910719946238132e+00 -1.239545162392268196e+00 -4.908157125588246572e+00
1.968320961991224749e+00 -8.649367416121336305e-01 -4.494833621859889661e+00
2.141827525337824056e+00 2.218038405953608461e+00 -4.810865085869153290e+00
2.638544430438626520e+00 3.031417615153202405e+00 -7.475118543925162840e+00
2.543277398887406449e+00 -8.702195332125342020e-01 -5.599579784111121228e+00
1.662327886111117925e+00 2.361313230799501284e+00 -4.320779600817857613e+00
2.262411148897285784e+00 2.820079989158871925e+00 -6.585848214289413249e+00
2.140297860265404140e+00 8.104780385188128378e-01 -5.332638412178866361e+00
2.835127477250084738e+00 1.985306997940641693e+00 -8.175051205023848411e+00
1.940643778319067536e+00 2.464906964382366894e+00 -4.984695063810448801e+00
2.797290729182840607e+00 1.780812781122012467e+00 -7.512431735770995544e+00
2.565803373970318546e+00 -4.423664130626878133e-01 -5.677573572601900764e+00
2.281498908548822868e+00 -9.965279568687144263e-01 -5.391368727277360051e+00
2.800420301780414789e+00 1.371219187215862334e+00 -6.857502268770944376e+00
1.596081196045817663e+00 2.299212023950087058e+00 -4.516266045162545595e+00
2.689399220967032988e+00 8.645032356687559760e-02 -5.798873095422244717e+00
2.932282176721336953e+00 2.389260484646352101e+00 -9.172342316844734000e+00
2.758079815627054288e+00 5.058061897461705314e-01 -6.020132938605122774e+00
2.337243025224042370e+00 2.822799732866991818e+00 -6.562003758373556650e+00
1.650591594443737264e+00 2.337634181434410152e+00 -5.015008186913256338e+00
2.243343528902149941e+00 -1.013224417707778019e-01 -5.684640351974572070e+00
2.403287784854645892e+00 3.019200185837171091e+00 -7.324179982495834906e+00
2.374106499275226767e+00 2.857675729380241947e+00 -6.986068392520252246e+00
2.383575358103422914e+00 -1.304547908356937569e+00 -5.424548055157821125e+00
2.217189916559050289e+00 2.527324243986889041e+00 -6.257958773367384708e+00
2.702176099511738983e+00 2.355712986806770104e+00 -8.607270483349353185e+00
2.138946467352656811e+00 2.665655542746180995e+00 -5.868421464897323858e+00
2.785981524276493815e+00 1.302161627173460956e-01 -6.358694506530731871e+00
2.019988708757928464e+00 3.753760889718690819e-01 -5.439170957828771691e+00
1.803474920095300860e+00 2.386873849643999179e+00 -5.066749710288597441e+00
2.197247491123664798e+00 1.070604659340276044e+00 -5.391603319513322390e+00
2.726705708835266861e+00 2.685511902114662064e+00 -8.553794251800574955e+00
2.792009330877784024e+00 2.377663526192423049e+00 -8.851382796071533221e+00
2.493096446268224131e+00 -1.052900801410597609e+00 -5.523359327638786453e+00
2.486092448030924995e+00 -1.319115840517088856e+00 -5.404411650712340531e+00
2.192927085950710619e+00 1.685500290416639402e+00 -5.165884964937042412e+00
2.367765121487352076e+00 2.901832074260962457e+00 -6.816853213767032571e+00
2.758229882107078978e+00 7.468883520930980069e-01 -6.717520261642044410e+00
2.302416206606874738e+00 2.059681988118600149e+00 -5.826725953049397333e+00
2.300873229267168085e+00 -5.085349406772010639e-01 -5.748964458026094348e+00
2.069622156268927426e+00 1.827816445306869042e-01 -5.550688492578274236e+00
1.854238260048104436e+00 2.403526131042012182e+00 -5.617085247756413935e+00
1.928299714692126798e+00 2.309114888926838915e+00 -5.113769013775680605e+00
2.669893246134268594e+00 -5.307441871803497691e-01 -5.961890392008825756e+00
2.777772588431581369e+00 3.372100536293167750e-01 -6.779417950323185948e+00
2.428042171944074568e+00 2.691304308978136106e+00 -6.765373547925591424e+00
2.477470812219412011e+00 2.907792045329696151e+00 -7.209587402123915467e+00
2.919266851276240970e+00 -4.609850738119546931e-01 -6.775454183114135276e+00
1.618390201321396882e+00 2.400862295755549880e+00 -5.410501572929931058e+00
2.746922726236665113e+00 2.487587617867994538e+00 -8.856716349466672966e+00
2.647112599244962894e+00 2.364827296891181874e+00 -8.417956401831382607e+00
2.694169854380247031e+00 1.542892746428933037e+00 -7.592123539239509000e+00
2.717434759461514915e+00 1.997926570378849576e+00 -7.898667612348965861e+00
2.245991697122430963e+00 2.199858056189071931e+00 -6.401856657259521910e+00
2.726429938560961830e+00 2.188031588114677017e+00 -8.318015651414320644e+00
2.661623428459591878e+00 1.196205110779674508e+00 -7.093086423214636227e+00
2.378973126620090195e+00 1.923955095361703949e+00 -6.689851423084341775e+00
2.642435956149158827e+00 6.950611726509077215e-01 -6.756122643463378097e+00
2.246197214478169002e+00 7.053680729244824477e-01 -5.856390790195909801e+00
2.060030500363669859e+00 2.319740058162301111e+00 -6.423245823923608100e+00
2.432778901276082095e+00 -1.036732147541734150e+00 -5.706949284961532420e+00
2.027145054763360932e+00 2.466848678581984089e+00 -6.395982894487438841e+00
2.302343100464568693e+00 2.399505349358740602e+00 -7.626832391064290562e+00
2.528347328488987245e+00 2.406485897292903076e+00 -8.450069387726394154e+00
2.502627422057367212e+00 2.180609895011322408e+00 -7.432763258362093950e+00
2.565219010344625072e+00 -7.512810248986845352e-01 -6.093185853950210173e+00
1.960481168806314400e+00 -2.473420737973160144e-02 -5.683911785552560048e+00
2.328875673819473135e+00 2.429785345779420069e+00 -7.636551142685462423e+00
2.516285514018415714e+00 1.631017422662109695e+00 -7.053619676749541156e+00
2.288122852606823798e+00 -5.385160802476427477e-01 -6.022044241828922395e+00
1.978219335440458693e+00 -4.360778794063370767e-01 -5.724472010819461332e+00
2.877054698668295885e+00 -4.724715894139990269e-01 -7.105531300766905645e+00
2.520616650910424639e+00 2.286322880608876673e+00 -8.518382443332619403e+00
2.751755422587349287e+00 8.963709207383449562e-02 -6.924100886382028364e+00
2.355235285653954236e+00 2.283456216910565217e+00 -8.203817377904719876e+00
2.996833903646425767e+00 -6.841099651768161038e-01 -7.058712512245186588e+00
2.547367151435356192e+00 -5.947065692430789779e-02 -6.651596881487328972e+00
2.058619878263208136e+00 -5.175103931686739905e-02 -5.929571173719629940e+00
2.077530328702861695e+00 2.152517047572239051e+00 -7.765671499967467639e+00
2.582286046197575402e+00 -6.642649696728746278e-01 -6.834811366878540184e+00
2.572097967401393959e+00 -7.566387312799118803e-01 -6.666913810321823064e+00
1.874416037934118373e+00 2.058307573671473989e+00 -7.448748727210670495e+00
2.101563682260737309e+00 -7.625113191569425908e-01 -6.128529122007016383e+00
2.066618641636573273e+00 -5.206946313329101628e-01 -6.128367197098100405e+00
2.089126731715065688e+00 2.062940258385475900e+00 -7.836625446325001576e+00
1.689220881434581045e+00 1.928413957111940746e+00 -7.145852976953150915e+00
1.574140399173918903e+00 1.691760773172051202e+00 -6.890967013709257571e+00
1.739796051926180809e+00 1.921705340561590702e+00 -7.234269127414620471e+00
1.394947970003308058e+00 1.613829625493513831e+00 -6.586589758530912775e+00
1.321369065957426869e+00 1.618635051813271275e+00 -6.449918961948320373e+00
