0 1 2
1 0 3
4 1 5
1 4 2
5 1 6
6 1 3
7 8 9
8 7 10
9 8 11
8 10 12
8 12 11
13 7 14
7 13 10
7 9 14
13 15 16
15 13 17
13 16 18
17 13 14
13 18 10
15 19 16
19 15 20
15 17 20
21 19 22
19 21 23
16 19 24
22 19 25
24 19 23
25 19 20
26 21 22
21 26 27
21 27 23
26 28 29
28 26 30
26 22 31
27 26 29
26 31 30
28 32 33
32 28 34
28 33 29
34 28 30
32 35 36
35 32 37
33 32 36
32 34 37
38 35 39
35 38 40
39 35 37
36 35 40
38 41 42
41 38 43
38 39 43
38 42 40
44 41 45
41 44 46
42 41 46
41 43 45
44 47 48
47 44 49
44 48 46
49 44 45
50 47 51
47 50 52
48 47 52
47 49 51
50 53 54
53 50 55
50 54 52
55 50 51
53 56 57
56 53 58
54 53 57
53 55 58
59 56 60
56 59 61
60 56 58
56 61 57
59 62 63
62 59 64
59 60 64
59 63 61
65 62 66
62 65 67
63 62 67
62 64 66
68 65 69
65 68 70
69 65 66
67 65 70
68 71 72
71 68 73
68 69 73
68 72 70
71 74 75
74 71 76
72 71 75
71 77 76
77 71 73
78 74 79
74 78 80
79 74 76
74 80 75
78 81 82
81 78 83
78 79 83
78 82 80
81 84 85
84 81 86
82 81 85
81 83 86
87 84 88
84 87 89
88 84 86
84 89 85
90 87 91
87 90 92
87 88 91
89 87 92
93 90 94
90 93 95
94 90 91
92 90 95
96 93 97
93 96 98
97 93 94
93 98 95
96 99 100
99 96 101
96 97 101
98 96 100
99 102 103
102 99 104
99 103 100
104 99 101
102 105 106
105 102 107
103 102 106
102 104 107
105 108 109
108 105 110
105 109 106
110 105 107
108 111 112
111 108 113
109 108 112
108 110 113
114 111 115
111 114 116
115 111 117
117 111 113
112 111 116
118 114 119
114 118 120
119 114 115
114 120 116
118 121 122
121 118 123
118 119 123
120 118 122
124 121 125
121 124 126
125 121 123
121 126 122
124 127 128
127 124 129
124 128 126
124 125 129
130 127 131
127 130 132
128 127 132
127 129 131
133 130 134
130 133 135
134 130 131
130 135 132
133 136 137
136 133 138
133 137 135
133 134 138
136 139 140
139 136 141
137 136 140
136 138 141
142 139 143
139 142 144
143 139 145
139 144 140
145 139 141
146 142 147
142 146 148
142 143 147
144 142 148
146 149 150
149 146 151
146 150 152
146 147 151
146 152 148
153 149 154
149 153 150
154 149 155
155 149 151
0 153 154
153 0 2
150 153 156
156 153 2
0 154 157
0 157 3
9 158 14
158 9 159
159 9 160
9 11 160
157 154 161
161 154 155
16 24 162
16 162 18
150 156 163
150 163 152
22 25 164
22 164 31
147 143 165
165 143 145
135 137 166
166 137 167
137 140 167
43 39 168
169 39 37
39 169 168
126 128 170
170 128 171
128 132 171
46 48 172
48 52 172
119 115 173
119 173 174
119 174 123
64 60 175
175 60 176
60 58 176
106 109 177
177 109 178
109 112 178
97 94 179
97 179 180
97 180 101
83 79 181
181 79 182
182 79 76
134 131 183
138 134 184
184 134 183
98 100 185
95 98 186
98 185 186
82 85 187
82 187 188
82 188 80
63 67 189
61 63 190
190 63 189
33 191 192
191 33 36
29 33 192
49 193 51
193 49 194
49 45 194
120 195 116
195 120 196
120 122 196
110 107 197
110 197 198
110 198 113
199 69 200
69 199 73
200 69 66
91 88 201
202 88 86
88 202 201
72 203 70
203 72 204
72 75 204
205 144 206
144 205 140
206 144 148
4 5 207
4 207 208
4 209 2
209 4 210
4 208 210
211 34 212
34 211 37
212 34 30
213 214 10
214 213 215
10 214 12
12 214 215
54 57 216
52 54 217
54 216 217
125 174 218
174 125 123
125 218 219
125 219 129
220 42 46
42 220 221
42 221 222
40 42 222
223 17 14
17 223 20
85 89 224
89 92 225
89 225 224
103 106 226
103 226 227
103 227 100
104 180 228
180 104 101
104 228 229
104 229 107
55 51 230
58 55 231
231 55 230
147 165 232
147 232 233
147 233 151
232 165 234
234 165 235
235 165 145
232 234 236
232 236 237
233 232 237
234 235 238
234 238 239
234 239 236
238 235 240
240 235 241
241 235 145
238 240 242
238 242 243
239 238 243
162 24 244
244 24 245
245 24 23
162 244 246
18 162 247
247 162 246
246 244 248
248 244 249
249 244 245
242 240 250
250 240 251
240 241 251
242 250 252
242 252 253
242 253 243
252 250 254
254 250 255
255 250 251
252 254 256
252 256 257
253 252 257
256 254 258
258 254 259
259 254 255
256 258 260
256 260 261
256 261 257
260 258 262
262 258 263
258 259 263
260 262 264
260 264 265
261 260 265
264 262 266
266 262 267
267 262 263
264 266 268
264 268 269
264 269 265
268 266 270
270 266 271
271 266 267
268 270 272
268 272 273
269 268 273
272 270 274
274 270 275
270 271 275
272 274 276
272 276 277
272 277 273
276 274 278
278 274 279
279 274 275
276 278 280
276 280 281
276 281 277
280 278 282
282 278 283
278 279 283
280 282 284
280 284 285
281 280 285
284 282 286
286 282 287
282 283 287
284 286 288
284 288 289
284 289 285
288 286 290
290 286 291
291 286 287
288 290 292
288 292 293
289 288 293
292 290 294
294 290 295
290 291 295
292 294 296
292 296 297
292 297 293
296 294 298
298 294 299
299 294 295
296 298 300
296 300 301
296 301 297
300 298 302
302 298 303
298 299 303
300 302 304
300 304 305
301 300 305
304 302 306
306 302 307
307 302 303
304 306 308
304 308 309
304 309 305
308 306 310
310 306 311
306 307 311
308 310 312
308 312 313
308 313 309
312 310 314
314 310 315
310 311 315
312 314 316
312 316 317
313 312 317
316 314 318
318 314 319
319 314 315
316 318 320
316 320 321
316 322 317
322 316 321
320 318 323
323 318 324
318 319 324
320 323 325
320 325 326
320 326 321
325 323 327
327 323 328
328 323 324
325 327 329
325 329 330
326 325 330
329 327 331
331 327 332
327 328 332
329 331 333
329 333 334
329 334 330
311 307 335
336 307 303
307 336 335
324 319 337
319 315 337
336 299 338
299 336 303
338 299 339
299 295 339
333 331 340
340 331 341
341 331 332
333 340 342
333 342 343
334 333 343
342 340 344
344 340 345
340 341 345
342 344 346
342 346 347
342 347 343
279 348 349
348 279 350
279 349 283
279 275 350
295 291 351
291 287 352
351 291 352
346 344 353
353 344 354
354 344 345
346 353 355
346 355 356
347 346 356
328 324 357
332 328 358
358 328 357
275 271 359
271 267 360
271 360 359
355 353 361
353 354 362
361 353 362
355 361 363
355 363 364
355 364 356
259 255 365
263 259 366
366 259 365
175 354 367
354 175 362
354 345 368
367 354 368
363 361 369
369 361 370
370 361 362
363 369 371
363 371 372
364 363 372
345 341 373
341 332 374
341 374 373
164 25 375
376 25 20
25 376 375
31 164 377
377 164 378
164 375 378
245 27 379
27 245 23
27 29 379
163 156 380
380 156 209
209 156 2
163 380 381
163 381 382
152 163 382
135 166 383
135 383 384
135 384 132
383 166 385
385 166 386
386 166 167
383 385 387
383 387 388
383 388 384
371 369 389
389 369 231
369 370 231
371 389 390
371 390 391
371 391 372
18 247 213
18 213 10
247 246 392
213 247 393
393 247 392
394 364 372
364 394 395
356 364 395
330 334 396
334 343 397
334 397 396
313 398 399
398 313 317
400 313 399
313 400 309
289 293 401
285 289 402
289 401 402
403 269 273
269 403 404
265 269 404
405 301 305
301 405 406
297 301 407
407 301 406
408 376 223
376 408 409
223 376 20
376 409 375
326 330 410
411 326 410
326 411 321
281 285 412
277 281 413
281 412 413
343 347 414
347 356 415
347 415 414
261 416 417
416 261 418
261 417 257
261 265 418
419 239 243
239 419 420
236 239 420
253 421 243
421 253 422
253 257 422
390 389 193
193 389 230
389 231 230
391 390 423
423 390 424
390 193 424
391 423 425
391 425 426
391 426 372
425 423 427
427 423 428
428 423 424
425 427 429
426 425 430
430 425 429
427 428 431
427 431 432
427 432 429
431 428 433
433 428 434
434 428 424
432 431 435
435 431 436
436 431 433
432 435 437
432 438 429
438 432 437
435 436 439
435 439 440
435 440 437
439 436 441
436 433 442
436 442 441
440 439 443
443 439 444
444 439 441
440 443 445
437 440 446
440 445 446
443 444 447
443 447 448
443 448 445
447 444 449
449 444 211
211 444 441
448 447 450
450 447 451
447 449 451
448 450 452
448 452 453
448 453 445
452 450 454
454 450 455
455 450 451
449 211 212
451 449 377
377 449 212
426 430 456
426 456 394
426 394 372
456 430 457
457 430 458
458 430 429
456 457 459
456 459 460
456 460 394
459 457 461
457 458 462
457 462 461
460 459 463
463 459 464
464 459 461
462 458 465
465 458 438
438 458 429
462 465 466
462 466 467
461 462 467
466 465 468
468 465 469
469 465 438
460 463 470
460 470 395
394 460 395
463 464 471
463 471 472
463 472 470
471 464 473
473 464 474
474 464 461
472 471 475
475 471 476
471 473 476
472 475 477
472 477 478
472 478 470
477 475 479
479 475 480
480 475 476
477 479 481
477 481 482
477 482 478
481 479 483
483 479 484
479 480 484
481 483 485
481 485 486
482 481 486
485 483 487
487 483 488
488 483 484
485 487 489
485 489 490
485 490 486
489 487 491
491 487 492
487 488 492
489 491 493
489 493 494
490 489 494
493 491 495
495 491 496
496 491 492
493 495 497
493 497 498
493 498 494
495 496 499
495 499 500
497 495 500
499 496 501
501 496 502
502 496 492
484 480 503
503 480 504
480 476 504
466 468 505
467 466 506
466 505 506
499 501 507
499 507 508
499 508 500
507 501 509
501 502 510
501 510 509
508 507 511
511 507 512
512 507 509
508 511 513
508 513 514
500 508 514
513 511 515
515 511 516
511 512 516
492 488 517
488 484 518
517 488 518
473 474 519
473 519 520
473 520 476
513 515 521
513 521 522
513 522 514
521 515 523
523 515 524
524 515 516
468 469 525
468 525 526
468 526 505
453 452 527
452 454 528
452 528 527
521 523 529
521 529 530
522 521 530
529 523 531
531 523 532
523 524 532
529 531 533
529 533 534
530 529 534
533 531 535
535 531 536
536 531 532
533 535 537
533 537 538
533 538 534
537 535 539
539 535 540
535 536 540
537 539 541
537 541 542
538 537 542
541 539 543
543 539 544
544 539 540
541 543 545
541 545 546
542 541 546
545 543 547
547 543 548
548 543 544
453 527 549
445 453 550
550 453 549
522 530 551
522 551 552
514 522 552
545 547 553
545 553 554
545 554 546
553 547 555
555 547 556
547 548 556
528 454 557
557 454 558
454 455 558
553 555 559
553 559 560
554 553 560
559 555 561
561 555 562
555 563 562
563 555 556
559 561 564
559 564 565
559 565 560
564 561 566
566 561 567
567 561 562
538 542 568
538 568 407
538 407 534
498 497 398
398 497 569
569 497 500
510 502 570
570 502 517
502 492 517
519 474 571
571 474 467
474 461 467
564 566 572
565 564 403
564 572 403
572 566 573
573 566 574
566 567 574
482 486 397
478 482 414
414 482 397
490 494 410
486 490 396
396 490 410
560 565 413
565 403 273
277 565 273
565 277 413
554 560 412
546 554 402
402 554 412
498 398 322
498 322 411
494 498 411
45 43 575
576 43 168
43 576 575
433 434 576
442 433 576
525 469 446
469 438 437
469 437 446
526 525 577
577 525 550
525 446 550
241 138 184
138 241 141
241 184 251
241 145 141
572 573 578
572 578 404
403 572 404
578 573 579
579 573 580
580 573 574
578 579 416
578 416 418
404 578 418
579 580 581
579 581 582
579 582 416
126 170 583
126 583 122
583 170 584
584 170 388
388 170 171
583 584 585
583 585 586
583 586 122
585 584 587
587 584 588
584 388 588
585 587 589
585 589 590
586 585 590
589 587 591
591 587 592
592 587 588
589 591 593
589 593 594
589 594 590
593 591 595
591 592 596
591 596 595
512 509 597
512 597 598
516 512 598
536 532 599
536 599 600
536 600 540
574 567 601
602 567 562
567 602 601
594 593 603
603 593 604
604 593 595
548 544 605
548 605 606
548 606 556
385 386 607
387 385 608
385 607 608
594 603 609
594 609 610
590 594 610
603 604 611
603 611 612
603 612 609
611 604 613
613 604 614
614 604 595
612 611 615
615 611 616
611 613 616
612 615 617
612 617 618
612 618 609
617 615 619
619 615 620
620 615 616
617 619 621
618 617 622
622 617 621
619 620 623
619 623 624
619 624 621
623 620 625
625 620 626
626 620 616
624 623 627
627 623 628
623 625 628
624 627 629
624 629 630
624 630 621
629 627 631
631 627 632
632 627 628
629 631 633
630 629 634
634 629 633
631 632 635
631 635 636
631 636 633
635 632 637
637 632 638
632 628 638
636 635 639
639 635 640
640 635 637
636 639 641
636 641 642
633 636 642
639 640 643
639 643 644
639 644 641
643 640 645
645 640 646
646 640 637
644 643 647
647 643 648
643 645 648
644 647 649
644 649 650
644 650 641
649 647 651
651 647 652
652 647 648
649 651 653
650 649 654
654 649 653
651 652 655
651 655 656
651 656 653
655 652 657
657 652 658
658 652 648
656 655 659
659 655 660
655 657 660
520 519 661
661 519 662
519 571 662
526 577 663
526 663 664
505 526 664
528 557 665
528 665 666
527 528 666
656 659 667
656 667 668
653 656 668
667 659 669
669 659 670
670 659 660
667 669 671
667 671 672
667 672 668
671 669 673
673 669 674
669 670 674
671 673 675
671 675 676
672 671 676
675 673 677
677 673 678
678 673 674
675 677 679
675 679 680
676 675 680
679 677 681
681 677 682
677 678 682
679 681 683
679 683 684
679 684 680
683 681 685
685 681 686
686 681 682
683 685 687
684 683 688
688 683 687
685 686 689
685 689 690
685 690 687
689 686 691
691 686 692
692 686 682
670 660 693
674 670 694
670 693 694
689 691 695
689 695 696
689 696 690
695 691 697
691 692 698
691 698 697
696 695 699
699 695 700
700 695 697
696 699 701
696 701 702
696 702 690
699 700 703
699 703 704
701 699 704
703 700 705
705 700 706
700 697 706
703 705 707
703 707 708
703 708 704
702 701 709
709 701 710
710 701 704
672 676 711
668 672 712
712 672 711
684 688 713
684 713 714
680 684 714
713 688 715
715 688 716
688 687 716
713 715 717
713 717 718
713 718 714
665 557 719
719 557 720
720 557 558
665 719 721
665 721 722
665 722 666
510 570 723
510 723 724
510 724 509
725 524 516
524 725 726
532 524 726
657 658 727
657 727 728
657 728 660
645 646 729
645 729 730
648 645 730
650 654 731
650 731 732
650 732 641
678 674 733
682 678 734
678 733 734
625 626 735
625 735 736
625 736 628
729 646 737
737 646 738
738 646 637
729 737 739
729 739 740
730 729 740
739 737 741
741 737 742
737 738 742
630 634 743
630 743 744
621 630 744
613 614 745
613 745 746
616 613 746
581 580 747
747 580 748
748 580 574
581 747 749
581 749 750
582 581 750
743 634 751
751 634 752
634 633 752
723 570 753
753 570 754
754 570 517
723 753 755
723 755 756
724 723 756
755 753 757
757 753 758
753 754 758
745 614 759
759 614 760
614 595 760
749 747 761
761 747 762
747 748 762
745 759 763
745 763 764
746 745 764
763 759 765
765 759 766
766 759 760
763 765 767
763 767 768
763 768 764
767 765 769
769 765 770
770 765 766
767 769 771
768 767 772
772 767 771
769 770 773
769 773 774
771 769 774
749 761 775
749 775 776
750 749 776
773 770 777
777 770 778
770 766 778
773 777 779
773 779 780
773 780 774
775 761 781
781 761 782
782 761 762
775 781 783
775 783 784
775 784 776
768 772 785
768 785 786
768 786 764
785 772 787
787 772 788
772 771 788
785 787 789
785 789 790
785 790 786
789 787 791
791 787 792
792 787 788
783 781 793
781 782 794
781 794 793
784 783 795
795 783 796
783 793 796
794 782 797
797 782 798
798 782 762
794 797 799
794 799 800
793 794 800
799 797 801
801 797 802
797 798 802
799 801 803
799 803 804
799 804 800
803 801 805
805 801 806
806 801 802
739 741 807
739 807 808
739 808 740
755 757 809
755 809 810
755 810 756
707 705 811
811 705 812
812 705 706
707 811 813
708 707 814
814 707 813
809 757 815
815 757 816
816 757 758
809 815 817
810 809 818
818 809 817
815 816 819
815 819 820
815 820 817
810 818 821
810 821 822
810 822 756
821 818 823
823 818 824
818 817 824
821 823 825
821 825 826
822 821 826
784 795 827
784 827 828
784 828 776
827 795 829
829 795 830
830 795 796
827 829 831
828 827 832
832 827 831
829 830 833
829 833 834
831 829 834
833 830 835
835 830 836
830 796 836
833 835 837
833 837 838
833 838 834
837 835 839
839 835 840
840 835 836
838 837 841
841 837 842
837 839 842
838 841 843
838 843 844
838 844 834
843 841 845
845 841 846
846 841 842
843 845 847
844 843 848
843 847 848
845 846 849
847 845 850
850 845 849
807 741 851
851 741 852
852 741 742
807 851 853
808 807 854
807 853 854
825 823 855
855 823 856
856 823 824
811 812 857
811 857 858
813 811 858
825 855 859
825 859 860
825 860 826
859 855 861
855 856 862
861 855 862
859 861 863
859 863 864
860 859 864
856 824 865
862 856 866
866 856 865
857 812 867
867 812 868
868 812 706
863 861 869
869 861 870
870 861 862
863 869 871
863 871 872
863 872 864
871 869 873
873 869 874
869 870 874
871 873 875
871 875 876
871 876 872
875 873 877
877 873 878
878 873 874
875 877 879
876 875 880
880 875 879
803 805 881
803 881 882
804 803 882
877 878 883
877 883 884
877 884 879
857 867 885
857 885 886
857 886 858
883 878 887
887 878 888
888 878 874
883 887 889
884 883 890
883 889 890
889 887 891
891 887 892
887 888 892
879 884 893
884 890 894
893 884 894
885 867 895
895 867 896
867 868 896
889 891 897
889 897 898
890 889 898
885 895 899
885 899 900
886 885 900
899 895 901
901 895 902
902 895 896
899 901 903
899 903 904
899 904 900
897 891 905
905 891 906
906 891 892
903 901 907
907 901 908
901 902 908
903 907 909
903 909 910
904 903 910
909 907 911
911 907 912
912 907 908
909 911 913
909 913 914
909 914 910
913 911 915
915 911 916
916 911 912
913 915 917
914 913 918
918 913 917
915 916 919
915 919 920
915 920 917
914 918 921
914 921 922
910 914 922
886 900 923
858 886 924
924 886 923
897 905 925
897 925 926
897 926 898
921 918 927
927 918 928
928 918 917
921 927 929
921 929 930
921 930 922
929 927 931
931 927 932
927 928 932
929 931 933
929 933 934
930 929 934
933 931 935
935 931 936
936 931 932
933 935 937
933 937 938
934 933 938
937 935 939
935 936 940
939 935 940
937 939 941
937 941 942
937 942 938
936 932 943
940 936 944
936 943 944
941 939 945
945 939 946
946 939 940
941 945 947
941 947 948
942 941 948
947 945 949
949 945 950
945 946 950
947 949 951
947 951 952
947 952 948
951 949 953
953 949 954
954 949 950
951 953 955
951 955 956
952 951 956
955 953 957
957 953 958
953 954 958
955 957 959
955 959 960
955 960 956
959 957 961
961 957 962
962 957 958
959 961 963
959 963 964
960 959 964
963 961 965
965 961 966
961 962 966
963 965 967
963 967 968
963 968 964
954 950 969
954 969 970
958 954 970
967 965 971
971 965 972
972 965 966
967 971 973
967 973 974
967 974 968
971 972 975
973 971 976
976 971 975
942 948 977
938 942 978
978 942 977
972 979 980
979 972 966
972 980 981
972 981 975
973 976 982
973 982 983
974 973 983
982 976 984
984 976 985
985 976 975
982 984 986
982 986 987
982 987 983
986 984 988
988 984 989
984 985 989
956 960 990
991 960 992
960 991 990
992 960 964
986 988 993
987 986 994
986 993 994
993 988 995
995 988 996
996 988 989
983 987 997
998 987 999
987 998 997
987 994 999
993 995 1000
993 1000 1001
993 1001 994
995 996 1002
1000 995 1003
1003 995 1002
1002 996 1004
1004 996 1005
1005 996 989
1000 1003 1006
1000 1006 1007
1000 1007 1001
1006 1003 1008
1008 1003 1009
1009 1003 1002
881 805 1010
1010 805 1011
805 806 1011
881 1010 1012
881 1012 1013
882 881 1013
1007 1006 1014
1006 1008 1015
1006 1015 1014
1007 1014 1016
1017 1007 1016
1007 1017 1001
1015 1008 1018
1018 1008 1019
1019 1008 1009
1012 1010 1020
1020 1010 1021
1021 1010 1011
1012 1020 1022
1012 1022 1023
1012 1023 1013
919 916 1024
1024 916 1025
1025 916 912
919 1024 1026
919 1026 1027
920 919 1027
1026 1024 1028
1028 1024 1029
1029 1024 1025
1026 1028 1030
1026 1030 1031
1026 1031 1027
925 905 1032
905 906 1033
905 1033 1032
926 925 1034
1034 925 1035
925 1032 1035
926 1034 1036
926 1036 1037
898 926 1037
1036 1034 1038
1038 1034 1039
1039 1034 1035
1036 1038 1040
1036 1040 1041
1036 1041 1037
1040 1038 1042
1038 1039 1043
1038 1043 1042
1041 1040 1044
1044 1040 1045
1045 1040 1042
1043 1039 1046
1046 1039 1047
1047 1039 1035
1043 1046 1048
1043 1048 1049
1043 1049 1042
1048 1046 1050
1050 1046 1051
1046 1047 1051
1048 1050 1052
1048 1052 1053
1049 1048 1053
1052 1050 1054
1054 1050 1055
1055 1050 1051
1052 1054 1056
1052 1056 1057
1052 1057 1053
1022 1020 1058
1020 1021 1059
1058 1020 1059
1023 1022 1060
1060 1022 1061
1022 1058 1061
1023 1060 1062
1023 1062 1063
1023 1063 1013
1062 1060 1064
1064 1060 1065
1065 1060 1061
1062 1064 1066
1062 1066 1067
1062 1067 1063
1066 1064 1068
1064 1065 1069
1064 1069 1068
1067 1066 1070
1070 1066 1071
1071 1066 1068
1069 1065 1072
1072 1065 1073
1065 1061 1073
1069 1072 1074
1069 1074 1075
1068 1069 1075
1074 1072 1076
1076 1072 1077
1077 1072 1073
1074 1076 1078
1074 1078 1079
1074 1079 1075
1015 1018 1080
1015 1080 1081
1015 1081 1014
1056 1054 1082
1054 1055 1083
1054 1083 1082
1057 1056 1084
1084 1056 1085
1085 1056 1082
1057 1084 1086
1057 1086 1087
1053 1057 1087
1086 1084 1088
1088 1084 1089
1084 1085 1089
1086 1088 1090
1086 1090 1091
1086 1091 1087
1090 1088 1092
1092 1088 1093
1088 1089 1093
1090 1092 1094
1090 1094 1095
1091 1090 1095
1094 1092 1096
1096 1092 1097
1097 1092 1093
1094 1096 1098
1094 1098 1099
1094 1099 1095
1098 1096 1100
1100 1096 1101
1096 1097 1101
1098 1100 1102
1098 1102 1103
1099 1098 1103
1102 1100 1104
1104 1100 1105
1100 1101 1105
1102 1104 1106
1102 1106 1107
1102 1107 1103
1106 1104 1108
1108 1104 1109
1109 1104 1105
1106 1108 1110
1106 1110 1111
1106 1111 1107
1110 1108 1112
1112 1108 1113
1108 1109 1113
1110 1112 1114
1110 1114 1115
1111 1110 1115
1114 1112 1116
1116 1112 1117
1112 1113 1117
1114 1116 1118
1114 1118 1119
1114 1119 1115
1118 1116 1120
1120 1116 1121
1121 1116 1117
1118 1120 1122
1118 1122 1123
1119 1118 1123
1122 1120 1124
1124 1120 1125
1120 1121 1125
1122 1124 1126
1122 1126 1127
1122 1127 1123
1126 1124 1128
1124 1129 1128
1129 1124 1125
1127 1126 1130
1130 1126 1131
1131 1126 1128
1127 1130 1132
1127 1132 1133
1127 1133 1123
1132 1130 1134
1134 1130 1135
1130 1131 1135
1099 1136 1137
1136 1099 1103
1095 1099 1138
1099 1137 1138
1132 1134 1139
1132 1139 1140
1133 1132 1140
1139 1134 1141
1141 1134 1142
1134 1135 1142
1139 1141 1143
1139 1143 1144
1139 1144 1140
1143 1141 1145
1145 1141 1146
1146 1141 1142
1143 1145 1147
1143 1147 1148
1144 1143 1148
1147 1145 1149
1149 1145 1150
1145 1146 1150
1113 1109 1151
1151 1109 1152
1109 1105 1152
1131 1153 1135
1153 1131 1154
1154 1131 1128
1155 1097 1156
1097 1155 1157
1156 1097 1093
1097 1157 1101
1147 1149 1158
1147 1158 1159
1148 1147 1159
1158 1149 1160
1160 1149 1161
1161 1149 1150
1140 1144 1162
1162 1144 1163
1144 1148 1163
1146 1164 1165
1164 1146 1142
1150 1146 1165
1158 1160 1166
1158 1166 1167
1158 1167 1159
1166 1160 1168
1168 1160 1169
1160 1161 1169
381 380 1170
1170 380 1171
1171 380 209
839 840 1172
839 1172 1173
839 1173 842
1080 1018 1174
1174 1018 1175
1018 1019 1175
1166 1168 1176
1166 1176 1177
1167 1166 1177
1176 1168 1178
1178 1168 1179
1179 1168 1169
1176 1178 1180
1176 1180 1181
1176 1181 1177
1180 1178 1182
1182 1178 1183
1178 1179 1183
1180 1182 1184
1180 1184 1185
1181 1180 1185
1184 1182 1186
1186 1182 1187
1187 1182 1183
1184 1186 1188
1184 1188 1189
1184 1189 1185
1188 1186 1190
1190 1186 1191
1191 1186 1187
1192 1179 1193
1179 1192 1194
1193 1179 1169
1183 1179 1194
1085 1082 1195
1085 1195 1196
1089 1085 1196
876 880 1197
876 1197 1198
872 876 1198
1197 880 1199
1199 880 1200
880 879 1200
1197 1199 1201
1197 1201 1202
1197 1202 1198
1203 1021 1204
1021 1203 1059
1021 1011 1204
1030 1028 1205
1205 1028 1206
1028 1029 1206
1207 1121 1208
1121 1207 1125
1121 1117 1209
1121 1209 1208
1188 1190 1210
1189 1188 1211
1211 1188 1210
1190 1191 1212
1190 1212 1213
1190 1213 1210
1212 1191 1214
1214 1191 1215
1215 1191 1187
1080 1174 1216
1080 1216 1217
1080 1217 1081
1111 1115 1218
1107 1111 1219
1111 1218 1219
1167 1220 1159
1220 1167 1221
1167 1177 1221
1033 906 1222
1222 906 1223
906 892 1223
1078 1076 1224
1076 1077 1225
1076 1225 1224
1079 1078 1226
1226 1078 1227
1227 1078 1224
1079 1226 1228
1079 1228 1229
1079 1229 1075
1226 1227 1230
1226 1230 1231
1228 1226 1231
1189 1211 1232
1189 1232 1233
1185 1189 1233
1232 1211 1234
1234 1211 1235
1211 1210 1235
1031 1030 1236
1030 1205 1237
1030 1237 1236
1031 1238 1239
1238 1031 1236
1027 1031 1240
1031 1239 1240
1237 1205 1241
1241 1205 1242
1242 1205 1206
1216 1174 1243
1243 1174 1244
1244 1174 1175
1201 1199 1245
1245 1199 1246
1246 1199 1200
1217 1216 1247
1216 1243 1248
1216 1248 1247
1083 1055 1249
1249 1055 1250
1250 1055 1051
1217 1247 1251
1081 1217 1252
1217 1251 1252
1237 1241 1253
1237 1253 1254
1237 1254 1236
1230 1227 1255
1255 1227 1256
1256 1227 1224
1230 1255 1257
1230 1257 1258
1231 1230 1258
1259 1019 1009
1019 1259 1260
1175 1019 1260
1253 1241 1261
1261 1241 1262
1262 1241 1242
1253 1261 1263
1253 1263 1264
1253 1264 1254
1212 1214 1265
1212 1265 1266
1212 1266 1213
1265 1214 1267
1267 1214 1268
1268 1214 1215
1029 1025 1269
1029 1269 1270
1029 1270 1206
1248 1243 1271
1271 1243 1272
1272 1243 1244
1248 1271 1273
1248 1273 1274
1248 1274 1247
1229 1228 1275
1275 1228 1276
1228 1231 1276
1232 1234 1277
1232 1277 1278
1232 1278 1233
1261 1262 1279
1263 1261 1280
1280 1261 1279
1257 1255 1281
1281 1255 1282
1282 1255 1256
1257 1281 1283
1257 1283 1284
1257 1284 1258
1277 1234 1285
1285 1234 1286
1286 1234 1235
1279 1262 1287
1262 1242 1288
1262 1288 1287
381 1170 1289
381 1289 1290
381 1290 382
1289 1170 1291
1291 1170 1292
1292 1170 1171
1263 1280 1293
1264 1263 1294
1263 1293 1294
1293 1280 1295
1295 1280 1296
1280 1279 1296
1201 1245 1297
1202 1201 1298
1298 1201 1297
1245 1246 1299
1245 1299 1300
1297 1245 1300
1281 1282 1301
1283 1281 1302
1302 1281 1301
1282 1256 1303
1301 1282 1304
1282 1303 1304
1284 1283 1305
1283 1302 1306
1283 1306 1305
1284 1305 1307
1284 1307 1308
1284 1308 1258
1265 1267 1309
1266 1265 1310
1310 1265 1309
1267 1268 1311
1267 1311 1312
1267 1312 1309
1266 1310 1313
1266 1313 1314
1213 1266 1314
1313 1310 1315
1315 1310 1316
1316 1310 1309
1202 1298 1317
1202 1317 1318
1202 1318 1198
1317 1298 1319
1319 1298 1320
1320 1298 1297
1321 1264 1322
1264 1321 1254
1322 1264 1323
1323 1264 1294
930 1324 922
1324 930 1325
1326 930 934
930 1326 1325
1306 1302 1327
1327 1302 1328
1328 1302 1301
1271 1272 1329
1273 1271 1330
1271 1329 1330
1329 1272 1331
1331 1272 1332
1332 1272 1244
1274 1273 1333
1333 1273 1334
1273 1330 1334
1277 1285 1335
1278 1277 1336
1336 1277 1335
1285 1286 1337
1285 1337 1338
1285 1338 1335
1033 1222 1339
1033 1339 1340
1033 1340 1032
1339 1222 1341
1341 1222 1342
1342 1222 1223
1339 1341 1343
1339 1343 1344
1340 1339 1344
1306 1327 1345
1306 1345 1346
1306 1346 1305
1293 1295 1347
1293 1347 1348
1293 1348 1294
1347 1295 1349
1349 1295 1350
1350 1295 1296
1289 1291 1351
1290 1289 1352
1289 1351 1352
1291 1292 1353
1291 1353 1354
1351 1291 1354
826 860 1355
860 864 1356
860 1356 1355
1058 1357 1358
1357 1058 1059
1061 1058 1358
1278 1336 1359
1278 1359 1360
1278 1360 1233
1359 1336 1361
1361 1336 1362
1362 1336 1335
1359 1361 1363
1359 1363 1364
1359 1364 1360
1317 1319 1365
1317 1365 1366
1317 1366 1318
1319 1320 1367
1319 1367 1368
1365 1319 1368
1345 1327 1369
1327 1328 1370
1327 1370 1369
853 851 1371
1371 851 1372
851 852 1372
1067 1070 1373
1067 1373 1374
1063 1067 1374
902 896 1375
908 902 1376
1376 902 1375
808 854 1377
740 808 1378
808 1377 1378
1313 1315 1379
1313 1379 1380
1313 1380 1314
1329 1331 1381
1329 1381 1382
1329 1382 1330
1381 1331 1383
1383 1331 1384
1331 1332 1384
804 882 1385
800 804 1386
804 1385 1386
1347 1349 1387
1347 1387 1388
1348 1347 1388
1387 1349 1389
1389 1349 1390
1349 1350 1390
779 777 1391
1391 777 1392
1392 777 778
780 779 1393
1393 779 1394
779 1391 1394
780 1393 1395
780 1395 1396
780 1396 774
1395 1393 1397
1397 1393 1398
1398 1393 1394
1395 1397 1399
1395 1399 1400
1395 1400 1396
1399 1397 1401
1401 1397 1402
1397 1398 1402
1400 1399 1403
1403 1399 1404
1399 1401 1404
1041 1044 1405
1041 1405 1406
1041 1406 1037
1311 1268 1407
1407 1268 1408
1408 1268 1215
1367 1320 1409
1409 1320 1410
1410 1320 1297
1367 1409 1411
1367 1411 1412
1367 1412 1368
1373 1070 1413
1070 1071 1414
1413 1070 1414
1315 1316 1415
1379 1315 1416
1416 1315 1415
1343 1341 1417
1341 1342 1418
1417 1341 1418
1343 1417 1419
1343 1419 1420
1343 1420 1344
1342 1223 1421
1418 1342 1422
1342 1421 1422
1316 1309 1423
1415 1316 1424
1424 1316 1423
1346 1345 1425
1425 1345 1426
1345 1369 1426
1387 1389 1427
1387 1427 1428
1387 1428 1388
1427 1389 1429
1429 1389 1430
1430 1389 1390
1373 1413 1431
1373 1431 1432
1373 1432 1374
1350 1296 1433
1434 1350 1433
1350 1434 1390
1382 1381 1435
1381 1383 1436
1381 1436 1435
1348 1437 1323
1437 1348 1438
1348 1323 1294
1348 1388 1438
920 1027 1439
917 920 1440
1440 920 1439
1382 1435 1441
1330 1382 1442
1442 1382 1441
1299 1246 1443
1443 1246 1444
1246 1200 1444
1299 1443 1445
1299 1445 1446
1299 1446 1300
1445 1443 1447
1447 1443 1448
1448 1443 1444
1449 806 1450
806 1449 1011
806 802 1450
1123 1133 1451
1133 1140 1452
1133 1452 1451
1370 1328 1453
1453 1328 1454
1454 1328 1301
1370 1453 1455
1370 1455 1456
1370 1456 1369
1193 1161 1457
1161 1193 1169
1161 1150 1458
1457 1161 1458
1274 1333 1459
1274 1459 1460
1274 1460 1247
1459 1333 1461
1461 1333 1462
1462 1333 1334
1459 1461 1463
1459 1463 1464
1459 1464 1460
1311 1407 1465
1311 1465 1466
1311 1466 1312
1407 1408 1467
1407 1467 1468
1465 1407 1468
1427 1429 1469
1427 1469 1470
1428 1427 1470
1469 1429 1471
1471 1429 1472
1472 1429 1430
1469 1471 1473
1469 1473 1474
1469 1474 1470
1473 1471 1475
1471 1472 1476
1471 1476 1475
1400 1403 1477
1400 1477 1478
1400 1478 1396
1477 1403 1479
1479 1403 1480
1480 1403 1404
1477 1479 1481
1477 1481 1482
1478 1477 1482
1481 1479 1483
1483 1479 1484
1479 1480 1484
1481 1483 1485
1481 1485 1486
1481 1486 1482
1485 1483 1487
1487 1483 1488
1488 1483 1484
708 814 1489
708 1489 1490
704 708 1490
1489 814 1491
1491 814 1492
1492 814 813
1489 1491 1493
1489 1493 1494
1489 1494 1490
1493 1491 1495
1495 1491 1496
1491 1492 1496
1493 1495 1497
1493 1497 1498
1493 1498 1494
1497 1495 1499
1499 1495 1500
1500 1495 1496
1497 1499 1501
1498 1497 1502
1502 1497 1501
1499 1500 1503
1499 1503 1504
1499 1504 1501
1503 1500 1505
1505 1500 1506
1500 1496 1506
1503 1505 1507
1503 1507 1508
1504 1503 1508
1507 1505 1509
1509 1505 1510
1510 1505 1506
1498 1502 1511
1498 1511 1512
1498 1512 1494
1507 1509 1513
1507 1513 1514
1507 1514 1508
1513 1509 1515
1515 1509 1516
1509 1510 1516
1513 1515 1517
1513 1517 1518
1514 1513 1518
1517 1515 1519
1519 1515 1520
1520 1515 1516
1517 1519 1521
1517 1522 1523
1522 1517 1521
1517 1523 1518
1519 1520 1524
1519 1524 1525
1519 1525 1521
1524 1520 1526
1526 1520 1527
1527 1520 1516
1525 1524 1528
1528 1524 1529
1524 1526 1529
1525 1528 1530
1525 1530 1531
1525 1531 1521
1530 1528 1532
1532 1528 1533
1533 1528 1529
1530 1532 1534
1530 1534 1535
1531 1530 1535
1534 1532 1536
1536 1532 1537
1532 1533 1537
1534 1536 1538
1534 1538 1539
1534 1539 1535
1538 1536 1540
1540 1536 1541
1541 1536 1537
1538 1540 1542
1538 1542 1543
1539 1538 1543
721 719 1544
1544 719 1545
1545 719 720
721 1544 1546
721 1546 1547
722 721 1547
1542 1540 1548
1548 1540 1549
1540 1541 1549
1542 1548 1550
1542 1550 1551
1543 1542 1551
1546 1544 1552
1552 1544 1553
1544 1545 1553
1546 1552 1554
1546 1554 1555
1546 1555 1547
1554 1552 1556
1556 1552 1557
1557 1552 1553
1554 1556 1558
1554 1558 1559
1554 1559 1555
1550 1548 1560
1560 1548 1561
1561 1548 1549
1550 1560 1562
1550 1562 1563
1550 1563 1551
1558 1556 1564
1556 1557 1565
1566 1556 1565
1556 1566 1564
1559 1558 1567
1567 1558 1568
1568 1558 1564
666 722 1569
722 1547 1570
1569 722 1570
1535 1539 1571
1539 1543 1572
1539 1572 1571
1559 1567 1573
1559 1573 1574
1559 1574 1555
1562 1560 1575
1560 1561 1576
1560 1576 1575
1563 1562 1577
1577 1562 1578
1578 1562 1575
1563 1577 1579
1563 1579 1580
1563 1580 1551
1579 1577 1581
1577 1578 1582
1577 1582 1581
1580 1579 1583
1583 1579 1584
1584 1579 1581
1526 1527 1585
1526 1585 1586
1526 1586 1529
1573 1567 1587
1587 1567 1588
1567 1568 1588
1541 1537 1589
1549 1541 1590
1590 1541 1589
1580 1583 1591
1580 1591 1592
1580 1592 1551
1501 1504 1593
1504 1508 1594
1593 1504 1594
1583 1584 1595
1583 1595 1596
1591 1583 1596
1582 1578 1597
1597 1578 1598
1578 1575 1598
1511 1502 1599
1599 1502 1600
1600 1502 1501
946 940 1601
950 946 1602
946 1601 1602
1346 1425 1603
1346 1603 1604
1305 1346 1604
819 816 1605
1605 816 1606
1606 816 758
1461 1462 1607
1463 1461 1608
1461 1607 1608
1607 1462 1609
1609 1462 1610
1610 1462 1334
1512 1511 1611
1611 1511 1612
1511 1599 1612
1474 1473 1613
1613 1473 1614
1614 1473 1475
1516 1510 1615
1510 1506 1616
1615 1510 1616
717 715 1617
1617 715 1618
1618 715 716
1619 1049 1053
1049 1619 1620
1042 1049 1620
1533 1529 1621
1537 1533 1622
1622 1533 1621
1476 1472 1623
1623 1472 1624
1624 1472 1430
1476 1623 1625
1476 1625 1626
1475 1476 1626
1512 1611 1627
1512 1627 1628
1494 1512 1628
1531 1629 1522
1629 1531 1630
1531 1522 1521
1531 1535 1630
1366 1365 1631
1631 1365 1632
1365 1368 1632
1464 1463 1633
1633 1463 1634
1634 1463 1608
1464 1633 1635
1460 1464 1636
1636 1464 1635
1363 1361 1637
1361 1362 1638
1361 1638 1637
1364 1363 1639
1639 1363 1640
1640 1363 1637
1638 1362 1641
1641 1362 1642
1362 1335 1642
1391 1392 1643
1391 1643 1644
1391 1644 1394
952 1645 948
1645 952 1646
952 956 1646
1380 1379 1647
1379 1416 1648
1379 1648 1647
844 848 1649
844 1649 1650
844 1650 834
1419 1417 1651
1651 1417 1652
1652 1417 1418
1420 1419 1653
1653 1419 1654
1419 1651 1654
1420 1653 1655
1420 1655 1656
1344 1420 1656
1655 1653 1657
1657 1653 1658
1658 1653 1654
1655 1657 1659
1655 1659 1660
1655 1660 1656
1225 1077 1661
1662 1077 1073
1077 1662 1663
1077 1663 1661
1664 846 1665
846 1664 849
846 842 1665
1607 1609 1666
1607 1666 1667
1607 1667 1608
1573 1587 1668
1573 1668 1669
1574 1573 1669
1091 1095 1670
1091 1670 1671
1087 1091 1671
1083 1249 1672
1083 1672 1673
1083 1673 1082
1380 1647 1674
1314 1380 1675
1675 1380 1674
1582 1597 1676
1582 1676 1677
1582 1677 1581
1648 1416 1678
1678 1416 1679
1679 1416 1415
1666 1609 1680
1609 1610 1681
1680 1609 1681
1595 1584 1682
1682 1584 1683
1584 1581 1683
1595 1682 1684
1595 1684 1685
1595 1685 1596
989 985 1686
1686 985 1687
985 975 1687
1627 1611 1688
1611 1612 1689
1688 1611 1689
848 847 1690
1690 847 1691
847 850 1691
1668 1587 1692
1692 1587 1693
1587 1588 1693
1353 1292 1694
1694 1292 1695
1292 1171 1695
1353 1694 1696
1353 1696 1697
1353 1697 1354
1557 1553 1698
1557 1698 1699
1565 1557 1699
1545 720 1700
1545 1700 1701
1545 1701 1553
1603 1425 1702
1702 1425 1703
1703 1425 1426
1603 1702 1704
1603 1704 1705
1603 1705 1604
1659 1657 1706
1706 1657 1707
1657 1658 1707
1659 1706 1708
1659 1708 1709
1660 1659 1709
962 1710 1711
1710 962 958
962 1711 979
962 979 966
974 983 1712
968 974 1713
974 1712 1713
718 717 1714
717 1617 1715
717 1715 1714
714 718 1716
718 1714 1717
1716 718 1717
1648 1678 1718
1648 1718 1719
1648 1719 1647
1638 1641 1720
1638 1720 1721
1637 1638 1721
1599 1600 1722
1599 1722 1723
1599 1723 1612
382 1290 1724
1724 1290 1725
1725 1290 1352
853 1371 1726
853 1726 1727
853 1727 854
1592 1591 1728
1728 1591 1729
1729 1591 1596
1708 1706 1730
1730 1706 1731
1731 1706 1707
1708 1730 1732
1708 1732 1733
1708 1733 1709
1436 1383 1734
1734 1383 1735
1735 1383 1384
1436 1734 1736
1436 1736 1737
1436 1737 1435
1734 1735 1738
1736 1734 1739
1739 1734 1738
1726 1371 1740
1740 1371 1741
1741 1371 1372
618 622 1742
618 1742 1743
618 1743 609
1676 1597 1744
1744 1597 1745
1745 1597 1598
870 862 1746
870 1746 1747
874 870 1747
1576 1561 1748
1748 1561 1749
1749 1561 1549
1576 1748 1750
1576 1750 1751
1576 1751 1575
1643 1392 1752
1752 1392 1753
1753 1392 778
1428 1754 1755
1754 1428 1470
1388 1428 1755
1372 852 1756
1756 852 1757
852 742 1757
743 751 1758
743 1758 1759
743 1759 744
1758 751 1760
1760 751 1761
1761 751 752
1485 1487 1762
1486 1485 1763
1763 1485 1762
1487 1488 1764
1487 1764 1765
1487 1765 1762
1764 1488 1766
1766 1488 1767
1767 1488 1484
1411 1409 1768
1768 1409 1769
1409 1410 1769
1412 1411 1770
1770 1411 1771
1411 1768 1771
1412 1770 1772
1412 1772 1773
1368 1412 1773
1772 1770 1774
1774 1770 1775
1775 1770 1771
1678 1679 1776
1718 1678 1777
1777 1678 1776
819 1605 1778
819 1778 1779
820 819 1779
1778 1605 1780
1780 1605 1781
1605 1606 1781
1772 1774 1782
1772 1782 1783
1772 1783 1773
1774 1775 1784
1774 1784 1785
1782 1774 1785
1401 1402 1786
1404 1401 1787
1401 1786 1787
1643 1752 1788
1643 1788 1789
1644 1643 1789
1514 1790 1508
1790 1514 1791
1791 1514 1518
1402 1398 1792
1398 1394 1793
1398 1793 1792
1364 1639 1794
1364 1794 1795
1364 1795 1360
1639 1640 1796
1794 1639 1797
1639 1796 1797
1455 1453 1798
1453 1454 1799
1453 1799 1798
1776 1679 1800
1800 1679 1801
1801 1679 1415
1071 1068 1802
1414 1071 1803
1071 1802 1803
1765 1764 1804
1764 1766 1805
1804 1764 1805
1445 1447 1806
1446 1445 1807
1807 1445 1806
1447 1448 1808
1447 1808 1809
1447 1809 1806
1732 1730 1810
1810 1730 1811
1730 1731 1811
1732 1810 1812
1732 1812 1813
1732 1813 1733
1633 1634 1814
1633 1814 1815
1633 1815 1635
731 654 1816
1816 654 1817
1817 654 653
731 1816 1818
731 1818 1819
732 731 1819
1818 1816 1820
1820 1816 1821
1816 1817 1821
1818 1820 1822
1818 1822 1823
1818 1823 1819
1822 1820 1824
1824 1820 1825
1825 1820 1821
822 826 1826
822 1826 1827
756 822 1827
1366 1631 1828
1366 1828 1829
1366 1829 1318
1828 1631 1830
1830 1631 1831
1831 1631 1632
1676 1744 1832
1676 1832 1833
1677 1676 1833
1808 1448 1834
1834 1448 1835
1835 1448 1444
1809 1808 1836
1836 1808 1837
1808 1834 1837
1809 1836 1838
1809 1838 1839
1806 1809 1839
1456 1455 1840
1840 1455 1841
1455 1842 1841
1842 1455 1798
1456 1840 1843
1456 1843 1844
1456 1844 1369
904 910 1845
900 904 1846
1846 904 1845
702 709 1847
702 1847 1848
702 1848 690
896 868 1849
868 706 1850
868 1850 1849
1332 1244 1851
1384 1332 1852
1852 1332 1851
1431 1413 1853
1853 1413 1854
1854 1413 1414
1431 1853 1855
1431 1855 1856
1432 1431 1856
1446 1807 1857
1446 1857 1858
1300 1446 1858
1492 813 1859
1492 1859 1860
1492 1860 1496
1032 1340 1861
1340 1344 1862
1340 1862 1861
1812 1810 1863
1864 1810 1811
1810 1864 1863
1813 1812 1865
1865 1812 1866
1866 1812 1863
1828 1830 1867
1828 1867 1868
1829 1828 1868
1869 798 1870
798 1869 802
1870 798 1871
798 762 1871
1778 1780 1872
1778 1872 1873
1778 1873 1779
1855 1853 1874
1853 1854 1875
1874 1853 1875
1855 1874 1876
1855 1876 1877
1856 1855 1877
1715 1617 1878
1878 1617 1879
1617 1618 1879
1668 1692 1880
1668 1880 1881
1668 1881 1669
1822 1824 1882
1823 1822 1883
1883 1822 1882
1824 1825 1884
1824 1884 1885
1824 1885 1882
1847 709 1886
1886 709 1887
709 710 1887
1847 1886 1888
1847 1888 1889
1848 1847 1889
1823 1883 1890
1823 1890 1891
1819 1823 1891
1374 1432 1892
1432 1856 1893
1892 1432 1893
1884 1825 1894
1894 1825 1895
1895 1825 1821
1884 1894 1896
1884 1896 1897
1885 1884 1897
1486 1763 1898
1486 1898 1899
1482 1486 1899
1172 840 1900
1900 840 1901
1901 840 836
1704 1702 1902
1702 1703 1903
1702 1903 1902
1705 1704 1904
1904 1704 1905
1905 1704 1902
1705 1904 1906
1705 1906 1907
1604 1705 1907
1906 1904 1908
1904 1905 1909
1908 1904 1909
1906 1908 1910
1906 1910 1911
1906 1911 1907
1909 1905 1912
1912 1905 1913
1905 1902 1913
596 592 1914
592 588 1915
1914 592 1915
1916 1574 1669
1574 1916 1917
1555 1574 1917
1888 1886 1918
1918 1886 1919
1886 1887 1919
1888 1918 1920
1888 1920 1921
1889 1888 1921
1920 1918 1922
1922 1918 1923
1923 1918 1919
1744 1745 1924
1832 1744 1925
1925 1744 1924
1651 1652 1926
1651 1926 1927
1651 1927 1654
1910 1908 1928
1928 1908 1929
1929 1908 1909
1911 1910 1930
1910 1928 1931
1910 1931 1930
1920 1922 1932
1920 1932 1933
1920 1933 1921
1872 1780 1934
1934 1780 1935
1780 1781 1935
790 789 1936
789 791 1937
789 1937 1936
786 790 1938
1938 790 1939
1939 790 1936
1937 791 1940
1940 791 1941
791 792 1941
1907 1911 1942
1942 1911 1943
1911 1930 1943
1658 1654 1944
1658 1944 1945
1658 1945 1707
1796 1640 1946
1946 1640 1947
1947 1640 1637
1667 1666 1948
1948 1666 1949
1666 1680 1949
1765 1804 1950
1765 1950 1951
1762 1765 1951
828 832 1952
828 1952 1953
828 1953 776
1813 1865 1954
1733 1813 1955
1955 1813 1954
1865 1866 1956
1865 1956 1957
1865 1957 1954
1956 1866 1958
1958 1866 1959
1959 1866 1863
1957 1956 1960
1960 1956 1961
1961 1956 1958
1957 1960 1962
1957 1962 1963
1954 1957 1963
1960 1961 1964
1960 1964 1965
1960 1965 1962
1964 1961 1966
1966 1961 1967
1967 1961 1958
1965 1964 1968
1968 1964 1969
1964 1966 1969
1965 1968 1970
1965 1970 1971
1965 1971 1962
1970 1968 1972
1972 1968 1973
1973 1968 1969
1970 1972 1974
1971 1970 1975
1970 1974 1975
1972 1973 1976
1972 1976 1977
1972 1977 1974
1976 1973 1978
1973 1969 1979
1978 1973 1979
1977 1976 1980
1980 1976 1981
1981 1976 1978
1977 1980 1982
1977 1982 1983
1977 1983 1974
1982 1980 1984
1984 1980 1985
1985 1980 1981
1982 1984 1986
1983 1982 1987
1987 1982 1986
1984 1985 1988
1984 1988 1989
1984 1989 1986
1988 1985 1990
1990 1985 1991
1991 1985 1981
1989 1988 1992
1992 1988 1993
1988 1990 1993
1989 1992 1994
1989 1994 1995
1989 1995 1986
1994 1992 1996
1996 1992 1997
1997 1992 1993
1994 1996 1998
1994 1998 1999
1995 1994 1999
1990 1991 2000
1990 2000 2001
1990 2001 1993
1998 1996 2002
1996 1997 2003
1996 2003 2002
2000 1991 2004
2004 1991 2005
2005 1991 1981
1998 2002 2006
1998 2006 2007
1998 2007 1999
2003 1997 2008
2008 1997 2009
1997 1993 2009
1986 1995 2010
2010 1995 2011
1995 1999 2011
1983 1987 2012
1983 2012 2013
1983 2013 1974
1966 1967 2014
1966 2014 2015
1966 2015 1969
2003 2008 2016
2003 2016 2017
2003 2017 2002
2000 2004 2018
2001 2000 2019
2019 2000 2018
1568 2020 2021
2020 1568 1564
1588 1568 2021
1766 1767 2022
1766 2022 2023
1766 2023 1805
1814 1634 2024
2024 1634 2025
1634 1608 2025
1715 1878 2026
1715 2026 2027
1715 2027 1714
1484 1480 2028
1480 1404 2029
1480 2029 2028
1727 1726 2030
1726 1740 2031
2030 1726 2031
1727 2030 2032
1727 2032 2033
1727 2033 854
1337 1286 2034
2034 1286 2035
2035 1286 1235
1337 2034 2036
1337 2036 2037
1338 1337 2037
1924 1745 2038
2038 1745 2039
1745 1598 2039
1962 1971 2040
2041 1971 2042
1971 2041 2040
1971 1975 2042
817 820 2043
820 1779 2044
820 2044 2043
1880 1692 2045
2045 1692 2046
2046 1692 2047
2047 1692 1693
1696 1694 2048
2048 1694 2049
2050 1694 1695
1694 2050 2049
1697 1696 2051
1696 2048 2052
1696 2052 2051
1759 1758 2053
1758 1760 2054
1758 2054 2053
744 1759 2055
2055 1759 2056
1759 2053 2056
1760 1761 2057
2054 1760 2058
2058 1760 2057
1838 1836 2059
2059 1836 2060
2060 1836 1837
1931 1928 2061
1928 1929 2062
2061 1928 2062
1931 2061 2063
1931 2063 2064
1931 2064 1930
1903 1703 2065
2065 1703 2066
1703 1426 2066
1784 1775 2067
2067 1775 2068
2068 1775 1771
1784 2067 2069
1784 2069 2070
1784 2070 1785
1352 1351 2071
2071 1351 2072
2072 1351 1354
2073 1735 1384
1735 2073 2074
1738 1735 2075
2075 1735 2074
1719 1718 2076
1718 1777 2077
2076 1718 2077
1719 2076 2078
1719 2079 1647
2079 1719 2078
157 161 2080
157 2080 2081
157 2081 3
161 155 2082
2080 161 2083
2083 161 2082
1777 1776 5
1777 5 2084
1777 2084 2077
1952 832 2085
2085 832 2086
832 831 2086
1843 1840 2087
2087 1840 2088
2088 1840 1841
1950 1804 2089
2089 1804 2090
2090 1804 1805
1478 1482 2091
1396 1478 2092
2092 1478 2091
1697 2051 2093
1697 2093 2094
1697 2094 1354
1750 1748 2095
1748 1749 2096
1748 2096 2095
1606 758 2097
1606 2097 2098
1606 2098 1781
2036 2034 2099
2099 2034 2100
2034 2035 2100
2036 2099 2101
2036 2101 2102
2037 2036 2102
1474 1613 2103
1474 2103 2104
1474 2104 1470
1613 1614 2105
2103 1613 2106
2106 1613 2105
1649 848 2107
848 1690 2107
1834 1835 2108
1837 1834 2109
1834 2108 2109
1795 1794 2110
2110 1794 2111
1794 1797 2111
2004 2005 2112
2004 2112 2113
2004 2113 2018
1740 1741 2114
1740 2114 2115
2031 1740 2115
1467 1408 2116
2116 1408 2117
2117 1408 1215
1467 2116 2118
1468 1467 2119
2119 1467 2118
1896 1894 2120
1894 1895 2121
1894 2121 2120
1897 1896 2122
1896 2120 2123
1896 2123 2122
1751 1750 2124
2124 1750 2125
2125 1750 2095
1898 1763 2126
2126 1763 2127
2127 1763 1762
1656 1660 2128
2128 1660 2129
2129 1660 1709
1867 1830 2130
1830 1831 2131
1830 2131 2130
1867 2130 2132
1867 2132 2133
1868 1867 2133
2131 1831 2134
1831 1632 2135
1831 2135 2134
1788 1752 2136
1752 1753 2137
1752 2137 2136
1788 607 2138
607 1788 2136
2139 1788 2138
1788 2139 1789
1814 2024 2140
1814 2140 2141
1815 1814 2141
1177 1181 2142
1181 1185 2143
1181 2143 2142
1832 1925 2144
1832 2144 2145
1832 2145 1833
2144 1925 2146
2146 1925 2147
2147 1925 1924
607 386 2148
2148 386 205
205 386 167
1776 1800 207
5 1776 207
1800 1801 2050
207 1800 208
208 1800 2050
1171 209 210
1695 1171 210
1796 1946 2149
1796 2149 2150
1796 2150 1797
1771 1768 2151
1768 1769 2152
2151 1768 2152
1890 1883 2153
2153 1883 2154
2154 1883 1882
1922 1923 2155
1922 2155 2156
1932 1922 2156
1736 1739 2157
1737 1736 2158
2158 1736 2157
1739 1738 2159
1739 2159 2160
2157 1739 2160
1937 1940 2161
1936 1937 2162
2162 1937 2161
1940 1941 2163
1940 2163 2164
2161 1940 2164
1881 1880 2165
1880 2045 2166
1880 2166 2165
1881 2165 2167
1669 1881 2168
2168 1881 2167
1405 1044 2169
1044 1045 1842
1044 1842 2169
1466 1465 2170
2170 1465 2171
2171 1465 1468
1224 1225 2172
2172 1225 1661
1173 1172 2173
1172 1900 2174
2173 1172 2174
1857 1807 2175
2175 1807 2176
2176 1807 1806
1857 2175 2177
1857 2177 2178
1857 2178 1858
1844 1843 2179
2179 1843 1670
1843 2087 1670
2014 1967 1711
1711 1967 2180
2180 1967 1958
1783 1782 2181
2181 1782 2182
1782 1785 2182
2101 2099 2183
2183 2099 2079
2079 2099 2100
2101 2183 2184
2101 2184 2185
2101 2185 2102
1173 2173 2186
842 1173 1665
1665 1173 2186
1650 1649 2187
2187 1649 2083
2083 1649 2107
1946 1947 2188
2149 1946 2189
2189 1946 2188
388 387 588
588 387 1915
387 608 1915
1731 1707 2190
1811 1731 2191
1731 2190 2191
1903 2065 2192
1903 2192 2193
1903 2193 1902
2016 2008 1239
1239 2008 2194
2008 2009 2194
2017 2016 1321
1321 2016 1238
1238 2016 1239
2017 1321 1322
2017 1322 2195
2017 2195 2002
416 582 417
417 582 2196
582 750 2196
2062 1929 1162
1162 1929 2197
1929 1909 2197
1838 2059 1303
1839 1838 2172
2172 1838 1303
2032 2030 1434
1434 2030 2198
2198 2030 2031
2033 2032 2199
2199 2032 1433
2032 1434 1433
2140 2024 2200
2024 2025 2201
2024 2201 2200
2140 2202 2203
2202 2140 2200
2141 2140 1569
1569 2140 2203
1885 1897 2204
1882 1885 2205
2205 1885 2204
2063 2061 1220
1220 2061 2206
2206 2061 2062
932 928 2207
928 917 1440
928 1440 2207
727 658 2208
658 648 730
658 730 2208
728 727 2209
2209 727 2210
2210 727 2208
728 2209 2211
728 2211 693
660 728 693
2211 2209 2212
2212 2209 2213
2209 2210 2213
2211 2212 2214
2211 2214 2215
2211 2215 693
2214 2212 2216
2216 2212 2217
2217 2212 2213
2214 2216 2218
2214 2218 2219
2214 2219 2215
2218 2216 2220
2216 2217 2221
2220 2216 2221
2219 2218 2222
2222 2218 2223
2218 2220 2223
2221 2217 2224
2217 2213 2225
2217 2225 2224
2219 2222 2226
2219 2226 2227
2219 2227 2215
2226 2222 2228
2228 2222 2229
2229 2222 2223
2226 2228 2230
2226 2230 2231
2227 2226 2231
2220 2221 2232
2220 2232 2233
2220 2233 2223
2228 2229 2234
2230 2228 2235
2235 2228 2234
2229 2223 2236
2234 2229 2237
2237 2229 2236
2230 2235 2238
2231 2230 2239
2239 2230 2238
698 692 2239
692 682 734
2239 692 734
724 756 1827
509 724 597
724 1827 597
2033 2199 2240
2033 2240 1377
854 2033 1377
2240 2199 2241
2241 2199 2242
2242 2199 1433
520 661 2243
520 2243 504
476 520 504
2001 2019 2244
2001 2244 2009
1993 2001 2009
2244 2019 2245
2245 2019 2246
2246 2019 2018
1815 2141 2247
1815 2247 1916
1815 1916 1635
732 1819 2248
641 732 642
642 732 2248
888 874 1747
892 888 2249
2249 888 1747
1318 1829 2250
2250 1829 1356
1829 1868 1356
1667 1948 2251
1667 2251 2025
1608 1667 2025
2251 1948 2252
2252 1948 2253
1948 1949 2253
1119 1123 1451
1119 1451 2254
1119 2254 1115
1783 2181 2255
1783 2255 2135
1773 1783 2135
748 574 601
762 748 1871
748 601 1871
2026 1878 189
190 1878 2256
1878 190 189
1878 1879 2256
738 637 638
742 738 2257
738 638 2257
735 626 2258
2258 626 746
626 616 746
1610 1334 1442
1610 1442 2259
1681 1610 2259
758 754 2097
754 517 518
754 518 2097
710 704 1490
710 1490 1628
710 1628 1887
2015 2014 2260
2260 2014 1710
1710 2014 1711
1799 1454 2261
1454 1301 1304
1454 1304 2261
1801 1415 1424
1801 1424 2049
2050 1801 2049
2084 5 6
2084 6 1691
2084 850 2077
850 2084 1691
1861 1047 1035
1047 1861 2262
1051 1047 2262
2112 2005 2263
2263 2005 1978
2005 1981 1978
2012 1987 2264
2264 1987 2010
1987 1986 2010
2012 2264 1157
2013 2012 1155
1155 2012 1157
1157 2264 2265
2265 2264 2266
2266 2264 2010
2013 1155 2267
2013 2267 1975
1974 2013 1975
2227 2231 733
2215 2227 694
694 2227 733
2244 2245 2268
2244 2268 2194
2009 2244 2194
1934 1680 1681
1680 1934 2269
1680 2269 1949
1585 1527 2270
2270 1527 1615
1527 1516 1615
1585 2270 2271
1585 2271 2272
1585 2272 1586
2271 2270 2273
2273 2270 2274
2274 2270 1615
2272 2271 2275
2271 2273 2276
2271 2276 2275
1586 2272 2277
2272 2275 2278
2277 2272 2278
2276 2273 2279
2273 2274 2280
2279 2273 2280
2276 2279 2281
2276 2281 2282
2276 2282 2275
595 596 760
760 596 2283
2283 596 1914
1644 2071 1793
2071 1644 1789
1394 1644 1793
2015 2260 2284
1969 2015 1979
1979 2015 2284
2213 2210 2285
2210 2208 1378
2210 1378 2285
1229 1275 2286
1229 2286 1802
1075 1229 1802
2280 2274 2287
2274 1615 1616
2274 1616 2287
1722 1600 2288
2288 1600 1593
1600 1501 1593
1722 2288 2289
1723 1722 2290
2290 1722 2289
2291 2288 1593
2288 2291 2292
2289 2288 2292
1723 2290 2293
1723 2293 2294
1612 1723 2294
2293 2290 2295
2295 2290 191
191 2290 2289
1466 2170 2051
2052 1466 2051
1466 2052 1312
1761 752 2248
1761 2248 1891
2057 1761 1891
1947 1637 1721
1947 1721 2296
2188 1947 2296
2240 2241 2225
1377 2240 2285
2285 2240 2225
2054 2058 185
227 2054 185
2054 227 2053
185 2058 186
2297 2058 2057
2058 2297 186
792 788 2091
792 2091 1899
792 1899 1941
736 735 2298
2298 735 1938
735 2258 1938
1953 1952 421
1952 2085 419
421 1952 419
1406 1405 2109
2109 1405 2299
2299 1405 2169
1037 1406 2300
2300 1406 2108
2108 1406 2109
1335 1338 1642
1338 2037 2301
1642 1338 2301
1950 1614 1951
1614 1950 2105
1614 1475 2302
1951 1614 2302
2096 1749 2303
2303 1749 1590
1749 1549 1590
2096 2303 2304
2096 2304 991
2095 2096 991
2304 2303 2305
2305 2303 2306
2306 2303 1590
1045 2088 1841
2088 1045 1620
1842 1045 1841
1045 1042 1620
1854 1641 1875
1641 1854 2307
1854 1414 2307
1751 2124 2039
1575 1751 1598
1598 1751 2039
2155 1923 2308
2308 1923 1688
1923 1919 1688
2155 2308 2309
2155 2309 2310
2155 2310 2156
1900 1901 2311
1900 2311 1893
1900 1893 2174
2311 1901 1386
1901 836 2312
1901 2312 1386
2116 2117 1194
2116 1194 2313
2118 2116 2313
1684 1682 1566
1566 1682 2020
2020 1682 1683
2149 2189 2314
2149 2314 1943
2150 2149 1943
697 698 1850
1850 698 2238
698 2239 2238
2241 2242 2315
2241 2315 2224
2225 2241 2224
2315 2242 1279
1279 2242 1296
1296 2242 1433
1249 1250 2129
1672 1249 2316
2316 1249 2129
1250 1051 2262
1250 2262 2128
1250 2128 2129
2235 2234 1375
2238 2235 1849
1849 2235 1375
2309 2308 2317
2317 2308 1689
2308 1688 1689
2035 1235 2318
2100 2035 1675
2035 2318 1675
2130 2131 726
2131 2134 599
726 2131 599
1581 1677 1683
1683 1677 2319
1677 1833 2319
2255 2181 2320
2320 2181 605
2181 2182 605
2022 1767 2118
1767 1484 2028
1767 2119 2118
2119 1767 2028
1385 2311 1386
2311 1385 1892
2311 1892 1893
1933 1932 2321
2321 1932 216
1932 2156 216
2112 2263 2322
2112 2322 1601
2113 2112 1601
1926 1652 2073
2073 1652 2074
1652 1418 2074
2103 2106 2323
2104 2103 1153
2103 2323 1153
2323 2106 1164
1164 2106 2324
2106 2105 2324
2104 1754 1470
1754 2104 1154
2104 1153 1154
2243 661 1935
661 662 2269
1935 661 2269
2281 2279 1846
2279 2280 923
2279 923 1846
1927 1926 2325
2325 1926 1852
1926 2073 1852
1927 2325 1259
1927 1259 1944
1654 1927 1944
2170 2171 1786
2051 2170 2093
2093 2170 1786
2124 2125 1713
2039 2124 2326
2124 1713 2326
2125 2095 992
2125 992 968
2125 968 1713
2192 2065 1136
1136 2065 1137
2065 2066 1137
2314 2189 2327
2327 2189 1276
1276 2189 2188
2184 2183 1664
2183 2079 2078
1664 2183 2078
2255 2320 600
2135 2255 2134
2134 2255 600
2144 2146 2046
2145 2144 2047
2144 2046 2047
2146 2147 2328
2146 2328 1017
2046 2146 1017
1673 1672 2329
1672 2316 1955
2329 1672 1955
1673 2329 2330
1673 2330 1195
1082 1673 1195
2027 2026 2331
2331 2026 189
2027 2331 203
2027 203 2332
2027 2332 1714
1685 1684 2333
2333 1684 1565
1684 1566 1565
1685 2333 2334
1685 2334 2335
1596 1685 2335
2166 2045 1016
2045 2046 1016
1081 2166 1014
2166 1081 1252
1014 2166 1016
2165 2166 1252
663 577 2202
2202 577 549
577 550 549
1799 2060 2299
2060 1799 2261
1799 2299 2169
1799 2169 1798
2069 2067 1450
2067 2068 1449
2067 1449 1450
2070 2069 2336
2336 2069 1869
1869 2069 1450
2070 2336 2337
2070 2337 2338
2070 2338 1785
2337 2336 602
2336 1869 1870
2336 1870 602
1664 2076 849
2076 1664 2078
2076 2077 849
1737 2158 2044
1435 1737 2339
2339 1737 2044
2314 2327 1308
2314 1942 1943
1942 2314 1308
662 571 2253
571 467 506
2253 571 506
1410 1297 1300
1410 1300 1858
1410 1858 1769
1817 653 668
1817 668 712
1821 1817 712
690 1848 687
687 1848 716
716 1848 1889
1835 1444 893
1835 893 894
1835 894 2108
1449 2068 1204
2068 1771 2151
2068 2151 1204
736 2298 2257
628 736 638
638 736 2257
2257 2298 1757
1757 2298 1939
2298 1938 1939
1742 622 2055
622 621 744
622 744 2055
1743 1742 2340
2340 1742 2341
2341 1742 2055
1743 2340 2342
1743 2342 610
609 1743 610
2340 2341 177
2342 2340 2343
2343 2340 178
2340 177 178
177 2341 2344
2341 2055 2056
2341 2056 2344
2342 2343 195
2342 195 2345
610 2342 2345
1953 421 2196
1953 750 776
750 1953 2196
2338 2337 563
563 2337 562
2337 602 562
2258 746 764
786 2258 764
2258 786 1938
2137 1753 1914
1753 778 2283
1753 2283 1914
608 2137 1915
2137 608 2136
2137 1914 1915
2121 1895 711
1895 1821 712
1895 712 711
2120 2121 1716
2121 711 2346
2121 2346 1716
1844 2179 2066
1369 1844 1426
1426 1844 2066
1879 1618 1921
1618 716 1889
1618 1889 1921
2117 1215 1187
2117 1187 1183
2117 1183 1194
2110 2063 1221
2063 2110 2111
2063 1220 1221
2064 2063 2111
1650 2187 2086
1650 831 834
831 1650 2086
2187 2083 2347
2187 2347 2348
2086 2187 2348
2185 2173 1877
2173 2185 2186
2173 2174 1877
2145 1588 2021
1588 2145 1693
2145 2021 1833
2145 2047 1693
2322 2263 2284
2263 1978 1979
2263 1979 2284
1628 1627 1887
1887 1627 1919
1919 1627 1688
2177 2175 1662
1662 2175 1663
2175 2176 1663
504 2243 2098
2098 2243 1781
1781 2243 1935
2179 1670 1138
2066 2179 1137
1137 2179 1138
2171 1468 2029
2171 2029 1787
1786 2171 1787
203 2331 70
2331 67 70
67 2331 189
2268 2245 1440
2245 2246 2207
1440 2245 2207
2064 2150 1930
2150 2064 1797
1930 2150 1943
1690 6 2081
6 1690 1691
1690 2081 2107
2158 2157 865
2044 2158 2043
2043 2158 865
2304 2305 1646
991 2304 990
2304 1646 990
2305 2306 2349
2305 2349 1645
2305 1645 1646
2349 2306 2350
2350 2306 1589
2306 1590 1589
2349 2350 2351
2349 2351 2352
1645 2349 2352
2351 2350 2353
2353 2350 1622
2350 1589 1622
2351 2353 2354
2351 2354 2355
2351 2355 2352
2354 2353 2277
2353 1622 1621
2353 1621 2277
1529 1586 1621
1621 1586 2277
1890 2153 2297
1890 2297 2057
1890 2057 1891
2153 2154 225
2153 2356 2297
2356 2153 225
2154 1882 2205
225 2154 224
224 2154 2205
1933 2321 2256
1933 1879 1921
1879 1933 2256
2321 61 190
61 2321 57
2321 190 2256
57 2321 216
1898 2126 2163
1899 1898 1941
1941 1898 2163
2126 2127 1626
2126 1625 2163
1625 2126 1626
2127 1762 1951
2127 1951 2302
1626 2127 2302
2322 2284 969
1601 2322 1602
2322 969 1602
195 2343 116
2343 112 116
112 2343 178
1876 1874 2037
1874 1875 2301
2037 1874 2301
2251 2252 664
2025 2251 2201
2251 664 2201
2282 2281 1324
1324 2281 1845
2281 1846 1845
2282 1324 1325
2282 1326 2275
1326 2282 1325
1592 1728 1572
1592 1543 1551
1543 1592 1572
1728 1729 2357
1728 2357 2358
1728 2358 1572
2357 1729 2359
2359 1729 2335
1729 1596 2335
2358 2357 2360
2360 2357 2361
2357 2359 2361
2358 2360 2362
2358 2362 1571
1572 2358 1571
2362 2360 2363
2363 2360 2364
2364 2360 2361
2361 2359 12
2359 2335 11
12 2359 11
1795 2110 2142
1360 1795 2143
2143 1795 2142
2087 2088 1619
2087 1619 1671
1670 2087 1671
434 424 194
434 194 575
576 434 575
1873 1872 2259
1872 1934 1681
1872 1681 2259
1779 1873 2339
1873 2259 1441
1873 1441 2339
2338 563 606
1785 2338 2182
2182 2338 606
1259 2325 1260
2325 1852 1851
2325 1851 1260
175 370 362
370 175 176
370 58 231
58 370 176
2323 1164 1142
1153 2323 1135
1135 2323 1142
31 377 212
31 212 30
2184 1664 1665
2185 2184 2186
2184 1665 2186
2178 2177 1357
2177 1662 1358
1357 2177 1358
2178 1357 2152
1858 2178 1769
1769 2178 2152
2316 2129 1709
1733 2316 1709
2316 1733 1955
1623 1624 2115
1623 2114 2164
2114 1623 2115
1625 1623 2164
2059 2060 2261
1303 2059 1304
1304 2059 2261
2194 2268 1240
2268 1440 1439
1240 2268 1439
2334 2333 2365
2365 2333 1699
2333 1565 1699
2334 2365 160
2335 2334 11
11 2334 160
419 2085 420
2085 2086 2348
2085 2348 420
2330 2329 1963
2329 1955 1954
2329 1954 1963
1195 2330 2041
2041 2330 2040
2330 1963 2040
932 2246 943
2246 932 2207
2246 2018 943
2081 6 3
2018 2113 943
2113 1601 944
943 2113 944
2315 1279 1287
2224 2315 2366
2366 2315 1287
122 586 196
586 590 2345
586 2345 196
2328 2147 999
2147 1924 998
2147 998 999
1876 2037 2102
1876 2185 1877
2185 1876 2102
2114 1741 2161
1741 1372 2162
1741 2162 2161
2365 1698 159
1698 2365 1699
2365 159 160
441 442 169
169 442 168
442 576 168
2193 2192 1219
2192 1136 1107
2192 1107 1219
1902 2193 1913
1913 2193 1218
1218 2193 1219
1624 1430 2198
1624 2198 2031
1624 2031 2115
1061 1662 1073
1662 1061 1358
1647 2079 1674
2079 2100 1674
2176 1806 1839
2176 1839 1661
1663 2176 1661
1017 2328 1001
1001 2328 994
994 2328 999
2320 544 540
544 2320 605
600 2320 540
173 115 2367
2367 115 117
173 2367 2368
173 2368 2369
173 2369 174
2368 2367 348
2367 117 2370
2367 2370 348
2369 2368 359
2368 348 350
359 2368 350
174 2369 218
218 2369 360
360 2369 359
2362 2363 1629
2362 1629 1630
1571 2362 1630
2363 2364 2371
2363 2371 2372
2363 2372 1629
2371 2364 393
2364 2361 215
2364 213 393
213 2364 215
246 248 2373
246 2373 392
248 249 2374
248 2374 2375
2373 248 2375
2374 249 2376
2376 249 379
249 245 379
2374 2376 2291
2374 2291 1790
2374 1790 2375
2373 1791 2377
1791 2373 2375
2378 2373 2377
2373 2378 392
2291 2376 2292
2376 379 2379
2292 2376 2379
2355 2354 2380
2380 2354 2278
2354 2277 2278
2355 2380 2381
2355 2381 978
2352 2355 978
2381 2380 1326
1326 2380 2275
2275 2380 2278
2381 1326 934
2381 934 938
2381 938 978
2023 2022 1192
1192 2022 2313
2022 2118 2313
2023 1192 1193
2023 1193 1457
1805 2023 1457
455 451 378
558 455 409
409 455 378
1231 2327 1276
2327 1231 1258
1308 2327 1258
398 569 399
322 398 317
569 500 514
569 514 552
569 552 399
2267 1155 1156
2267 1156 2382
2267 2382 2042
1975 2267 2042
2114 2161 2164
2052 2048 1423
2048 1424 1423
1424 2048 2049
2309 2317 220
2310 2309 172
2309 220 172
220 2317 221
2317 1689 2294
2317 2294 221
2156 2310 217
2310 52 217
52 2310 172
802 1869 1450
2260 1710 970
2284 2260 969
969 2260 970
1619 2088 1620
1619 1053 1087
1619 1087 1671
2082 155 233
233 155 151
152 382 206
152 206 148
382 1724 206
1724 1725 2148
1724 2148 205
1724 205 206
2148 1725 2138
1725 1352 2139
1725 2139 2138
2142 2110 1221
607 2148 2138
608 607 2136
602 1870 601
601 1870 1871
2080 2083 2107
2081 2080 2107
2347 2083 2082
2347 2082 237
2347 236 2348
236 2347 237
1312 2052 1423
2293 2295 222
2294 2293 221
221 2293 222
2295 191 36
2295 36 40
2295 40 222
2073 1384 1852
1790 2291 1594
2291 1593 1594
1508 1790 1594
1790 1791 2375
208 2050 1695
208 1695 210
2077 850 849
2252 2253 506
505 2252 506
2252 505 664
64 175 367
66 64 367
2372 2371 2378
2378 2371 392
2371 393 392
1629 2372 1522
1522 2372 1523
1523 2372 2378
2169 1842 1798
1950 2089 2105
2089 2090 1165
2089 1165 2324
2105 2089 2324
2090 1805 1457
2090 1457 1458
1165 2090 1458
1566 2020 1564
1321 1238 1254
2195 1322 2383
2383 1322 1323
2195 2383 2384
2195 2384 2006
2002 2195 2006
2384 2383 2385
2385 2383 1437
1437 2383 1323
2384 2385 2386
2384 2386 2387
2384 2387 2006
2386 2385 2388
2388 2385 2389
2389 2385 1437
2386 2388 1207
2387 2386 1208
2386 1207 1208
2388 2389 2390
2388 2390 1129
1207 2388 1129
2006 2387 2007
2387 1209 2391
1209 2387 1208
2007 2387 2391
2390 2389 1755
2389 1437 1438
1755 2389 1438
1129 2390 2392
2392 2390 1754
1754 2390 1755
1254 1238 1236
2094 2093 1402
1402 2093 1786
2094 1402 1792
2094 2072 1354
2072 2094 1792
1309 1312 1423
1710 958 970
2370 117 198
198 117 113
348 2370 349
349 2370 2393
2393 2370 198
2152 1357 1203
1203 1357 1059
1194 1192 2313
421 419 243
2196 421 422
2060 1837 2299
219 218 2394
2394 218 360
219 2394 366
129 219 2395
2395 219 366
2394 267 263
267 2394 360
2394 263 366
2082 233 237
2286 1275 2296
1275 1276 2188
1275 2188 2296
1720 2286 1721
2286 1720 1803
1802 2286 1803
1721 2286 2296
1645 2352 977
948 1645 977
2361 12 215
2382 1156 1089
1089 1156 1093
2382 2041 2042
2041 2382 1196
2382 1089 1196
1157 2265 1101
2265 2266 1152
1101 2265 1105
1105 2265 1152
1151 2266 2011
2266 1151 1152
2266 2010 2011
2332 203 2396
2396 203 204
2332 2396 2123
1714 2332 1717
1717 2332 2123
2396 2397 2122
2397 2396 204
2123 2396 2122
211 441 169
211 169 37
179 94 2398
2398 94 91
179 2398 2399
179 2399 2400
179 2400 180
2399 2398 2401
2401 2398 2402
2402 2398 91
2400 2399 338
2399 2401 336
2399 336 338
180 2400 228
228 2400 2403
2403 2400 338
2401 2402 2404
2401 2404 335
336 2401 335
2404 2402 2405
2405 2402 201
2402 91 201
2404 2405 2406
2404 2406 311
2404 311 335
2406 2405 2407
2407 2405 202
202 2405 201
2406 2407 337
311 2406 315
315 2406 337
2408 2407 2409
2407 2408 337
2407 202 2409
606 563 556
220 46 172
663 2202 2200
664 663 2201
2201 663 2200
51 193 230
424 193 194
226 106 2344
106 177 2344
227 226 2053
2053 226 2056
2056 226 2344
100 227 185
922 1324 1845
1107 1136 1103
83 181 2409
83 2409 86
181 182 2410
181 2410 2408
181 2408 2409
2410 182 2411
2411 182 77
77 182 76
2410 2411 358
2408 2410 357
2410 358 357
2411 77 199
2411 199 374
2411 374 358
199 77 73
199 200 373
374 199 373
200 66 367
200 367 368
373 200 368
345 373 368
2408 324 337
324 2408 357
411 322 321
1011 1449 1204
140 205 167
1165 1164 2324
384 388 171
1720 1641 2307
1875 1641 1642
1803 1720 2307
192 191 2289
1220 2206 1159
2206 2062 1163
2206 1148 1159
1148 2206 1163
2409 202 86
2163 1625 2164
1207 1129 1125
2202 549 2203
1797 2064 2111
1352 2071 2139
2139 2071 1789
2071 2072 1793
1793 2072 1792
1390 1434 2198
1944 1259 2412
1259 1009 2412
229 228 2413
228 2403 2413
107 229 197
2414 229 2413
229 2414 197
2403 338 339
2403 351 2413
351 2403 339
1129 2392 1128
2392 1754 1154
2392 1154 1128
2345 195 196
2232 2221 2366
2221 2224 2366
2233 2232 2415
2415 2232 1288
1288 2232 2366
2233 2415 1270
2223 2233 2236
2236 2233 1270
1242 2415 1288
2415 1242 1206
1270 2415 1206
1826 826 1355
2133 1826 1355
1826 2133 2416
1827 1826 2416
1318 2250 1198
2250 872 1198
872 2250 864
864 2250 1356
2132 2130 725
725 2130 726
2132 725 598
2133 2132 2416
2416 2132 598
725 516 598
2021 2020 2319
2020 1683 2319
824 817 2043
824 2043 865
1269 1025 2417
2417 1025 912
1269 2417 2237
1269 2237 2236
1269 2236 1270
2417 912 908
2417 908 1376
2417 1376 2237
1388 1755 1438
733 2231 734
2231 2239 734
1632 1368 1773
693 2215 694
1430 1390 2198
1027 1240 1439
1200 879 893
1444 1200 893
532 726 599
1779 2339 2044
551 530 2418
2418 530 534
551 2418 405
551 405 400
551 400 552
405 2418 406
407 2418 534
2418 407 406
400 405 309
309 405 305
552 400 399
1376 2234 2237
2234 1376 1375
2213 2285 2225
1632 1773 2135
1746 862 866
1746 2159 2419
2159 1746 2160
1747 1746 2419
1746 866 2160
1441 1435 2339
890 898 2300
890 2300 894
898 1037 2300
568 542 401
542 546 401
297 568 293
568 297 407
293 568 401
1738 2075 2420
2159 1738 2420
1418 2075 2074
2075 1418 1422
2420 2075 1422
2159 1421 2419
1421 2159 2420
896 1849 1375
1372 1756 2162
1756 1757 1939
1756 1939 1936
1756 1936 2162
674 694 733
484 503 518
503 504 2098
518 503 2097
2097 503 2098
730 740 2208
2208 740 1378
494 411 410
892 2249 1223
1223 2249 1421
2249 1747 2419
1421 2249 2419
397 486 396
676 680 2346
711 676 2346
680 714 2346
1475 1626 2302
1334 1330 1442
910 922 1845
742 2257 1757
1523 2378 2377
1518 1523 2377
706 697 1850
1868 2133 1355
1356 1868 1355
2091 1482 1899
2269 662 1949
1949 662 2253
923 900 1846
470 478 415
415 478 414
1032 1861 1035
1244 1175 1851
1862 1344 1656
1861 1862 2262
1862 1656 2128
2262 1862 2128
412 560 413
1239 2194 1240
395 470 415
2157 866 865
866 2157 2160
788 771 2092
771 774 2092
788 2092 2091
1460 1636 1251
1247 1460 1251
1636 1635 2168
1251 1636 2167
1636 2168 2167
882 1013 2421
882 2421 1385
1859 813 858
1860 1859 2287
1859 858 924
2287 1859 924
1496 1860 1506
1506 1860 1616
1616 1860 2287
2280 2287 924
2280 924 923
349 2393 2422
349 2422 283
2422 2393 2414
2414 2393 197
197 2393 198
283 2422 287
2422 2414 352
287 2422 352
774 1396 2092
1601 940 944
401 546 402
778 766 2283
766 760 2283
2248 1819 1891
1452 1140 1162
1451 1452 2423
1452 1162 2197
1452 2197 2423
330 396 410
285 402 412
1945 1944 2412
1945 1004 2190
1004 1945 2424
1707 1945 2190
1945 2412 2424
187 85 224
188 187 2204
187 224 2205
187 2205 2204
188 1897 2397
1897 188 2204
80 188 2397
2397 1897 2122
80 2397 75
75 2397 204
92 95 2356
92 2356 225
2029 1404 1787
1837 2109 2299
417 2196 422
257 417 422
295 351 339
796 793 2312
793 800 2312
2356 95 186
752 633 642
1150 1165 1458
2254 1451 2423
1115 2254 1218
2254 1912 1913
1912 2254 2423
2254 1913 1218
1113 1151 2425
1113 2425 1117
2425 1151 2426
2426 1151 2011
2425 2426 2391
1117 2425 1209
1209 2425 2391
2007 2426 1999
2426 2007 2391
1999 2426 2011
343 414 397
1068 1075 1802
752 642 2248
374 332 358
1013 1063 2421
1063 1374 2421
836 796 2312
1256 1224 2172
1256 2172 1303
969 950 1602
356 395 415
1839 2172 1661
597 1827 2416
597 2416 598
2421 1374 1892
2247 2141 1570
2141 1569 1570
1916 2247 1917
2247 1570 1917
1635 1916 2168
1916 1669 2168
1009 1002 2424
2412 1009 2424
1002 1004 2424
1004 1005 2190
1005 989 1686
1005 1686 2191
2190 1005 2191
275 359 350
2346 714 1716
1490 1494 1628
1378 1377 2285
1851 1175 1260
2312 800 1386
2352 978 977
265 404 418
1468 2119 2029
2029 2119 2028
2165 1251 2167
1251 2165 1252
605 2182 606
1307 1305 1604
1307 1604 1907
1307 1907 1942
1307 1942 1308
1414 1803 2307
1670 1095 1138
1177 2142 1221
1963 1962 2040
1791 1518 2377
194 45 575
2062 1162 1163
129 2395 131
131 2395 183
183 2395 365
2395 366 365
1909 1912 2197
2197 1912 2423
1689 1612 2294
1875 1642 2301
1185 1233 2143
1850 2238 1849
894 2300 2108
216 2156 217
527 666 2203
549 527 2203
666 1569 2203
446 445 550
1893 1856 2174
2174 1856 1877
1711 2180 979
979 2180 980
980 2180 1959
2180 1958 1959
981 980 2427
2427 980 1959
981 2427 1864
981 1864 1687
975 981 1687
1864 2427 1863
2427 1959 1863
1864 1811 1686
1864 1686 1687
2120 1716 1717
2120 1717 2123
255 184 183
184 255 251
255 183 365
1547 1555 1917
1570 1547 1917
1646 956 990
1589 1537 1622
1535 1571 1630
2151 2152 1203
2151 1203 1204
1833 2021 2319
2046 1017 1016
2259 1442 1441
451 377 378
1210 1213 2318
1213 1314 2318
1195 2041 1196
1235 1210 2318
29 192 379
192 2289 2379
379 192 2379
2289 2292 2379
590 610 2345
1924 2038 998
1712 2038 2326
2038 1712 997
2038 2039 2326
998 2038 997
1700 720 408
720 558 408
1701 1700 158
158 1700 223
1700 408 223
1701 158 159
1553 1701 1698
1698 1701 159
158 223 14
1233 1360 2143
1686 1811 2191
1385 2421 1892
1712 983 997
2095 991 992
968 992 964
408 558 409
599 2134 600
2100 1675 1674
2297 2356 186
1421 2420 1422
2318 1314 1675
2414 2413 352
2348 236 420
1934 1935 2269
132 384 171
1713 1712 2326
1288 2366 1287
2413 351 352
375 409 378
