1.1075554243250685 0.9018918890642622 0.9162715484397506
1.111408889402252 0.9090805407913702 0.9080464609361673
1.097325074970824 0.9111060322544144 0.8852020928657387
1.0537628560912322 0.8780663877542016 0.9148183645182087
1.1261261361892403 0.898003077937938 0.9239576918440244
1.1817293640876796 0.921030466007002 0.9128644689726784
1.2263764220870357 0.9813101112000816 0.9475769926916602
0.9793028010204624 0.9239432241540264 0.8766687178658747
0.9478738818576586 0.8886840398148284 0.9012453903448484
1.076975072741812 0.9151210744433912 0.9511368466568912
1.3469868632344923 0.932167838685821 1.000268860818169
1.0064953956903429 0.8983299791459229 0.9319363745284628
1.4576878951678642 0.9884029212380092 0.9783991031725624
1.0267747805375067 0.985426729309424 0.98242111417201
0.9659496644073244 0.9306508550760624 0.8774028923808306
0.8364229655945483 1.0172959133215498 0.7435518185939962
0.9942360320161192 0.9380117102725388 0.8038522531152061
0.9665095807107816 0.961000786568361 0.8995926293197236
1.3063778867172602 0.9351810425223546 1.0283079838399771
1.0990415758443812 1.0415159611640323 1.0529444943267858
1.281161580129581 1.0598970293148875 1.0286580281443287
0.923899372485551 1.026695082676512 0.8653024943879783
1.1961604755849424 0.9832747581536676 0.9354078442598804
0.8994332390038791 1.1313031635845112 0.9765445593172908
0.9022583855182984 1.1709855715030235 1.0679664800296251
0.8126506637893064 0.9977192143001608 0.6797749814353509
1.2698216860871645 1.3297275891068343 1.16961060458251
0.4332338029656803 0.9803739438242544 0.4039621376874276
0.9166456369713626 1.1415511150962478 0.9023529493165308
0.4110793621167027 1.0264642079176012 0.5031884230907631
0.616387654003699 1.0777360513204783 0.6811148814609496
1.0540997776119636 1.378881801383076 1.0165259369314787
1.1983257457341072 1.2758306231187753 1.1307166646502118
0.8132059815148378 1.1164711174225967 0.818693261234543
1.125945808486826 1.1992568088156783 1.0621920108998075
0.5314360524670841 1.0303032361572484 0.8925055868128
1.0104626438034736 1.143622964078112 0.9891099711736872
1.1459510456079238 1.2105995767960105 1.1429405364173402
0.7505932955908194 1.0815923489841914 0.8936762221348884
0.9122224317784204 1.102364565306714 0.9590681471307834
0.9297868276667984 1.127233827251307 1.0869271705209125
1.2626701237938676 1.1271265610511207 1.1079159014481237
1.1193145524136687 1.129087705454455 1.0435959509608193
0.9915676427171336 1.0594478410747197 1.0511056783022656
1.1262949223426166 1.0536183132339376 1.0487927618968875
1.2052958596635612 1.0379919618346758 1.060399639461134
1.047822607676088 1.060398806608256 1.0485635870839607
1.0622481570048474 1.0557734135143413 1.073371267670642
1.110019428494453 0.97446960282503 0.9722478380115414
0.9143247243052584 0.9522321625241306 0.9297856288493724
1.124086985851133 0.977009931211442 0.9313921400400194
0.8159995363741717 1.0185490668329402 1.0350610974156105
0.936582812091302 0.9445094288426024 1.0263050559069231
0.9370244080629796 0.9573501501779926 0.9475106647538318
0.895889575628723 0.9460428218198405 0.9810888840449312
0.9564868090580114 1.0480945646014463 1.0655579127343495
0.9380307100252075 1.0485255368364292 0.9776694386791052
0.7747346508111563 0.9577849317799592 0.894053985451654
0.9721426364368336 1.0475259846306226 1.1406486012501071
0.9512100076532696 1.0280218900040916 1.129057631209034
0.7052959081643618 0.9571733470477088 0.9568385675782558
0.7545746080172557 0.968939549669039 0.8903392078842289
0.9643497173125796 1.086276671756127 1.0454626687395514
0.7525504513469384 0.9444522290472744 0.9697609905006104
0.7360358341969444 0.9241683556145696 0.9464900700826648
0.9619468021250158 1.043347401634712 1.069178892102257
0.9888972949120904 1.0663291278007794 1.092879473443919
0.7571496196116551 0.9628635325505934 0.9664900852584256
0.983597319302389 1.0497026593380123 1.1192170253826337
0.7968935385050155 1.0197799962525762 0.8974698371036514
0.808272570766093 1.0044969256629468 0.9089470813138494
0.5403553726201779 0.9865693058138092 0.8680263681183558
0.5914073290223137 0.9624118848414414 1.0273925933225758
0.4925926332143139 0.9866657433774124 0.958021436998659
0.5765952966154068 0.9770466702986376 0.956647587204599
0.771552415000307 1.0025090879312142 0.940985847990353
0.6067362371441541 0.967195776670879 0.9853469194192606
0.8367051110819687 1.0532625558360855 0.9122050743194876
0.802136358666865 1.0263051418893507 0.924679408553036
0.5923581380520516 0.98555929839135 0.9418255478591532
0.9591859774317052 1.0689285413671428 1.14000628050516
0.5911119809950719 0.9907245662211412 0.9259285862451972
0.9020433592511758 1.0620544919692474 1.1271114147645394
0.7604990307546774 1.0233604896333928 1.0843658305044448
0.833240180488423 1.052639695391527 0.939960138127895
0.8496207275145539 1.0888583679893058 0.9767867067219028
0.9819136383674534 1.0584812385627993 1.1212190076681017
0.8074511685936251 1.073916782969369 0.9146641980824476
0.7734938363216788 1.000758396467373 0.957714242277338
0.807817505397975 1.0165129106779904 0.9513599134223778
0.8451526276002848 1.0342840863893787 0.9603572372785428
0.6914371985440086 0.977617313245804 0.975579983137016
0.6356120626184878 0.9883645772086008 0.9533105653929752
0.946006421428662 1.0898150312606845 1.1096653767970226
0.9972367183309884 1.0612543461956443 1.0558552772610268
1.0013679432625084 1.1132824388510985 0.9808738336799304
0.8438356049606908 1.0379746935155092 0.9653920068902035
0.9718300462354036 1.0795697835649758 1.131068403647654
0.878577724585301 1.045392945770451 0.9783879964430467
0.7579334257626802 1.0091110335102087 0.9694836912361752
0.7268431845634016 1.006272411397914 0.9551499963540636
1.0002274106468876 1.0928451712630354 1.133560041305353
1.0599903821938306 1.1157850018354818 0.9999748378133289
0.999908296020282 1.104126317977487 0.9953024918079744
0.7944469025263182 1.0031846343884183 0.9826686970401646
0.9255621817798884 1.0754630248031072 1.0993168692700197
0.9843666423765316 1.1442148659310378 1.0570129722819228
0.7948711134637277 1.0004607910417054 0.966950976791976
0.923195149593096 1.1047810833125258 1.1125787506643017
0.9233466908040456 1.1265389353742412 1.1363482603341648
0.9414501358743896 1.0766313304657835 1.072960602716161
0.9200353016470346 1.0824288486999798 1.0361311306959395
0.7919053551283689 0.9931002207915434 0.975862804557308
0.8596598622185949 1.0273102817362991 0.9914033883969732
0.7604147407338783 1.1513874990188473 1.041662004863663
0.9427436791955696 1.043122739965198 1.038916798672986
0.9799951981195132 1.0411692391020004 1.0631904702404311
0.8841622411167838 1.1300071990826055 1.0481542555013874
0.9789370088808896 1.1137120738607915 1.143639362242168
0.9681167952656904 1.0816505088406745 1.0850441382667926
0.8693779088949485 1.103080733918817 0.9887870468262312
0.9186040228388443 1.0162048405176822 1.0266896246490704
0.8507395461779539 0.9951460448422838 0.9898370132339336
0.9275240202604472 1.1600947905890564 1.0847011025963391
0.9277009853424096 1.0364610392102511 1.062274292412983
0.964929998098048 1.0497232942845771 1.0410581054036907
0.9101976508019326 1.0328105898505564 1.0015006056490474
0.8849518100445426 1.10963266902262 1.093207081051662
0.8670725293405518 1.091394197131887 1.1027833484580525
0.8899891656908225 1.0010763210446845 1.0002573225080529
0.92253720330262 1.0478618456012825 1.0306445111030964
1.0256915359949523 1.1114851040505478 1.0500817922843515
1.1602264571980676 1.100916748200497 1.1920142031758203
1.122726824734772 1.1025804770396794 1.1424520097507456
1.0966004706918802 1.0828291752350578 1.1384139675028973
1.00348915934604 1.0984653712114172 1.138379677694175
0.909816992767281 1.186451154463711 1.1542114964288137
0.8301223873582347 1.1208845149183633 1.1495304882537545
1.0318471510398268 1.0861393889187942 1.1356706540941568
0.9407514775372556 1.101482425782712 1.1491645525565426
1.0286114729714402 1.0667821432344855 1.0793242945569848
0.8262258537660608 1.0766847243534547 1.0044021233919516
0.9097868048016308 1.0930018872522194 1.130873943687714
0.9859290249668688 1.1212893152805077 1.024759695866111
1.0982846381680955 1.0903905133702647 1.142819550633981
1.044733822839904 1.0695478521801132 1.104124290456399
0.9122968656272444 1.140704774721501 1.1091753112360865
0.8670569883207454 1.1176332580014403 1.054229246149382
0.981563148065714 1.0047997134820292 1.1437470620712586
0.8756424888142621 1.0957112797275697 1.1420927220245185
1.0360378393433751 1.0873451171325357 1.0759469790741454
0.830761261252394 1.0849595341392142 1.17944489465172
0.9434198082372632 1.0251974113131057 1.035920843446794
0.913194681821042 1.163296748160545 1.0654229353261382
0.9046068661898448 0.9830426758020944 1.0256502935743184
1.0993776093346936 1.14437605840625 1.136724380000663
1.1626363520115712 1.1864946222820991 1.153518909270968
0.9581757065479968 1.0360494816407757 1.0607964996741686
0.8808012375515197 1.1198705862569174 1.021019613164654
0.8525121763867018 1.0258145739411877 1.2085107440729086
0.9641954101645864 1.017571493899971 1.04514522231195
0.9286413858865892 1.06840179841722 1.1630483279348065
1.0131291917715926 1.0976049319431578 1.0634594660789851
1.036077739641596 1.1248688952531332 1.1043476985889935
0.7732944872372949 1.0438870487576182 1.1195267547016838
0.9287483897812758 1.0461056700345155 1.1885454141244445
0.8904852840144277 0.9701585150579284 1.0242098383776872
1.070424700372282 1.114975003222554 1.121829469459544
0.9174163609718304 1.086923288402951 1.1404889193035226
0.8917255527981882 1.0000137292225872 1.0154173986836312
1.0012527906001132 1.193453837973582 1.1469918029683566
0.9226172591683032 1.0045759830401089 1.0627734793618284
0.9880319431769492 1.0501831962088115 1.0693460829381047
0.9375725586734568 1.0064015513053954 1.0407699387467746
0.9020508082294216 1.0060517098614277 1.030206541586013
0.9284545794530076 1.0968584682278886 1.07231985445324
0.8764225619234939 0.9936598819432314 1.0224744698754655
1.0513119378025209 1.1291336465963546 1.1313119657830928
0.8575118962787649 1.003224962708666 1.1853730280779482
0.9564605263199024 1.0185639931211652 1.0784595593875093
0.6662186381586367 0.827600071269079 1.1404660504821251
0.8842619013997901 1.025758067876379 1.149394133730234
1.084450573032815 1.1412910035732784 1.1352025070474
0.7942771883734264 1.0598943621698351 1.1880752239822492
1.0437147122323926 1.0870615759384776 1.1222961882186049
0.7384605798300753 1.0024737741639758 1.056971009360142
0.8187457758194548 0.9709483170654024 1.0023033385530455
0.8623369870460108 1.1591694090630948 1.1299757275976765
0.9894573527963162 1.0709573541279065 1.0848019834639435
0.8461949250191116 0.9433451728027826 1.0407441056247313
0.75414157258399 1.0309293237891612 1.015737287180805
0.6102964188973578 0.9173771240239884 1.030349194004538
0.7794667413491922 0.8598528543582074 1.0210602370735629
0.9914286947630828 1.1329847989065112 1.089878713707125
1.0232953877721338 1.1520852584743937 1.1228330582599524
1.0074586375389216 1.0471097460842254 1.0952251374843236
0.8847709915703911 1.04547059511198 0.9790495634771316
0.991836432111745 1.0328619191802684 1.1422516092612964
0.8105747879765384 0.9538615329413984 1.016989981667875
1.0004271785725527 1.0149115603505798 1.1151572017296871
0.9378983925688984 1.1000680516840315 1.0639248160044792
0.8931278140961261 0.9832370283197474 1.0546540298165032
0.9116119314696818 0.9237443668053338 1.0832717519655963
1.0432888538662874 1.0431232332145317 1.1467613600347135
0.9505104789829866 0.9718489822709122 1.1747838734862317
0.7827816885764504 0.8961216205232372 1.0219109723785085
0.8423458282394763 0.9398465411786808 1.041617640161717
0.7494626468333656 0.8893173901894924 1.0021054456339895
0.9392688627517346 0.9913492042410424 1.0780294346502686
0.8666209107619846 0.9280419403303304 1.0616895851612336
1.004347097814314 1.016223129282607 1.1834636862456742
0.994207054477472 0.9560465436261198 1.134822037460406
1.0043517908086552 1.0047534031784204 1.0856078749556524
0.8622226452899159 0.9199211050343354 1.0736904918856078
0.8340902570029409 0.9218768422215904 1.0422654909035414
0.8765246749823404 1.0143826364201525 1.117910936321186
0.8990593672427413 0.9336504108298138 1.0737171438277997
0.7753518091991295 0.8874362728285563 1.1023814343937337
0.7640327523923068 0.8385939783507741 1.1294820491447035
0.96614597272449 0.9390143836992628 1.2117489427078558
0.8425349207200126 1.050452848223629 1.133159559726491
0.7751226860990013 0.8263564902409355 1.1440621098690338
0.7308382460537102 0.7847370023265618 1.129177167912495
0.764453454252575 0.8456317775768598 1.1439309096004555
1.0072797784009413 1.0413776282194842 1.054110381962337
0.9793410249460368 0.9194376294296994 1.2989807806808358
1.0681532779619265 1.1228932092325037 1.122842011260027
0.7975966981488621 0.8998551628633731 1.13090660925487
0.8847323218050593 0.8869751940926909 1.081192057530772
0.8132519111834391 0.910825675146862 1.1125788343089589
0.8964985299588921 0.9032718041704432 1.0883496891950086
0.8628566962519297 1.0552103771465848 1.0561325680767473
0.8717182941275763 0.9574471952869263 1.1679465858579476
0.9985029050938208 0.958708094221258 1.0758720788607503
0.9261865298487044 0.8988541571651485 1.0929929887442569
0.8220838862902738 0.9151929609415664 1.1310544747596722
0.7954846649558968 0.9199241373545056 1.106190188370368
0.9379334124803482 1.128445934586538 1.0125764746923815
0.854021302720503 0.8361020783613977 1.2739696974094494
0.9454663813363522 0.9968610449485382 0.9749779274634748
0.8448637051406143 0.9141014979935216 1.1593021394336187
0.8691294292580051 0.9844287714230492 1.1468532943344902
0.9312192988786582 1.0974798328697766 1.0135034437076538
0.810107834975496 0.9665217461291 0.9872545866824708
0.8579198956936552 0.9941275541303094 0.98616445425451
0.9524467096462113 0.8885933872355336 1.1336848738885277
0.8923161872853853 0.8523849062309585 1.2144037584348435
0.8590402624725518 1.0327646717188983 1.0728250136422632
0.8718938664503466 1.0750312534290662 1.0399213151954356
0.8233226422087311 0.9253861986539588 1.076656157981967
0.8897334451437181 0.8902395039955628 1.089097754420015
0.9119846571061092 0.959129586934278 1.0738495938871877
0.8878231785236232 0.9214238119080304 1.0942782099901427
0.9507153785971878 0.8933058282463531 1.1390553592358366
0.8362078313864646 0.9266866744396722 1.158432438168388
0.7895692810015713 1.004057495203135 0.9704601657145444
0.9283510460277788 1.1003899002282376 1.0169624293341937
0.8973193792655024 1.0247961811682176 1.110450241336892
0.8159251438074174 0.9364520859731672 1.094186912278377
0.8307000597150702 0.9635744358722702 0.9585298085570964
0.834906424345081 0.9205347241508496 0.9821914143375884
0.8306328210716201 0.9334677526099746 1.0664031971275485
0.8629043835393394 0.9771026438206468 1.1000047514739792
0.8728378227536917 0.965136411388328 1.1502955283327472
0.7818084875272036 0.9365066748713202 1.0448937066438608
0.847639581506181 1.0030475474467302 0.9732342615235234
0.8474407470563695 0.9695509949207056 1.0727264851918663
0.8691161751608819 0.9357873847820386 1.1550396256117017
0.8601492430748597 0.991751398025106 1.0447768638956465
0.8583299453497413 0.9868456965388236 1.0352877148161674
0.908903705568907 0.9980090873502157 1.009455146461958
0.8892191873434032 0.9685179042390856 1.1313860861007026
0.8388452201372234 0.9704626784928284 1.049273560509114
0.883434344505577 1.0045614337187736 1.037438687281342
0.9412484608951598 0.877097007695566 1.1510229641317835
0.836783970098099 0.9464729978612318 1.0902643185698508
0.8871584213297815 1.0642324119365885 1.023701637975727
0.8439934589020788 0.9426615447625296 1.0473209948358333
0.8126025864946937 0.9498399771961594 1.064587467710565
0.9048828822367256 0.9371002630720476 1.0731371295771348
0.839274532975169 0.8059572665950459 1.1862688730873678
0.8464895562024422 0.9567810422588784 1.0521914007137898
0.8308833680942573 0.965096340351268 1.042180757043801
0.8607477985540746 1.0075961343625828 1.020077081813188
0.863150372648611 1.0382420243423454 1.1208152791015769
0.8311624973491959 1.0074764111080388 1.026287701077547
0.853984013452622 0.8911852100090103 1.1929074495903462
0.8662348999066237 1.0053058165576694 1.0292448041295756
0.9286884632324454 0.9874040062273872 1.022905571167943
0.7958683770863001 0.941608224766119 1.0346582726703426
0.8352140725247054 1.0343227298713078 1.0349041569747346
0.9331168263337948 1.058901754667856 1.0782997149799425
0.9119299157227804 1.0424335301656005 1.0306834124540334
0.8654486526580333 0.9422580444552322 1.1411569954294594
0.8287994872130038 1.0401369936431015 0.9923565408188928
0.8094791915246744 0.9635470728777432 1.021138085138917
0.8101365318982694 0.9638534813254084 1.041551274932096
0.7438411473784763 0.8510040659170395 1.003966630280308
0.9017221645604708 1.044381333501062 0.9528882087269102
0.7943841508273879 0.976660181631008 0.9383756918181572
0.9962649054721348 1.1238129654730518 1.0630241589702978
0.8103241667541576 0.983348821136965 1.0061390699944202
0.8465054992040243 1.017679873658432 0.9522671045000228
0.904402395971418 1.0461687966930455 1.0331105795615816
0.8435785392437861 0.89971653659404 1.1524827735239356
0.9039364501291411 0.8527993339080373 1.077673542702036
0.7982715471603082 0.9425277462828968 1.0556724917538052
0.8515007789169248 0.9005024635474586 1.0255806805276633
0.883054184415172 1.0093168430307111 0.9491141678109544
0.7691971700287332 0.9270164708853096 0.9437191419905392
0.9303569892043676 1.0868244081276537 1.0678422760659263
0.8574541512491706 0.8798979821504513 1.1430284924617675
0.7176455431189079 0.9722290711092044 0.9916966766654048
0.7703176948417755 1.0256033267339228 0.9628081409070236
0.830200352882966 0.9529110181553682 1.064505755050693
0.8740174557318783 0.8514212709046758 1.064675323304466
0.774000462067421 0.9395665042167468 0.9740678267972936
0.8043365304819624 1.01079943686623 0.9819217473732128
0.810561641542511 0.9738595095540834 1.0424942500750465
0.8419960287431093 0.8900257055655807 1.0055094694205318
0.8425032590553414 0.988752862788476 1.0177514982112426
0.8233096528713316 1.0162607934411607 0.9920714461833756
0.8275822378793954 0.8645926763889111 1.0798615515382126
0.8109068757658175 0.9007746790007296 0.9755073098198688
0.8811903128439279 0.9965363854356052 1.0092640982242198
0.7914306692042786 1.0232813850520035 0.9638295629676712
0.8728216849093815 1.0134474928923272 1.016839652455544
0.8159654445669163 0.9103073944521104 1.046900147366865
0.7774929929618544 0.9296483827758716 1.010911297698911
0.8677728946503295 1.009467702321376 0.9589375445000864
0.951840033916866 1.0807292237332629 0.9878792755050584
0.7188077764255307 0.9566769851320888 1.0080218667657608
0.8293021288641357 0.8868204634784203 1.0368033847016012
0.9002521663754492 1.000804459697573 1.059497826208311
1.0381720609338798 1.1396092141767635 1.0274099366102147
0.7418519178572469 0.9904539906645686 0.9887779501255468
0.9546151272646516 1.0807799644094809 1.040436390186409
0.8583157263625442 0.91195139937299 1.0298187840681452
0.8319346332078534 0.8878684737614249 1.020524608545231
0.918969405282739 1.0299932362086626 1.0121538994767256
0.8259323711437112 0.9753104988937462 1.0109334630469613
0.7501891284704333 0.967643345582542 1.0078072587854905
0.8593875012740436 0.991249918321528 1.0381686310557665
0.8850695801373725 1.030764806927194 1.023557832118363
0.8180676587250317 0.9616533204773434 1.0504608940455729
0.9118650099607404 0.9364317552046924 1.104847611628477
0.7909351413014517 0.9206032791081284 0.9801937659833272
0.8069277981772499 0.8823514109199575 1.0095331831304906
0.827600712402226 1.01813434217455 0.9605353660766528
0.8056585354573584 0.8704999951651367 1.033406682917119
0.7440066170967576 0.9703092005122792 1.0219345892590574
0.7755287915519495 1.0076337268119326 0.9550415234533672
0.7697665299518816 0.9376765552477128 0.9978133709790136
0.7895647062442299 0.8751825825164978 1.0189667039115138
0.9627417712295762 0.9856459574478134 1.0828807007915984
0.8773800931890314 1.0636512790127526 0.9665554826174888
0.8901620107141149 0.9753639538386611 1.082313037819052
0.8174437000693678 0.9058843613514886 0.9916638339300512
0.8970958587822518 1.0149456409379782 1.0116548187366856
0.8872052754727735 0.9749659273648056 1.006386615399479
0.9286719098158842 1.0578365715021087 0.9994926529691108
0.6162215697836917 1.0296246465900705 0.8763094949799646
0.7927945664473613 0.8916817215190873 1.002837611881282
0.8100896653571154 0.8806327287479467 1.0105099316929254
0.950300874768437 1.0363524553216532 1.0709134881771083
0.8985966082151642 0.9803374070099098 1.008029420839435
0.8739021497212128 0.96952892306476 1.0094391815582495
0.853048455987028 1.006820293461903 0.9829407393969856
0.8040159056962206 0.9034563310414664 1.0046481473539286
0.9360875893414692 0.9252387050899412 1.0639816422721244
0.926230051928184 0.9883756999736376 1.0815496179392357
0.8665352784498698 0.9691630392206348 1.1001478975512151
0.8874616800440472 1.0164740893205293 0.996330081946553
0.9264922397195796 1.0156244887012456 1.0784407836396008
0.7912508431300164 0.9796170676944892 1.0562159431657472
0.9065697725705384 0.9701961714242068 0.99423369769635
0.8811488125576096 0.9566933195071644 0.9900870059337344
0.8008614439413324 0.8998161407591221 1.0074053517569492
0.8904594530067639 1.0477997411606 1.080686064494338
0.8564214061143482 1.029354623089783 0.9861430079674208
0.6417965439442477 1.0057915093781542 0.9052442959052804
0.8015156809524746 1.0463952523566 1.0022910921669397
0.6925603187152042 1.001655911932997 0.9509484982668406
0.7887821361928542 0.8626828673697 0.9957421351972656
0.832392721343992 1.01976185146955 0.9879587927310522
0.8767821322790181 0.9912569777210294 1.0504219862094173
0.8898386811294756 1.0073272907826265 1.0456526037975644
0.8299552752580736 1.0445041177442844 0.9530095591489084
0.7961591930877978 0.9563388916983104 0.9879309605117914
0.8014080381871653 1.0088365695126391 1.1100867371714562
0.7392428511694021 0.9964933255441536 1.0407003155377916
0.8144500981475383 1.0189620837048352 0.938598959650518
0.7261912954379488 0.9201706172258276 0.9755410544897885
0.7801738803029749 0.918860852613558 0.9420528301882652
0.7832250316207588 0.8676949789571022 0.9898867999095388
0.8774036711538216 0.901954725193316 1.000426872809456
0.8023651833603326 0.878798818470302 1.0045900242646375
0.733073943558102 0.958867484433255 0.979225364696542
0.682815862889649 0.965203802054834 0.9250259743714686
0.8303419515148682 1.0269281634963132 0.9638716592948507
0.7828159025111044 1.0202537865375598 0.9556668545831206
0.8677536736921786 1.0098815296915165 1.05869614315863
0.8259954142954081 0.989220011678511 1.113285853793922
0.8435168357169756 0.974770451509964 1.0650626005564838
0.7474810062434715 0.9065197518536836 0.9757160146832272
0.800006388037849 0.8960397691722708 0.9881139431893198
0.8154716193650897 1.0351042996742388 0.9536219540840688
0.8479104226323322 0.9891615475247156 1.052043207612826
0.7927526576871167 0.891967980365659 1.0019220468007486
0.6794256679186031 0.9586952709493914 0.961547808735748
0.9104208966198224 0.9075805175340212 1.0220174298991562
0.7947204258896543 0.8733530265389602 1.0006955750333957
0.5925972395022281 0.9554999995456585 0.8073299899343773
0.6294236338796148 0.8761766078752844 0.9253794054261508
0.942514868791858 0.9127604185272692 1.0354830259453704
0.5992019624731925 1.0036466048801644 0.9529987905575164
0.7920079186374542 0.9887870051068955 0.9035310260342336
0.784457341427524 0.8907530577079914 0.992328352614508
0.9238776406381554 1.0431401881054478 1.026825039615466
0.8408430635374207 0.9742553098504532 0.9608315051410096
0.7278914492788098 1.0125041627550546 0.953724746875273
0.7732366340915626 0.8682075471019441 0.9909060440806314
0.7850353301743805 0.9829665225360342 0.9471045114552794
0.8031323948289045 1.0061851881818251 0.9291151376768978
0.7757689197614593 0.9081229503032712 0.9140297296107178
0.8207375331423937 0.99680222966691 0.9540295563751656
0.777772329078537 0.8809323052322542 0.9940649462185762
0.8080526557761628 1.0182093311254086 0.9451366349743022
0.8118285637670775 0.9639701783445788 0.9811923725028392
0.811025752311474 1.01909483678679 0.9463875351232672
0.8721843562739872 1.0265845853907498 1.0053975777653914
0.7842585947581263 0.8677132613047647 1.0021109014436194
0.8741217830227952 0.949004611316199 0.9611676416293315
0.9240327764804416 1.0397029384875696 1.031846566996916
0.8687099873860049 1.0099268800798216 1.066166412650099
0.8055828558443855 0.9170256699380176 0.9041102825740168
0.7770584511453957 0.8799043056111451 1.0014551402735838
1.0111513017778513 0.9246768989162364 1.063619679112886
0.840049005799685 0.9840667278430556 1.0565282352220198
0.7861763323886133 1.0043530512998853 0.9254384938941458
0.9282935401991728 0.925188394968072 0.9714446308842009
0.8078950413341119 0.8927027237479841 0.9795549369306816
0.8696049400915931 0.9255935222597004 0.95576003707433
0.8827623163453443 1.0444120955606104 0.954648926321723
1.018354345758919 1.0094828596401628 1.01597124414024
0.7692683206444836 0.9571704417765794 0.8847712937984333
0.7800843737928096 0.940805401284586 0.868354916978582
0.894707820644625 0.9156151205066596 1.0098688347057632
0.8770542775746835 1.015753404503112 1.0273540667995
0.8064589431275289 0.9743361050585584 0.9349223293905212
0.8623629115579919 0.9123704049459986 0.9925573322652284
0.8501659022507025 0.9373900501526212 0.9569706794392534
0.933291197501366 0.9296946923289546 0.972651578755788
0.7802080873878857 0.8844582876548621 0.9719083180774462
0.8520515276035131 0.898151086411521 0.9910991776046084
0.8051455872689158 1.007690493750072 0.9319466027054863
0.7861591662511007 0.9640346116292432 0.9204064447464008
0.8643003167366307 1.0334800626876142 0.9451829379774273
0.8744294818883932 1.0193697150651229 0.966710916695555
0.7542369575036083 0.962773547973054 0.9136424749682924
0.7640885181522161 0.8753663621978838 0.9832911585975124
0.9937530907631826 0.9891726815375668 0.9436562677689508
0.8260890400271846 0.8779508918103973 0.9362897712277451
0.8251364556384404 0.9538606526766084 0.918914314667462
0.7818263964278502 0.9418153285011774 0.923659201728448
0.8106996729691872 0.8997668849911253 0.961432362925728
0.7834635343741089 0.9181700906507312 0.9103580807005444
0.8278390556559734 0.9495097828316874 0.93012801931303
0.828999724379348 0.9113375059607752 0.951365402999432
0.8112702175150599 0.9387759942336728 0.9306216598617914
0.8352483418824181 0.917983991029728 0.9534221391368708
0.7940386857794794 0.8834870396879593 0.957977550542191
0.8060718646124453 0.9394129524724316 0.924667319899262
0.7821529223633408 0.8755008123625805 0.98094553653294
0.926693040892462 0.8710282649569159 1.0288469961825442
1.0665833028473442 0.9539734560133004 0.9724193047046192
0.7885891404168992 0.9074963640248876 0.9376533204821698
0.8224666985232594 0.9596578530658686 0.9462273854882
0.9575987719957876 0.9196656335523858 0.9785429383221836
0.8562651640857697 0.8689583095293214 0.9902846347617498
0.8353799748573432 0.9261433243520908 0.9351020740248046
0.8896750559487933 0.916936201975199 0.9742678287158916
0.959250672288124 0.9053287116282736 0.985561567430114
0.7730377866958321 0.8919025221161059 0.8957942935316456
1.103768114969449 0.9536165942496464 0.975666003737884
0.7826343515260318 0.9303037547861336 0.91311069127537
1.009632307912808 0.871721144143164 0.9761692905169648
0.7568664750762722 0.8974816448651186 0.908371251715386
0.8233119306304807 0.9081044222336176 0.936305813727766
0.9449249115191024 0.9161029120757672 0.9647671092850169
1.0393554865141432 0.8791080994294971 0.9795469133884422
0.8794506047407393 0.8802165257562784 0.9457350890744624
0.8850245134566238 0.8906816712038319 0.9657881506100044
1.063181260672127 0.8921582473379575 0.9853794524615278
0.981450298954668 0.8921960318548923 0.9698110911529731
0.9734147284902472 0.8948139661753967 0.9671873736029264
1.0885414917376972 0.9081938757915626 0.9724789024637736
1.0514967130458202 0.8909280779961071 0.9745419122510564
1.0565050415675108 0.9029494625766006 0.9518020038689964
1.063437359383044 0.9002839673461898 0.9702059481830948
1.0443269448114394 0.8975172948403669 0.9507244132817068
1.0409140408766089 0.9032588626284436 0.9514861495627728
