82.86693572998047 83.58617401123047 9.949836730957033
83.1487808227539 82.02127075195312 9.897851943969727
84.61587524414062 83.00672912597656 12.176883697509766
82.97319030761719 84.44632720947266 13.154626846313475
81.62828826904297 82.59429931640625 12.957803726196287
83.26779174804688 81.08790588378906 13.805327415466307
85.20403289794922 79.93875122070312 18.742462158203125
85.2741470336914 83.14546203613281 16.195722579956055
83.91409301757812 84.46626281738281 15.902572631835938
80.8243179321289 83.56891632080078 16.988019943237305
80.66107940673828 79.99549865722656 16.937292098999027
82.15372467041016 84.47496795654297 16.53021240234375
83.19583129882812 78.6978530883789 16.787166595458984
79.59229278564453 81.31515502929688 20.464263916015625
85.07535552978516 83.49883270263672 19.132793426513672
82.929931640625 84.2131576538086 23.77412414550781
85.49879455566406 82.00003051757812 21.892751693725586
81.63282012939453 84.4024429321289 20.29579734802246
80.2885971069336 79.49256134033203 18.05689239501953
81.8729476928711 78.13985443115234 20.21051406860352
83.5057601928711 78.26783752441406 19.956518173217773
80.66743469238281 83.55585479736328 22.558876037597656
85.24238586425781 79.45941925048828 22.428808212280273
79.59048461914062 79.7018814086914 24.048080444335934
81.19149017333984 78.0166015625 23.948827743530273
84.18074035644531 83.5096435546875 23.9507999420166
82.95802307128906 77.90717315673828 25.83285903930664
85.56726837158203 81.15974426269531 26.468231201171875
78.6968002319336 81.7895736694336 26.57964324951172
84.61494445800781 83.01879119873047 27.61972045898437
82.6870346069336 84.00070190429688 28.328163146972656
83.97999572753906 78.81443786621094 28.09105682373047
81.04328918457031 77.6731948852539 28.01109313964844
80.01821899414062 83.5863037109375 28.073883056640625
79.17134094238281 78.01526641845703 28.764272689819336
84.0409927368164 80.95316314697266 31.76945304870605
78.30768585205078 80.15867614746094 30.408647537231445
82.22096252441406 77.75532531738281 30.001222610473636
81.34956359863281 82.72775268554688 31.94277000427246
79.03047180175781 81.90624237060547 31.96847343444824
83.00669860839844 78.34497833251953 31.11892890930176
79.55721282958984 76.44306182861328 31.08504676818848
77.89115905761719 78.17510223388672 30.998477935791016
78.09780883789062 80.96989440917969 36.10696792602539
77.88471221923828 76.93474578857422 34.37222671508789
79.61361694335938 75.76741790771484 34.289413452148445
76.98616027832031 78.90992736816406 35.45840835571289
82.25788879394531 77.3008041381836 34.966766357421875
76.33305358886719 63.20580673217773 32.032032012939446
78.60631561279297 64.42456817626953 35.052967071533196
76.85613250732422 65.30046844482422 32.91019058227539
83.54618072509766 80.65962982177734 35.31233596801758
77.00370788574219 62.15188217163086 35.495933532714844
74.89164733886719 64.66069030761719 35.46031951904297
74.81084442138672 63.483116149902344 36.47901153564453
79.74134826660156 81.71052551269531 37.063323974609375
79.49010467529297 74.01754760742188 38.4812126159668
76.60245513916016 66.93701171875 38.069908142089844
81.00505065917969 81.15593719482422 40.65172576904297
83.21354675292969 80.17750549316406 39.23611831665039
78.95600128173828 63.67963409423828 38.68647384643555
78.27440643310547 66.66754150390625 37.78253173828125
77.69170379638672 75.8581314086914 40.09496688842773
75.84477233886719 62.67180252075195 40.308631896972656
74.5852279663086 64.48411560058594 39.66144943237305
82.45933532714844 75.91169738769531 39.95845031738281
76.31939697265625 78.82408905029297 40.75938415527344
77.60281372070312 62.67893600463867 41.34071731567383
77.96127319335938 81.74357604980469 41.78197479248047
79.2590560913086 69.28854370117189 39.82835006713867
77.03559112548828 69.24281311035156 39.74923324584961
97.59026336669922 94.32730102539062 38.58084106445313
97.4001007080078 97.09114074707031 40.61139678955078
96.1289291381836 95.71550750732422 38.76269912719727
98.6178207397461 95.38512420654295 39.78519821166992
75.93724060058594 66.40861511230469 42.65528106689453
95.9373550415039 96.60186767578124 43.14312744140625
79.42179870605469 71.8742446899414 39.90816879272461
79.21820068359375 67.19092559814453 42.55827331542969
96.0600814819336 94.09619903564452 43.3526496887207
79.87098693847656 80.6705093383789 44.94150161743164
97.45213317871094 93.37059020996094 42.90898513793945
83.45133972167969 80.16204833984375 44.80450820922852
83.09732818603516 76.09394073486328 41.89594268798828
77.71683502197266 70.829833984375 42.12376022338867
78.10904693603516 73.14436340332031 42.4522819519043
77.09075927734375 80.6942367553711 43.10699462890625
81.69992065429688 70.87760925292969 43.29464721679688
75.52558135986328 63.85063171386719 42.90133666992188
78.51930236816406 64.44727325439453 43.60895919799805
76.21089172363281 68.7392578125 43.55971908569336
98.06844329833984 96.38865661621094 45.00908660888672
98.78645324707031 94.7988052368164 43.49755096435547
77.41172790527344 77.35496520996094 45.52256393432617
76.90231323242188 69.63855743408203 48.43105697631836
82.9068603515625 71.30546569824219 46.4302749633789
77.52477264404297 64.55242156982422 45.06985855102539
78.03583526611328 79.4337387084961 46.102928161621094
76.31671142578125 66.05459594726561 45.55511856079102
96.20310974121094 92.66907501220705 46.43365097045898
97.4795913696289 92.73252868652344 45.76599502563477
79.47216033935547 79.9438705444336 49.23712158203125
80.21170043945312 68.20866394042969 47.91511154174805
79.22382354736328 65.89140319824219 49.06541061401367
95.68000030517578 93.9997329711914 48.02238845825195
84.2389144897461 80.32225036621094 46.9345703125
84.8650894165039 75.83478546142578 48.87358856201172
98.23910522460938 93.73751831054688 48.675743103027344
77.48429870605469 71.83132934570312 50.55926895141602
77.32672882080078 74.34384155273438 51.79150772094727
85.13072967529297 80.53850555419922 49.1300163269043
77.00807189941406 66.97428131103516 50.73501586914063
97.0171356201172 94.8052215576172 48.678565979003906
97.25164794921876 90.77677154541016 48.75573348999024
83.03369140625 69.07628631591797 54.07955932617188
95.4836883544922 89.46294403076172 50.11572265625
93.81704711914062 90.70896911621094 53.08229064941406
80.1915283203125 66.12802886962889 53.06897354125977
78.15206146240234 78.06873321533203 52.09686279296875
84.45710754394531 80.9425277709961 51.5666389465332
86.32551574707031 78.20738220214844 51.879554748535156
94.62419128417969 93.25515747070312 52.69000625610352
97.79598999023438 93.88143157958984 52.40690612792969
85.93199920654297 75.5771484375 53.4476432800293
87.28838348388672 81.39620208740234 50.95791244506836
96.58712005615234 88.43317413330078 50.88091659545898
98.65719604492188 89.9381332397461 51.72768783569336
77.62187957763672 66.89414978027344 55.35568237304688
76.24007415771484 68.56739807128906 53.57685089111328
99.52210235595705 91.76229858398438 56.00449752807617
88.93562316894531 81.06175231933594 51.27529525756836
90.65553283691406 81.33406066894531 51.85963439941406
90.16705322265624 83.62960815429688 52.74532699584961
93.09016418457031 84.61483764648438 52.87229919433594
92.61327362060548 86.59022521972656 53.0050163269043
80.21744537353516 79.98831939697266 53.33833694458008
85.56787109375 72.60977935791016 58.00568771362305
77.07843780517578 71.96541595458984 54.93927001953125
86.64376831054688 82.4426040649414 54.7806396484375
78.01911163330078 78.23995208740234 54.9654426574707
95.9624252319336 86.70677185058594 52.92646026611328
88.12667846679688 77.69087219238281 54.3494987487793
76.28974914550781 68.28775787353516 56.40963745117188
92.5805435180664 79.93057250976562 54.56444931030274
91.91998291015624 86.5499267578125 54.87457275390625
92.9230728149414 88.29295349121094 55.76652526855469
87.1915512084961 76.15709686279297 56.12155532836914
81.5416030883789 65.92668914794922 55.79976272583008
81.61689758300781 81.46966552734375 58.96088027954102
76.2596664428711 69.78436279296875 55.69789505004883
95.32176208496094 82.90564727783203 55.78606033325195
76.62517547607422 73.44125366210938 57.69469451904297
98.52296447753906 88.35791778564453 57.32527160644531
84.67357635498047 69.43519592285156 59.60306167602539
97.91902923583984 93.51646423339844 57.24363327026367
89.8363037109375 84.73908996582031 60.2645149230957
85.00023651123047 82.19326782226562 58.56695556640625
96.9225082397461 84.59883117675781 59.58256912231445
84.08087921142578 66.17489624023439 58.356163024902344
75.68814849853516 72.1151351928711 59.80819320678711
94.33740234375 92.8726577758789 58.0469970703125
75.60324096679688 68.51249694824219 59.79519271850586
94.27748107910156 80.5478744506836 57.1837387084961
91.94700622558594 78.11544036865234 60.32892990112305
77.47537231445312 77.66246032714844 59.02605438232422
74.99356079101562 69.90682220458984 59.64666366577149
97.76525115966795 92.66195678710938 59.71319198608398
90.6425552368164 85.59625244140625 62.02399444580078
78.44099426269531 66.43528747558594 61.12849807739258
98.7740478515625 89.28401184082031 59.65008163452149
86.26131439208984 73.25865936279297 60.40890121459961
96.3497085571289 82.41898345947266 63.28561782836914
93.76409149169922 89.49749755859375 60.926490783691406
95.38744354248048 92.3393783569336 60.61005020141602
98.92517852783205 87.26948547363281 60.48496627807617
82.53855895996094 64.9547119140625 60.99045944213867
97.99573516845705 88.9396743774414 61.55706024169922
89.9853286743164 75.5876693725586 63.84759140014648
73.1211929321289 70.06166076660156 63.04634475708008
95.71817016601562 80.03722381591797 63.292945861816406
75.7244873046875 74.89873504638672 62.72192001342773
77.90265655517578 65.62950897216797 65.00514984130861
88.77484130859375 84.66478729248047 63.50554656982422
72.79676818847656 68.46879577636719 66.46822357177734
92.23385620117188 76.8879623413086 63.96012878417969
80.54393768310547 81.6506118774414 65.78944396972656
100.06267547607422 85.27189636230469 64.19780731201172
83.73954010009766 82.50721740722656 62.823768615722656
84.68994903564453 66.01345062255861 65.06742858886719
97.82664489746094 83.13278198242188 65.56858825683594
72.02442169189453 71.3045654296875 66.30701446533203
76.58206939697266 77.67510223388672 61.9858283996582
73.99626159667969 75.59696960449219 66.57259368896484
84.02460479736328 82.91064453125 67.92482757568361
87.783935546875 73.94114685058594 64.33106994628906
92.45359802246094 85.7227783203125 64.85687255859375
85.2707748413086 68.33489990234375 67.34258270263672
82.33041381835938 64.74293518066406 65.40011596679689
98.97801208496094 87.06087493896484 65.23965454101561
94.28240966796876 78.137451171875 65.50311279296875
86.2796859741211 71.53633880615234 66.57064819335939
96.38350677490234 86.12467956542969 64.63155364990234
97.28934478759766 78.49369049072266 67.31771087646484
91.61450958251952 75.4129409790039 66.65248870849611
80.54326629638672 64.79770660400389 67.03639221191406
75.38570404052734 78.64366149902344 65.11914825439453
76.85932159423828 79.5402603149414 66.63320159912111
99.78699493408205 85.65550231933594 67.979248046875
94.59921264648438 84.57918548583984 65.69341278076172
97.03006744384766 81.65400695800781 66.57187652587889
87.69810485839844 71.96906280517578 69.90451049804689
94.01133728027344 77.09967041015625 68.37450408935547
91.7269287109375 84.40509796142578 68.10314178466797
78.42049407958984 81.41454315185547 69.00350189208984
97.35308837890624 84.4449462890625 66.76127624511719
76.67293548583984 63.933448791503906 69.70070648193361
95.3490219116211 83.06047058105469 67.51553344726561
70.99726867675781 76.42586517333984 68.1109619140625
73.19071960449219 79.82635498046875 67.04529571533203
90.08686065673828 73.89289093017578 70.53897857666016
73.68717956542969 66.34899139404297 68.91774749755861
70.70214080810547 81.32969665527344 65.57234191894531
70.24897003173828 78.87775421142578 65.65422058105469
71.24055480957031 82.02631378173828 66.69313812255861
87.33035278320312 83.57752227783203 70.7066879272461
83.78591918945312 63.97576522827149 70.46501159667969
85.87676239013672 65.04001617431639 69.70983123779297
68.43424224853516 80.85579681396484 69.50284576416016
97.36776733398438 78.7477035522461 68.85124206542969
74.05862426757812 82.15437316894531 70.64378356933594
95.5959701538086 80.86758422851562 68.63594818115234
70.54084777832031 73.1819076538086 69.53366088867189
78.51828002929688 63.19029235839844 71.29684448242188
90.77838134765624 82.8176498413086 71.54419708251953
94.04845428466795 81.83937072753906 70.30210876464844
66.58142852783203 79.36811065673828 70.5966567993164
70.82593536376953 82.87728118896484 71.02098846435547
71.0058822631836 69.68818664550781 71.56635284423828
82.14292907714844 63.55365753173828 71.2694320678711
87.17961883544922 68.88956451416016 73.7303237915039
66.67212677001953 76.92693328857422 70.22600555419922
69.18133544921875 74.54096984863281 71.61764526367188
71.727294921875 67.68516540527344 73.37619018554688
79.16390991210938 82.58358001708984 75.39881896972656
81.35746765136719 82.64800262451172 73.65272521972656
88.3110122680664 72.37767028808594 73.47959899902344
90.17996978759766 74.40695190429688 72.4117431640625
68.89061737060547 71.41336059570312 74.23639678955078
74.09618377685547 63.6396484375 70.6094970703125
75.44324493408203 82.82331848144531 71.68566131591797
57.46817016601562 75.25614929199219 69.89705657958984
56.155433654785156 73.70684051513672 70.67420196533203
57.60107421875 74.01214599609375 70.77125549316406
94.03519439697266 77.99435424804688 70.76763916015625
80.52033233642578 62.72513198852539 75.88740539550781
55.39399337768555 78.31526947021484 73.01346588134766
72.53282165527344 64.62477111816406 72.76490020751953
76.35905456542969 61.81177139282226 72.67494201660156
67.0870361328125 82.00119018554688 71.9757080078125
56.38325119018555 79.10700988769531 70.66340637207031
57.518310546875 78.88423919677734 70.25919342041016
59.75726318359375 78.79522705078125 72.04603576660156
62.81725692749024 77.4607162475586 73.72486114501953
65.70383453369139 75.08073425292969 72.62300872802734
73.43331146240234 83.47531127929688 76.17411804199219
85.08800506591797 82.44402313232422 74.32950592041016
59.3897705078125 75.04924774169922 73.6206283569336
85.2568588256836 63.35236358642578 74.0945816040039
57.95761108398438 73.64460754394531 74.3170394897461
55.91252899169922 73.73661804199219 72.72774505615234
87.46025848388672 82.71473693847656 73.90477752685547
77.09512329101562 61.5074462890625 75.93617248535156
59.89078903198242 80.45555877685547 72.77420043945312
75.20199584960938 60.02614974975586 76.50556182861328
92.3813934326172 78.78694152832031 72.41940307617188
63.4998779296875 79.87896728515625 72.74227142333984
72.84297943115234 61.84392547607422 76.1970443725586
86.1341323852539 65.45507049560547 75.64010620117188
68.29137420654297 83.82736206054688 74.5149154663086
88.72232055664062 80.98129272460938 74.56269836425781
89.93937683105469 76.30082702636719 73.95637512207031
65.11196136474611 83.75205993652344 72.5922622680664
63.11384201049805 82.25 73.57795715332031
57.17399215698242 73.65396881103516 75.1474838256836
66.30952453613281 73.636962890625 74.97853088378906
59.74396514892578 81.30204772949219 74.40869903564453
84.23363494873047 61.94768905639648 74.50894927978516
58.15227890014648 81.04232788085938 76.34463500976562
57.276832580566406 80.9700927734375 80.75135040283203
75.82910919189453 83.29114532470703 74.3426284790039
69.60727691650389 69.81211853027344 75.86425018310547
62.04132461547852 74.82708740234375 75.68366241455078
59.263587951660156 74.15425109863281 76.69425201416016
79.0726089477539 62.41186904907226 76.93204498291016
72.30740356445312 64.32769012451172 78.97903442382812
64.72812652587889 85.35364532470703 75.94097900390625
66.31473541259766 84.86842346191406 76.76322174072266
87.11907196044922 77.20775604248047 76.05514526367188
56.4912338256836 75.30681610107422 78.62930297851562
81.83740234375 81.5362777709961 76.68206787109375
62.40337753295898 73.51585388183594 77.19440460205078
62.860923767089844 83.93560791015625 75.76945495605469
55.33243942260742 77.6454849243164 76.65420532226562
73.94117736816406 60.35998916625977 75.62714385986328
81.6630630493164 62.51127243041992 76.70562744140625
87.52384185791016 71.91873931884766 78.05784606933594
70.5538101196289 84.54488372802734 77.07246398925781
87.64512634277344 67.98060607910156 78.87065124511719
55.48833847045898 78.85186767578125 78.93202209472656
86.18484497070312 79.16519165039062 76.43989562988281
66.56690979003906 70.37492370605469 77.92115783691406
84.84869384765625 61.75099182128906 76.71332550048828
62.53637313842773 85.14586639404297 77.86559295654297
60.23316955566406 84.07429504394531 77.22564697265625
76.93219757080078 61.04350662231445 78.95171356201172
87.13552856445312 74.07904052734375 79.0074234008789
79.55864715576172 81.82378387451172 80.0416488647461
71.46839141845703 67.21224975585939 81.06167602539062
65.89732360839844 85.49681091308594 78.725830078125
85.50865936279297 76.03949737548828 79.80376434326172
72.0737533569336 56.95480346679688 78.06240844726562
70.94316101074219 58.39346313476562 78.99624633789062
83.93199920654297 62.66268539428711 79.77317810058594
84.81966400146484 77.87054443359375 80.26603698730469
58.722511291503906 83.11717224121094 79.81120300292969
71.61204528808594 60.51351165771485 80.78227996826172
68.77892303466797 69.48736572265625 80.73271942138672
80.4871826171875 63.91921997070313 80.90767669677734
76.46237182617188 83.19734191894531 79.6395034790039
58.84210968017578 76.0104751586914 82.17630004882812
60.49288940429688 74.2027816772461 80.83191680908203
63.84157180786133 87.51997375488281 78.28775024414062
86.05075073242188 65.13519287109375 79.80067443847656
70.4872817993164 56.115440368652344 80.87994384765625
64.32682037353516 71.89678192138672 81.19477081298828
58.82756805419922 86.66722869873047 81.17878723144531
66.62996673583984 70.00129699707031 80.05278778076172
74.7120590209961 82.23304748535156 84.44108581542969
88.01158142089844 68.76052093505861 81.01991271972656
56.5897102355957 78.57077026367188 82.70448303222656
61.99774551391602 88.3484115600586 81.31945037841797
63.71745300292969 88.6581802368164 79.5719985961914
64.98723602294922 86.64269256591797 80.98255920410156
69.81593322753906 57.57616424560547 82.21981048583984
72.80391693115234 56.59678649902344 81.53784942626953
69.54063415527344 84.12268829345703 82.54186248779297
79.8961410522461 80.2306900024414 83.08129119873047
87.36737823486328 69.08091735839844 84.0529556274414
59.79521942138672 76.00797271728516 84.22248840332031
83.9878158569336 64.37029266357422 82.11551666259766
75.59891510009766 59.9845085144043 84.82183837890625
69.99972534179689 68.69679260253906 84.75050354003906
78.25849914550781 63.73479843139648 83.94807434082031
82.59770202636719 64.25511932373047 83.42835998535156
66.90503692626953 84.74398040771484 83.79854583740234
62.56941223144531 73.14393615722656 85.47990417480469
71.23391723632812 54.44464111328125 81.79421997070312
81.04647827148438 78.20323944091797 86.6281509399414
58.03404235839844 83.3268814086914 83.65471649169922
59.066627502441406 88.54741668701172 82.23751068115234
66.55307769775389 70.76997375488281 83.11097717285156
71.75524139404297 62.12813186645508 87.9996109008789
86.66531372070312 72.3884048461914 86.72113800048828
86.67364501953125 67.63247680664061 84.33484649658203
68.76746368408203 55.08576202392578 82.2480239868164
64.00847625732422 87.60906982421875 84.90019226074219
66.1990966796875 85.6461181640625 86.83360290527344
56.27792739868164 88.49089813232422 83.88158416748047
83.89346313476562 77.2088851928711 85.70648956298828
70.30421447753906 83.61837768554688 85.69135284423828
70.36421203613281 52.06718826293945 82.55113983154297
71.8756332397461 53.87654113769531 83.85619354248047
57.668739318847656 85.42782592773438 83.97476196289062
69.05698394775389 52.58003616333008 84.1178207397461
73.31895446777344 57.71000671386719 84.04178619384766
61.648704528808594 88.31993865966797 85.22027587890625
58.21477508544922 89.9618148803711 84.21991729736328
84.82595825195312 74.8878402709961 85.72147369384766
68.74031066894531 56.5072135925293 86.27359008789062
58.4779167175293 81.79344940185547 86.74543762207031
71.30182647705078 65.99555969238281 88.656494140625
70.95311737060547 59.05307006835938 90.28346252441406
69.70157623291016 68.09334564208984 91.33832550048828
83.32897186279297 65.63790130615234 87.22200012207031
59.1312255859375 78.75643920898438 85.84237670898438
70.34025573730469 49.49722290039063 85.32489013671875
69.07594299316406 49.73564910888672 85.13263702392578
62.005638122558594 74.47693634033203 87.96727752685547
55.5289192199707 91.38328552246094 83.73672485351562
72.13043212890625 57.08783340454102 87.57811737060547
73.49652099609375 59.15176010131836 85.97828674316406
56.50981140136719 86.60956573486328 87.28070831298828
55.94748306274414 92.2095718383789 85.08129119873047
59.09158706665039 90.08079528808594 89.6287841796875
82.2172622680664 65.12149047851561 87.10323333740234
77.68467712402344 80.10810852050781 90.50247192382812
86.61041259765625 68.37491607666016 86.46171569824219
76.70479583740234 62.92839431762695 85.30376434326172
54.66643142700195 90.94366455078124 85.81629943847656
66.15025329589844 72.39212036132812 87.74053192138672
67.53121185302734 70.91574096679688 88.34716033935547
68.23644256591797 51.61396026611328 89.61149597167969
72.11321258544922 55.0615119934082 87.35643768310547
70.74403381347656 49.72349166870117 89.27838134765625
78.86672973632812 65.39136505126953 88.30953216552734
81.03404235839844 76.04129028320312 89.50797271728516
60.68957901000977 76.66178894042969 88.26786041259766
69.20429992675781 48.75332260131836 88.5801773071289
86.1943359375 72.49723052978516 88.05472564697266
76.16796875 63.64336395263672 87.96865844726562
74.19937896728516 80.69086456298828 89.62056732177734
85.24980163574219 68.56429290771484 88.59165954589844
54.40598678588867 90.89016723632812 89.11219787597656
56.31755065917969 92.19962310791016 87.76457214355469
72.11737060546875 82.27962493896484 89.72630310058594
73.98690032958984 61.48748397827149 88.95440673828125
56.00370407104492 87.32752227783203 92.8906021118164
82.74388122558594 73.63108825683594 89.14128112792969
66.33873748779297 54.767478942871094 90.96183776855469
64.77066040039061 87.25807189941406 89.44842529296875
68.70919799804689 69.14292144775389 91.44801330566406
81.84752655029297 67.29708862304689 89.99559020996094
68.58292388916016 72.72142791748047 91.65563201904295
57.84939575195313 85.02299499511719 91.6456298828125
57.3916130065918 90.40202331542969 92.21920776367188
66.16591644287111 74.96646118164062 90.63258361816406
83.33451080322266 71.56304168701172 90.44148254394531
59.78590774536133 81.31192016601562 90.71109771728516
71.0577621459961 65.71865844726561 94.1895751953125
61.4721794128418 78.2519760131836 90.4040985107422
66.50235748291016 53.30755233764648 92.2673797607422
82.68070220947266 69.26987457275389 92.3710708618164
62.22473907470703 87.75304412841797 92.52745819091795
68.99764251708984 56.54170608520508 90.9394989013672
71.05414581298828 55.02148818969727 90.50180053710938
55.69955062866211 91.06507110595705 93.4995346069336
78.96553802490234 67.66617584228516 92.15186309814452
74.20591735839844 64.30801391601561 95.33055877685548
69.74775695800781 50.2876091003418 90.68155670166016
61.0557861328125 79.72225952148438 93.04387664794922
66.22295379638672 87.48152923583984 94.78417205810548
78.85749053955078 76.77685546875 91.6764907836914
67.78065490722656 85.36812591552734 92.71183776855469
71.69840240478516 60.55155563354492 92.47591400146484
72.88555145263672 61.9919548034668 94.00362396240234
55.73788070678711 88.98597717285156 92.7519989013672
54.7395133972168 90.6520004272461 92.93675994873048
70.31399536132811 83.05757904052734 92.58873748779295
68.49277496337889 53.57883071899414 91.97760009765624
64.63280487060547 78.37528228759766 93.2321548461914
72.71827697753906 78.57569885253906 91.83100128173828
60.57996368408203 88.21986389160156 93.5812530517578
65.12850952148439 87.72903442382812 94.51790618896484
78.84040832519531 74.64949035644531 92.81987762451172
76.51628112792969 78.69783020019531 91.85610961914062
58.11354064941406 84.3519515991211 93.21647644042969
63.52118301391602 79.4992904663086 94.6983642578125
65.27178192138672 54.47236633300781 94.35458374023438
67.58177947998047 54.71538162231445 94.12124633789062
60.52874374389648 81.53477478027344 96.18108367919922
81.2063217163086 72.662353515625 93.52216339111328
71.01177215576172 62.4671745300293 95.90768432617188
73.15966033935547 69.27187347412111 96.34322357177734
68.84663391113281 74.33624267578125 95.10330963134766
70.77335357666016 72.2992935180664 94.15828704833984
74.60540008544922 75.4906997680664 93.36019897460938
71.71682739257812 70.77642822265625 95.387451171875
67.65931701660156 76.81350708007812 94.87444305419922
72.41517639160156 76.16714477539062 94.26771545410156
66.08531951904297 79.73477172851562 95.2641143798828
67.74512481689453 84.2624282836914 95.60082244873048
76.54007720947266 74.0802993774414 94.4611587524414
57.19587326049805 89.138427734375 94.18788146972656
78.31328582763672 71.30105590820312 93.86486053466795
76.52011108398438 66.88387298583984 96.58865356445312
72.14317321777344 61.99589157104492 98.21125030517578
73.13068389892578 72.80245208740234 94.32927703857422
59.108924865722656 86.71580505371094 94.75291442871094
66.56625366210939 86.89970397949219 98.7921371459961
75.94280242919922 68.77306365966797 96.11126708984376
70.41699981689453 76.05834197998047 95.11199188232422
62.449440002441406 87.46282958984375 96.72393798828124
64.59463500976561 87.7897720336914 99.40150451660156
62.17373657226562 80.965576171875 98.92215728759766
70.94532012939453 63.34451293945313 99.56842803955078
63.833251953125 80.49021911621094 96.664306640625
74.05567169189453 67.42937469482422 99.28951263427734
61.00591659545898 81.69966888427734 98.33831024169922
64.68053436279297 83.16920471191406 97.5398941040039
66.50789642333984 85.97298431396484 99.25830078125
74.74368286132812 67.13420104980469 100.99153900146484
62.93601608276367 83.64114379882812 100.59964752197266
62.31216049194336 85.02120971679688 99.50067138671876
75.07830047607422 65.25588989257811 102.43544006347656
63.47428512573242 86.28394317626953 102.55069732666016
64.76331329345703 85.70366668701172 102.0857391357422
73.10075378417969 64.63224029541016 102.2524185180664
75.43260192871094 66.12199401855469 103.70675659179688
74.05103302001953 65.53640747070311 106.07134246826172
74.53146362304688 64.68981170654297 104.03921508789062
75.1725845336914 66.3177490234375 106.74642181396484
75.30461120605469 65.04307556152344 107.4128189086914
