0 1 2
1 0 3
2 1 4
5 1 3
1 5 6
4 1 6
7 8 9
8 7 10
7 9 11
12 7 13
7 12 10
13 7 11
8 14 15
14 8 10
9 8 15
16 14 17
14 16 18
17 14 19
14 18 15
19 14 10
16 20 21
20 16 22
16 17 22
16 21 23
18 16 23
20 24 21
24 20 25
25 20 22
26 24 27
24 26 28
21 24 29
24 25 27
29 24 28
26 30 31
30 26 32
26 27 32
26 31 28
33 30 34
30 33 35
34 30 32
30 35 31
36 33 37
33 36 38
33 34 37
35 33 38
39 36 40
36 39 41
36 37 40
38 36 41
39 42 43
42 39 44
39 43 41
44 39 40
42 45 46
45 42 47
43 42 46
42 44 47
45 48 49
48 45 50
46 45 49
45 47 50
51 48 52
48 51 53
52 48 50
48 53 49
54 51 55
51 54 56
51 52 55
53 51 56
57 54 58
54 57 59
58 54 55
54 59 56
60 57 61
57 60 62
57 58 61
59 57 62
60 63 64
63 60 65
60 64 62
65 60 61
63 66 67
66 63 68
64 63 67
63 65 68
66 69 70
69 66 71
66 70 67
66 72 71
72 66 68
73 69 74
69 73 75
74 69 71
70 69 75
73 76 77
76 73 78
73 77 75
73 74 78
79 76 80
76 79 81
80 76 78
77 76 81
79 82 83
82 79 84
79 80 84
79 83 81
82 85 86
85 82 87
83 82 86
82 84 87
85 88 89
88 85 90
85 89 86
90 85 87
88 91 92
91 88 93
89 88 92
88 90 93
91 94 95
94 91 96
91 95 92
96 91 93
97 94 98
94 97 99
98 94 96
95 94 99
97 100 101
100 97 102
97 101 99
97 98 102
103 100 104
100 103 105
101 100 105
100 102 104
106 103 107
103 106 108
107 103 104
103 108 105
109 106 110
106 109 111
106 107 110
108 106 111
112 109 113
109 112 114
113 109 110
109 114 111
112 115 116
115 112 117
112 113 117
114 112 116
115 118 119
118 115 120
115 119 116
120 115 117
118 121 122
121 118 123
118 122 119
123 118 120
124 121 125
121 124 126
122 121 126
121 123 125
127 124 128
124 127 129
128 124 125
124 129 126
130 127 131
127 130 132
131 127 128
127 132 129
130 133 134
133 130 135
130 131 135
132 130 134
133 136 137
136 133 138
133 137 134
138 133 135
136 139 140
139 136 141
137 136 140
136 138 141
142 139 143
139 142 144
143 139 145
139 144 140
145 139 141
146 142 143
142 146 147
144 142 147
146 148 149
148 146 150
146 149 151
146 143 152
150 146 152
146 151 147
148 153 149
153 148 154
148 150 154
0 153 154
153 0 155
149 153 156
156 153 155
0 2 155
157 0 154
0 157 3
2 4 158
2 158 155
11 9 159
9 15 160
9 160 159
17 19 161
17 161 22
149 156 162
149 162 151
21 29 163
21 163 23
143 145 164
143 164 152
37 34 165
165 34 166
166 34 32
134 137 167
167 137 168
168 137 140
131 169 135
169 131 170
131 128 170
43 46 171
172 43 171
43 172 41
119 122 173
173 122 174
174 122 126
55 52 175
175 52 50
113 110 176
117 113 177
113 176 177
64 67 178
62 64 179
64 178 179
99 101 180
180 101 181
181 101 105
80 182 84
182 80 183
80 78 183
102 98 184
184 98 185
98 96 185
77 81 186
77 186 187
75 77 187
65 61 188
65 188 189
65 189 68
49 53 190
191 53 56
53 191 190
89 92 192
86 89 193
193 89 192
125 123 194
194 123 195
195 123 120
114 116 196
111 114 197
197 114 196
198 157 199
157 198 200
199 157 154
157 200 3
44 40 201
44 201 202
47 44 202
35 38 203
35 203 204
31 35 204
90 205 93
205 90 206
90 87 206
144 207 208
207 144 147
168 144 208
144 168 140
209 138 210
138 209 141
138 135 210
12 13 211
212 12 211
12 212 213
12 213 10
132 134 214
132 214 215
132 215 129
110 107 216
107 104 217
107 217 216
78 74 218
218 74 219
74 71 219
18 220 15
220 18 23
221 83 86
83 221 222
81 83 222
95 99 223
95 223 224
95 224 92
225 70 75
70 225 226
67 70 226
108 111 227
108 227 228
108 228 105
58 55 229
61 58 230
58 229 230
56 59 231
59 62 232
231 59 232
150 199 154
199 150 233
233 150 152
27 25 234
234 25 235
235 25 22
163 29 236
236 29 237
237 29 28
163 236 238
163 238 239
163 239 23
238 236 240
240 236 241
236 237 241
162 156 242
242 156 243
243 156 155
162 242 244
162 244 245
162 245 151
244 242 246
246 242 247
247 242 243
245 244 248
248 244 249
244 246 249
245 248 250
245 250 207
151 245 207
250 248 251
251 248 252
248 253 252
253 248 249
250 251 254
250 254 208
207 250 208
254 251 255
255 251 256
256 251 252
254 255 257
254 257 258
254 258 208
257 255 259
259 255 260
255 256 260
257 259 261
257 261 262
258 257 262
261 259 263
263 259 264
264 259 260
261 263 265
261 265 266
261 266 262
265 263 267
267 263 268
268 263 264
265 267 269
265 269 270
266 265 270
269 267 271
271 267 272
267 268 272
269 271 273
269 273 274
269 274 270
273 271 275
275 271 276
276 271 272
273 275 277
273 277 278
274 273 278
277 275 279
279 275 280
280 275 276
277 279 281
277 281 282
277 282 278
281 279 283
283 279 284
279 280 284
281 283 285
281 285 286
281 286 282
285 283 287
287 283 288
288 283 284
285 287 289
285 289 290
286 285 290
289 287 291
291 287 292
287 288 292
289 291 293
289 293 294
289 294 290
293 291 295
295 291 296
297 291 292
291 297 296
293 295 298
293 298 299
294 293 299
298 295 300
300 295 301
301 295 296
298 300 302
298 302 303
299 298 303
302 300 304
304 300 305
300 301 305
302 304 306
302 306 307
302 307 303
306 304 308
308 304 309
309 304 305
306 308 310
306 310 311
307 306 311
310 308 312
312 308 313
313 308 309
286 290 314
282 286 315
315 286 314
310 312 316
310 316 317
310 317 311
316 312 318
318 312 319
312 313 319
316 318 320
316 320 321
317 316 321
320 318 322
322 318 323
323 318 319
270 274 324
325 274 278
274 325 324
320 322 326
320 326 327
320 327 321
326 322 328
328 322 329
329 322 323
326 328 330
326 330 193
327 326 193
330 328 331
331 328 332
328 329 332
294 299 333
290 294 334
334 294 333
303 307 335
307 311 336
335 307 336
258 262 167
258 167 168
258 168 208
330 331 337
330 337 221
330 221 193
337 331 338
338 331 339
339 331 332
262 266 340
266 214 340
214 266 341
266 270 341
337 338 342
221 337 222
222 337 342
338 339 343
338 343 344
338 344 342
223 317 224
317 223 345
224 317 321
311 317 345
37 165 346
37 346 40
346 165 347
165 166 348
347 165 348
346 347 349
346 349 350
40 346 350
351 166 27
166 351 348
27 166 32
349 347 352
352 347 353
353 347 348
349 352 354
349 354 355
349 355 350
343 339 356
356 339 357
357 339 332
313 358 359
358 313 309
319 313 359
360 288 361
288 360 292
361 288 284
268 362 363
362 268 264
272 268 363
246 247 364
365 246 364
246 365 366
246 366 249
367 301 368
301 367 369
368 301 296
305 301 369
256 370 260
370 256 371
256 252 371
344 343 372
372 343 373
343 356 373
329 323 374
332 329 375
375 329 374
280 376 284
376 280 377
280 276 377
364 247 378
247 243 378
344 372 379
344 379 380
344 380 342
379 372 381
381 372 382
382 372 373
379 381 383
379 383 225
379 225 380
381 382 384
381 384 385
383 381 385
384 382 386
386 382 387
387 382 373
384 386 388
384 388 389
384 389 385
388 386 390
386 387 391
386 391 390
389 388 392
392 388 393
393 388 390
391 387 394
394 387 395
387 373 395
391 394 396
391 396 397
391 397 390
396 394 398
398 394 399
399 394 395
389 392 400
389 400 401
389 401 385
392 393 402
392 402 403
400 392 403
402 393 404
404 393 405
393 390 405
402 404 406
402 406 407
402 407 403
406 404 408
408 404 409
409 404 405
396 398 410
396 410 411
396 411 397
410 398 412
412 398 413
398 399 413
410 412 414
410 414 415
411 410 415
414 412 416
416 412 417
412 413 417
354 352 418
418 352 419
419 352 353
354 418 420
354 420 421
355 354 421
420 418 422
418 419 423
422 418 423
420 422 424
420 424 425
420 425 421
423 419 426
419 353 427
426 419 427
406 408 428
406 428 429
407 406 429
428 408 430
430 408 431
408 409 431
428 430 432
428 432 433
428 433 429
432 430 434
434 430 435
435 430 436
430 431 436
432 434 437
433 432 438
438 432 437
434 435 439
434 439 440
434 440 437
414 416 441
414 441 442
414 442 415
441 416 443
443 416 444
444 416 417
441 443 445
441 445 446
442 441 446
365 364 447
448 365 447
365 448 366
443 444 449
443 449 450
445 443 450
424 422 451
451 422 452
422 423 452
425 424 453
453 424 454
454 424 451
447 364 455
455 364 456
456 364 378
449 444 457
457 444 458
458 444 417
449 457 459
449 459 460
450 449 460
459 457 461
461 457 462
457 458 462
459 461 463
459 463 464
459 464 460
450 465 466
465 450 460
465 467 466
467 465 468
468 465 464
464 465 460
463 461 469
469 461 470
470 461 462
463 469 471
463 471 472
463 472 464
471 469 473
473 469 474
469 470 474
471 473 475
471 475 476
471 476 472
475 473 477
477 473 478
473 474 478
476 475 479
479 475 480
480 475 477
476 479 481
476 481 482
476 482 472
479 480 483
479 483 484
481 479 484
483 480 485
485 480 486
486 480 477
483 485 487
483 487 488
483 488 484
487 485 489
489 485 490
485 486 490
487 489 491
487 491 492
488 487 492
491 489 493
493 489 494
494 489 490
491 493 495
491 495 496
491 496 492
495 493 497
497 493 498
493 494 498
495 497 499
495 499 500
495 500 496
499 497 501
501 497 502
502 497 498
500 499 503
503 499 504
499 501 504
500 503 505
500 505 506
496 500 507
507 500 506
482 481 508
508 481 509
509 481 484
505 503 510
510 503 511
511 503 504
505 510 512
505 512 513
505 513 506
512 510 514
514 510 515
510 511 515
512 514 516
512 516 517
513 512 517
516 514 518
518 514 519
519 514 515
516 518 520
516 520 521
516 521 517
518 519 522
518 522 523
520 518 523
513 517 524
513 524 525
513 525 506
522 519 526
526 519 527
527 519 515
522 526 528
522 528 529
522 529 523
528 526 530
530 526 531
531 526 527
528 530 532
528 532 533
529 528 533
532 530 534
530 531 535
534 530 535
532 534 536
532 536 537
532 537 533
531 527 538
531 538 539
531 539 535
536 534 540
540 534 541
534 535 541
536 540 542
536 542 543
537 536 543
439 435 544
544 435 545
545 435 436
238 240 546
238 546 547
238 547 239
439 544 548
439 548 549
440 439 549
548 544 550
550 544 551
544 545 551
548 550 552
548 552 553
548 553 549
552 550 554
554 550 555
555 550 551
552 554 556
552 556 557
552 557 553
556 554 558
558 554 559
559 554 555
557 556 560
560 556 561
556 558 561
557 560 562
557 562 563
557 563 553
562 560 564
564 560 565
560 561 565
562 564 566
562 566 567
563 562 567
566 564 568
568 564 569
569 564 565
570 440 549
440 570 571
437 440 571
566 568 572
566 572 573
566 573 567
572 568 574
574 568 575
568 569 575
572 574 576
572 576 577
573 572 577
576 574 578
578 574 579
579 574 575
576 578 580
576 580 581
576 581 577
580 578 582
582 578 583
578 579 583
580 582 584
580 584 585
581 580 585
584 582 586
586 582 587
587 582 583
546 240 588
588 240 589
589 240 241
542 540 590
590 540 591
591 540 541
542 590 592
542 592 593
543 542 593
584 586 594
584 594 595
585 584 595
594 586 596
586 587 597
596 586 597
501 502 598
501 598 599
501 599 504
594 596 600
594 600 601
594 601 595
494 490 602
498 494 603
603 494 602
592 590 604
590 591 605
604 590 605
592 604 606
592 606 607
592 607 593
591 541 608
605 591 609
609 591 608
425 453 610
425 610 611
421 425 611
453 454 612
453 612 613
453 613 610
612 454 614
614 454 615
615 454 451
613 612 616
616 612 617
612 614 617
587 618 619
618 587 583
587 619 597
558 559 620
558 620 621
561 558 621
569 565 622
575 569 623
623 569 622
613 616 624
613 624 625
610 613 625
624 616 626
626 616 627
627 616 617
624 626 628
624 628 629
624 629 625
628 626 630
630 626 631
631 626 627
628 630 632
629 628 633
633 628 632
630 631 634
630 634 635
630 635 632
634 631 636
636 631 637
637 631 627
635 634 638
638 634 639
634 636 639
614 615 640
614 640 641
614 641 617
635 638 642
635 642 643
635 643 632
642 638 644
644 638 645
645 638 639
642 644 646
643 642 647
647 642 646
644 645 648
644 648 649
644 649 646
648 645 650
651 645 639
645 651 650
649 648 652
652 648 653
653 648 650
649 652 654
649 654 655
649 655 646
652 653 656
652 656 657
654 652 657
656 653 658
658 653 659
659 653 650
656 658 660
656 660 661
656 661 657
533 537 662
537 543 663
537 663 662
521 520 664
664 520 665
665 520 523
660 658 666
666 658 667
667 658 659
660 666 668
660 668 669
661 660 669
668 666 670
670 666 671
666 667 671
668 670 672
668 672 673
668 673 669
672 670 674
674 670 675
670 671 675
672 674 676
672 676 677
672 677 673
676 674 678
678 674 679
679 674 675
676 678 680
677 676 681
681 676 680
678 679 682
678 682 683
678 683 680
682 679 684
684 679 685
685 679 675
682 684 686
683 682 687
682 686 687
686 684 688
688 684 689
689 684 685
683 687 690
680 683 691
683 692 691
692 683 690
686 688 693
686 693 694
686 694 687
693 688 695
695 688 696
688 689 696
693 695 697
693 697 698
694 693 698
697 695 699
699 695 700
700 695 696
697 699 701
697 701 702
697 702 698
701 699 703
703 699 704
704 699 700
701 703 705
701 705 706
701 706 702
705 703 707
703 704 708
703 708 707
706 705 709
709 705 710
710 705 707
706 709 711
706 711 712
706 712 702
709 710 713
711 709 714
709 713 714
713 710 715
715 710 716
710 707 716
712 711 717
717 711 718
718 711 714
713 715 719
713 719 720
713 720 714
719 715 721
721 715 722
722 715 716
719 721 723
719 723 724
720 719 724
723 721 725
725 721 726
721 722 726
723 725 727
723 727 728
723 728 724
727 725 729
729 725 730
730 725 726
727 729 731
728 727 732
732 727 731
729 730 733
729 733 734
729 734 731
733 730 735
735 730 736
736 730 726
733 735 737
733 737 738
734 733 738
737 735 739
739 735 740
740 735 736
737 739 741
737 741 742
737 742 738
741 739 743
743 739 744
739 740 744
741 743 745
741 745 746
742 741 746
745 743 747
747 743 748
748 743 744
731 734 749
734 738 750
734 750 749
745 747 751
745 751 752
745 752 746
751 747 753
753 747 754
754 747 748
751 753 755
752 751 756
756 751 755
753 754 757
753 757 758
753 758 755
752 756 759
752 759 760
746 752 760
759 756 761
761 756 762
762 756 755
759 761 763
759 763 764
759 764 760
763 761 765
765 761 766
761 762 766
728 732 767
728 767 768
728 768 724
600 596 769
769 596 770
770 596 597
708 704 771
771 704 772
772 704 700
757 754 773
773 754 774
774 754 748
757 773 775
757 775 776
758 757 776
775 773 777
777 773 778
773 774 778
775 777 779
775 779 780
775 780 776
779 777 781
781 777 782
782 777 778
780 779 783
783 779 784
779 781 784
780 783 785
780 785 786
776 780 786
785 783 787
787 783 788
783 784 788
785 787 789
785 789 790
785 790 786
789 787 791
791 787 792
792 787 788
789 791 793
789 793 794
790 789 794
791 792 795
793 791 796
796 791 795
792 788 797
792 797 798
795 792 798
793 796 799
793 799 800
794 793 800
799 796 801
801 796 802
802 796 795
781 782 803
781 803 804
784 781 804
799 801 805
799 805 806
799 806 800
805 801 807
807 801 808
808 801 802
677 681 809
677 809 810
677 810 673
661 669 811
657 661 812
812 661 811
806 805 813
805 807 814
813 805 814
806 813 815
806 815 816
806 816 800
807 808 817
807 817 818
814 807 818
817 808 819
819 808 820
820 808 802
815 813 821
821 813 822
822 813 814
817 819 823
817 823 824
817 824 818
823 819 825
825 819 826
826 819 820
671 667 827
667 659 828
827 667 828
823 825 829
824 823 830
830 823 829
825 826 831
825 831 832
825 832 829
803 782 833
833 782 834
834 782 778
803 833 835
803 835 836
803 836 804
824 830 837
824 837 838
824 838 818
837 830 839
839 830 840
830 829 840
835 833 841
841 833 842
842 833 834
835 841 843
835 843 844
835 844 836
843 841 845
841 842 846
841 846 845
844 843 847
847 843 848
848 843 845
844 847 849
844 849 850
844 850 836
849 847 851
847 848 852
847 852 851
850 849 853
853 849 854
854 849 851
852 848 855
855 848 856
856 848 845
852 855 857
852 857 858
851 852 858
857 855 859
859 855 860
855 856 860
837 839 861
837 861 862
838 837 862
861 839 863
863 839 864
864 839 840
601 600 865
865 600 866
600 769 866
861 863 867
861 867 868
861 868 862
863 864 869
863 869 870
867 863 870
869 864 871
871 864 872
872 864 840
857 859 873
857 873 874
857 874 858
873 859 875
875 859 876
876 859 860
740 736 877
744 740 878
878 740 877
790 794 879
786 790 880
880 790 879
620 559 881
881 559 882
882 559 555
620 881 883
620 883 884
620 884 621
883 881 885
881 882 886
885 881 886
884 883 887
887 883 888
883 885 888
474 470 889
470 462 890
889 470 890
601 865 891
601 891 892
601 892 595
869 871 893
869 893 894
869 894 870
573 895 567
895 573 896
573 577 896
856 845 897
856 897 898
860 856 898
884 887 899
884 899 900
621 884 900
899 887 901
901 887 902
902 887 888
899 901 903
899 903 904
899 904 900
903 901 905
905 901 906
901 902 906
815 821 907
815 907 908
816 815 908
903 905 909
903 909 910
904 903 910
909 905 911
911 905 912
912 905 906
909 911 913
909 913 914
909 914 910
913 911 915
915 911 916
916 911 912
913 915 917
914 913 918
918 913 917
915 916 919
915 919 920
915 920 917
919 916 921
916 912 922
921 916 922
920 919 923
923 919 924
924 919 921
920 923 925
917 920 926
920 925 926
923 924 927
923 927 928
923 928 925
927 924 929
929 924 930
930 924 921
928 927 931
931 927 932
932 927 929
928 931 933
925 928 934
928 933 934
931 932 935
931 935 936
931 936 933
935 932 937
937 932 938
938 932 929
935 937 939
935 939 940
936 935 940
939 937 941
941 937 942
937 938 942
939 941 943
939 943 944
940 939 944
943 941 945
945 941 946
946 941 942
943 945 947
943 947 948
943 948 944
907 821 949
949 821 950
821 822 950
947 945 951
945 946 952
945 952 951
948 947 953
953 947 954
954 947 951
948 953 955
948 956 944
956 948 955
953 954 957
953 957 958
953 958 955
936 940 959
936 959 960
936 961 933
961 936 960
907 949 962
907 962 963
907 963 908
957 954 964
954 951 965
964 954 965
958 957 966
966 957 967
967 957 964
958 966 968
958 969 955
969 958 970
958 968 970
966 967 971
966 971 972
966 972 968
971 967 973
973 967 974
974 967 964
971 973 975
971 975 976
972 971 976
975 973 977
977 973 978
978 973 974
975 977 979
975 979 980
975 980 976
979 977 981
981 977 982
977 978 982
979 981 983
979 983 984
980 979 984
983 981 985
985 981 986
986 981 982
972 976 987
968 972 988
972 987 988
763 765 989
763 989 990
764 763 990
989 765 991
991 765 992
992 765 766
952 946 993
993 946 994
994 946 942
962 949 995
995 949 996
996 949 950
962 995 997
962 997 998
963 962 998
989 991 999
989 999 1000
989 1000 990
999 991 1001
1001 991 1002
991 992 1002
978 974 1003
982 978 1004
978 1003 1004
997 995 1005
1005 995 1006
995 996 1006
997 1005 1007
997 1007 1008
997 1008 998
1007 1005 1009
1009 1005 1010
1010 1005 1006
1000 999 1011
999 1001 1012
999 1012 1011
990 1000 1013
1000 1011 1014
1000 1014 1013
1012 1001 1015
1015 1001 1016
1016 1001 1002
1007 1009 1017
1007 1017 1018
1008 1007 1018
1017 1009 1019
1019 1009 1020
1009 1010 1020
1012 1015 1021
1012 1021 1022
1012 1022 1011
1021 1015 1023
1023 1015 1024
1024 1015 1016
906 902 1025
902 888 1026
1025 902 1026
1017 1019 1027
1017 1027 1028
1017 1028 1018
1027 1019 1029
1029 1019 1030
1030 1019 1020
1010 1031 1020
1031 1010 1032
1010 1006 1032
1021 1023 1033
1021 1033 1034
1021 1034 1022
1033 1023 1035
1035 1023 1036
1023 1024 1036
914 918 1037
910 914 1038
1038 914 1037
963 998 1039
908 963 1040
1040 963 1039
1027 1029 1041
1027 1041 1042
1028 1027 1042
1034 1033 1043
1033 1035 1044
1043 1033 1044
1034 1043 1045
1034 1045 1046
1034 1046 1022
1044 1035 1047
1047 1035 1048
1048 1035 1036
992 766 1049
1002 992 1050
1050 992 1049
696 689 1051
689 685 1052
689 1052 1051
831 826 1053
1053 826 1054
1054 826 820
831 1053 1055
831 1055 1056
831 1056 832
1055 1053 1057
1053 1054 1058
1053 1058 1057
640 615 1059
1059 615 1060
615 451 1060
1056 1055 1061
1061 1055 1062
1062 1055 1057
1056 1061 1063
1056 1063 1064
1056 1064 832
1061 1062 1065
1061 1065 1066
1063 1061 1066
1065 1062 1067
1067 1062 1068
1068 1062 1057
1065 1067 1069
1065 1069 1070
1065 1070 1066
1069 1067 1071
1071 1067 1072
1067 1068 1072
1069 1071 1073
1069 1073 1074
1069 1074 1070
1073 1071 1075
1075 1071 1076
1076 1071 1072
1074 1073 1077
1073 1075 1078
1073 1078 1077
1074 1077 1079
1070 1074 1080
1081 1074 1079
1074 1081 1080
1078 1075 1082
1082 1075 1083
1083 1075 1076
1036 1024 1084
1024 1085 1084
1085 1024 1016
1041 1029 1086
1029 1030 1087
1029 1087 1086
873 875 1088
874 873 1089
873 1088 1089
1088 875 1090
1090 875 1091
1091 875 876
1092 996 1093
996 1092 1006
996 950 1094
1093 996 1094
858 874 1095
874 1089 1096
874 1096 1095
891 865 1097
1097 865 1098
1098 865 866
891 1097 1099
891 1099 1100
892 891 1100
1064 1063 1101
1063 1102 1103
1102 1063 1066
1063 1103 1101
546 588 1104
547 546 1105
1105 546 1104
588 589 1106
588 1106 1107
588 1107 1104
893 871 1108
1108 871 1109
871 872 1109
1045 1043 1110
1110 1043 1111
1111 1043 1044
1045 1110 1112
1045 1112 1113
1045 1113 1046
606 604 1114
1114 604 1115
1115 604 605
607 606 1116
1116 606 1117
606 1114 1117
607 1116 1118
607 1118 1119
593 607 1119
1118 1116 1120
1120 1116 1121
1121 1116 1117
1118 1120 1122
1118 1122 1123
1118 1123 1119
1122 1120 1124
1124 1120 1125
1120 1121 1125
1122 1124 1126
1122 1126 1127
1123 1122 1127
1126 1124 1128
1128 1124 1129
1129 1124 1125
1126 1128 1130
1126 1130 1131
1126 1131 1127
1130 1128 1132
1132 1128 1133
1128 1129 1133
1130 1132 1134
1130 1134 1135
1130 1135 1131
1134 1132 1136
1136 1132 1137
1137 1132 1133
1134 1136 1138
1134 1138 1139
1135 1134 1139
1138 1136 1140
1136 1137 1141
1136 1141 1140
1138 1140 1142
1139 1138 1143
1143 1138 1142
1135 1139 1144
1131 1135 1145
1135 1144 1145
1141 1137 1146
1146 1137 1147
1147 1137 1133
1141 1146 1148
1141 1148 1149
1141 1149 1140
1148 1146 1150
1150 1146 1151
1146 1147 1151
1148 1150 1152
1148 1152 1153
1149 1148 1153
1152 1150 1154
1154 1150 1155
1155 1150 1151
1152 1154 1156
1152 1156 1157
1152 1157 1153
1156 1154 1158
1154 1155 1159
1154 1159 1158
1157 1156 1160
1160 1156 1161
1161 1156 1158
1157 1160 1162
1157 1162 1163
1157 1163 1153
1162 1160 1164
1164 1160 1165
1165 1160 1161
1162 1164 1166
1162 1166 1167
1163 1162 1167
1166 1164 1168
1168 1164 1169
1164 1165 1169
1166 1168 1170
1166 1170 1171
1166 1171 1167
1170 1168 1172
1172 1168 1173
1173 1168 1169
1170 1172 1174
1170 1174 1175
1171 1170 1175
983 985 1176
983 1176 1177
983 1177 984
1174 1172 1178
1178 1172 1179
1172 1173 1179
1174 1178 1180
1174 1180 1181
1174 1181 1175
1180 1178 1182
1182 1178 1183
1183 1178 1179
1180 1182 1184
1180 1184 1185
1180 1185 1181
1182 1183 1186
1182 1186 1187
1184 1182 1187
1186 1183 1188
1188 1183 1189
1183 1190 1189
1190 1183 1179
1186 1188 1191
1186 1191 1192
1186 1192 1187
1191 1188 1193
1193 1188 1194
1194 1188 1189
1191 1193 1195
1191 1195 1196
1191 1196 1192
1195 1193 1197
1197 1193 1198
1193 1194 1198
1195 1197 1199
1195 1199 1200
1196 1195 1200
1199 1197 1201
1201 1197 1202
1202 1197 1198
1185 1184 1203
1203 1184 1204
1204 1184 1187
1185 1203 1205
1185 1205 1206
1185 1206 1181
1199 1201 1207
1199 1207 1208
1199 1208 1200
1205 1203 1209
1209 1203 1210
1203 1204 1210
1205 1209 1211
1205 1211 1212
1206 1205 1212
1207 1201 1213
1213 1201 1214
1214 1201 1202
1207 1213 1215
1207 1215 1216
1207 1216 1208
1176 985 1217
1217 985 1218
1218 985 986
1177 1176 1219
1219 1176 1220
1176 1217 1220
1177 1219 1221
1177 1221 1222
984 1177 1222
1221 1219 1223
1223 1219 1224
1219 1220 1224
1221 1223 1225
1221 1225 1226
1221 1226 1222
1225 1223 1227
1227 1223 1228
1228 1223 1224
1215 1213 1229
1213 1214 1230
1213 1230 1229
1216 1215 1231
1231 1215 1232
1232 1215 1229
1230 1214 1233
1233 1214 1234
1234 1214 1202
1198 1194 1235
1235 1194 1236
1194 1189 1236
1216 1231 1237
1216 1237 1238
1216 1238 1208
1231 1232 1239
1231 1239 1240
1237 1231 1240
1217 1218 1241
1217 1241 1242
1217 1242 1220
1211 1209 1243
1243 1209 1244
1244 1209 1210
1239 1232 1245
1245 1232 1246
1232 1229 1246
1225 1227 1247
1225 1247 1248
1226 1225 1248
1239 1245 1249
1239 1249 1250
1239 1250 1240
1249 1245 1251
1251 1245 1252
1252 1245 1246
1249 1251 1253
1249 1253 1254
1250 1249 1254
1227 1228 1255
1247 1227 1256
1256 1227 1255
1255 1228 1257
1257 1228 1258
1258 1228 1224
1247 1256 1259
1247 1259 1260
1247 1260 1248
1253 1251 1261
1251 1252 1262
1261 1251 1262
1253 1261 1263
1253 1263 1264
1253 1264 1254
1165 1265 1169
1265 1165 1266
1165 1161 1266
1238 1237 1267
1267 1237 1268
1268 1237 1240
1259 1256 1269
1270 1256 1255
1256 1270 1269
1262 1252 1271
1271 1252 1272
1252 1246 1272
1192 1196 1273
1196 1200 1274
1196 1274 1273
1171 1175 1275
1167 1171 1276
1171 1275 1276
1260 1259 1277
1277 1259 1278
1278 1259 1269
1260 1277 1279
1260 1279 1280
1260 1280 1248
1211 1243 1281
1211 1281 1282
1211 1282 1212
1243 1244 1283
1243 1283 1284
1281 1243 1284
1283 1244 1285
1285 1244 1286
1286 1244 1210
1283 1285 1287
1283 1287 1288
1283 1288 1284
1287 1285 1289
1289 1285 1290
1285 1286 1290
1263 1261 1291
1291 1261 1292
1261 1262 1292
1263 1291 1293
1263 1293 1294
1263 1294 1264
1241 1218 1295
1295 1218 1296
1218 986 1296
1241 1295 1297
1241 1297 1298
1242 1241 1298
1279 1277 1299
1277 1278 1300
1299 1277 1300
1279 1299 1301
1279 1301 1302
1279 1302 1280
1293 1291 1303
1303 1291 1304
1304 1291 1292
1294 1293 1305
1305 1293 1306
1293 1303 1306
1294 1305 1307
1294 1307 1308
1294 1308 1264
1307 1305 1309
1309 1305 1310
1310 1305 1306
1287 1289 1311
1287 1311 1312
1287 1312 1288
1311 1289 1313
1313 1289 1314
1314 1289 1290
1297 1295 1315
1315 1295 1316
1316 1295 1296
1297 1315 1317
1297 1317 1318
1297 1318 1298
1282 1281 1319
1319 1281 1320
1281 1284 1320
1282 1319 1321
1282 1321 1322
1282 1322 1212
1323 1278 1269
1278 1323 1324
1300 1278 1324
1301 1299 1325
1325 1299 1326
1326 1299 1300
1302 1301 1327
1327 1301 1328
1301 1325 1328
1151 1147 1329
1147 1133 1330
1147 1330 1329
1159 1155 1331
1331 1155 1332
1155 1151 1332
1303 1304 1333
1303 1333 1334
1303 1334 1306
1333 1304 1335
1335 1304 1336
1304 1292 1336
1159 1331 1337
1159 1337 1338
1158 1159 1338
1321 1319 1339
1339 1319 1340
1340 1319 1320
1321 1339 1341
1321 1341 1342
1322 1321 1342
1317 1315 1343
1315 1316 1344
1315 1344 1343
1318 1317 1345
1345 1317 1346
1346 1317 1343
1318 1345 1347
1318 1347 1348
1318 1348 1298
1347 1345 1349
1345 1346 1350
1345 1350 1349
1348 1347 1351
1351 1347 1352
1347 1349 1352
1350 1346 1353
1353 1346 1354
1346 1343 1354
1350 1353 1355
1350 1355 1356
1350 1356 1349
1311 1313 1357
1312 1311 1358
1358 1311 1357
1313 1314 1359
1313 1359 1360
1313 1360 1357
1359 1314 1361
1361 1314 1362
1362 1314 1290
1312 1358 1363
1312 1363 1364
1312 1364 1288
1302 1327 1365
1302 1365 1366
1280 1302 1366
1365 1327 1367
1367 1327 1368
1368 1327 1328
1119 1123 1369
1369 1123 1370
1370 1123 1127
1344 1316 1371
1371 1316 1372
1372 1316 1296
1341 1339 1373
1339 1340 1374
1373 1339 1374
1341 1373 1375
1341 1375 1376
1341 1376 1342
1359 1361 1377
1359 1377 1378
1360 1359 1378
1377 1361 1379
1379 1361 1380
1361 1362 1380
1377 1379 1381
1377 1381 1382
1377 1382 1378
1325 1326 1383
1325 1383 1384
1325 1384 1328
1307 1309 1385
1308 1307 1386
1307 1385 1386
1309 1310 1387
1309 1387 1388
1385 1309 1388
1333 1335 1389
1333 1389 1390
1334 1333 1390
1389 1335 1391
1391 1335 1392
1392 1335 1336
1337 1331 1393
1393 1331 1394
1394 1331 1332
1365 1367 1395
1365 1395 1396
1365 1396 1366
1395 1367 1397
1367 1368 1398
1367 1398 1397
1360 1399 1400
1399 1360 1378
1360 1400 1401
1357 1360 1401
1363 1358 1402
1402 1358 1403
1403 1358 1357
1337 1393 1404
1337 1404 1405
1337 1405 1338
1393 1394 1406
1404 1393 1407
1393 1406 1407
1406 1394 1408
1408 1394 1409
1409 1394 1332
1121 1117 1410
1125 1121 1411
1412 1121 1410
1121 1412 1411
1396 1395 1413
1413 1395 1414
1414 1395 1397
1374 1340 1415
1340 1320 1416
1340 1416 1415
1363 1402 1417
1364 1363 1418
1418 1363 1417
1381 1379 1419
1419 1379 1420
1420 1379 1380
1381 1419 1421
1381 1421 1422
1382 1381 1422
1423 1041 1086
1041 1423 1424
1042 1041 1424
1375 1373 1425
1373 1374 1426
1425 1373 1426
1376 1375 1427
1427 1375 1428
1428 1375 1425
1376 1427 1429
1376 1429 1430
1376 1430 1342
1427 1428 1431
1427 1431 1432
1429 1427 1432
1431 1428 1433
1433 1428 1434
1434 1428 1425
868 867 1435
1435 867 1436
1436 867 870
1068 1057 1437
1072 1068 1438
1068 1437 1438
1088 1090 1439
1088 1439 1440
1088 1440 1089
1090 1091 1441
1090 1441 1442
1439 1090 1442
1441 1091 1443
1443 1091 1444
1444 1091 876
484 488 1445
488 492 1446
488 1446 1445
490 486 1447
486 477 1448
1447 486 1448
938 929 1449
942 938 1450
1450 938 1449
598 502 1451
1451 502 1452
502 498 1452
598 1451 1453
598 1453 1454
599 598 1454
1308 1386 1455
1264 1308 1456
1456 1308 1455
1078 1082 1457
1078 1457 1458
1078 1458 1077
655 654 1459
1459 654 1460
654 657 1460
655 1459 1461
655 1461 1462
646 655 1462
1461 1459 1463
1463 1459 1464
1464 1459 1460
1465 458 417
458 1465 1466
458 1466 462
1453 1451 1467
1467 1451 1468
1468 1451 1452
1453 1467 1469
1453 1469 1470
1453 1470 1454
643 647 1471
632 643 1472
1472 643 1471
1431 1433 1473
1431 1473 1474
1431 1474 1432
629 633 1475
629 1475 1476
629 1476 625
708 771 1477
708 1477 1478
708 1478 707
1387 1310 1479
1479 1310 1480
1310 1306 1480
1387 1479 1481
1387 1481 1482
1387 1482 1388
1481 1479 1483
1483 1479 1484
1484 1479 1480
1482 1481 1485
1485 1481 1486
1481 1483 1486
1482 1485 1487
1482 1487 1488
1482 1488 1388
1487 1485 1489
1489 1485 1490
1490 1485 1486
712 717 1491
712 1491 1492
712 1492 702
694 698 1493
687 694 1494
694 1493 1494
529 533 1495
523 529 1496
1496 529 1495
882 555 1497
882 1497 1498
886 882 1498
1344 1371 1499
1344 1499 1500
1344 1500 1343
1499 1371 1501
1371 1372 1502
1501 1371 1502
521 664 1503
521 1503 1504
521 1504 517
888 885 1505
1505 885 1506
1506 885 886
1507 579 1508
579 1507 583
1508 579 575
1461 1463 1509
1461 1509 1510
1461 1510 1462
1463 1464 1511
1463 1511 1512
1509 1463 1512
1430 1429 1513
1513 1429 1514
1429 1432 1514
1355 1353 1515
1515 1353 1516
1516 1353 1354
809 681 1517
1517 681 1518
681 680 1518
1240 1250 1519
1250 1254 1520
1519 1250 1520
846 842 1521
1521 842 1522
1522 842 834
952 993 1523
952 1523 1524
952 1524 951
1523 993 1525
1525 993 1526
993 994 1526
1523 1525 1527
1523 1527 1528
1524 1523 1528
1527 1525 1529
1529 1525 1530
1530 1525 1526
1527 1529 1531
1527 1531 1532
1527 1532 1528
1529 1530 1533
1529 1533 1534
1531 1529 1534
1533 1530 1535
1535 1530 1536
1536 1530 1526
1533 1535 1537
1533 1537 1538
1533 1538 1534
1537 1535 1539
1539 1535 1540
1540 1535 1536
1532 1531 1541
1541 1531 1542
1531 1534 1542
1532 1541 1543
1532 1543 1544
1532 1544 1528
1537 1539 1545
1538 1537 1546
1546 1537 1545
1539 1540 1547
1539 1547 1548
1545 1539 1548
1547 1540 1549
1549 1540 1550
1550 1540 1536
1547 1549 1551
1547 1551 1552
1547 1552 1548
1551 1549 1553
1553 1549 1554
1549 1550 1554
1552 1551 1555
1555 1551 1556
1551 1553 1556
1538 1546 1557
1538 1557 1558
1538 1558 1534
738 742 1559
742 746 1560
742 1560 1559
1487 1489 1561
1487 1561 1562
1488 1487 1562
1489 1490 1563
1489 1563 1564
1561 1489 1564
1563 1490 1565
1565 1490 1566
1490 1486 1566
1563 1565 1567
1563 1567 1568
1563 1568 1564
1483 1484 1569
1483 1569 1570
1486 1483 1570
767 732 1571
1571 732 1572
1572 732 731
1383 1326 1573
1573 1326 1574
1574 1326 1300
1396 1413 1575
1396 1575 1576
1396 1576 1366
1163 1167 1577
1153 1163 1578
1163 1577 1578
1087 1030 1579
1579 1030 1580
1030 1020 1580
1087 1579 1581
1087 1581 1582
1087 1582 1086
1581 1579 1583
1583 1579 1584
1584 1579 1580
1398 1368 1585
1585 1368 1586
1368 1328 1586
760 764 1587
764 990 1588
764 1588 1587
547 1105 1589
547 1589 1590
547 1590 239
893 1108 1591
893 1591 1592
894 893 1592
1543 1541 1593
1593 1541 1594
1594 1541 1542
1398 1585 1595
1398 1595 1596
1398 1596 1397
1477 771 1597
771 772 1598
771 1598 1597
1478 1477 1599
1599 1477 1600
1600 1477 1597
551 545 1601
1601 545 1602
1602 545 436
1018 1028 1603
1028 1042 1603
1008 1604 998
1604 1008 1605
1008 1018 1605
1356 1355 1606
1606 1355 1607
1355 1515 1607
1356 1606 1608
1356 1608 1609
1356 1609 1349
1421 1419 1610
1610 1419 1611
1419 1420 1611
1421 1610 1612
1421 1612 1613
1422 1421 1613
1511 1464 1614
1614 1464 1615
1615 1464 1460
1511 1614 1616
1511 1616 1617
1511 1617 1512
433 438 1618
433 1618 1619
433 1619 429
767 1571 1620
767 1620 1621
767 1621 768
445 1622 1623
1622 445 450
445 1623 446
1582 1581 1624
1581 1583 1625
1581 1625 1624
1612 1610 1626
1626 1610 1627
1627 1610 1611
1612 1626 1628
1612 1628 1629
1612 1629 1613
1389 1391 1630
1390 1389 1631
1631 1389 1630
1391 1392 1632
1391 1632 1633
1391 1633 1630
1632 1392 1634
1634 1392 1635
1635 1392 1336
1595 1585 1636
1636 1585 1637
1637 1585 1586
714 720 1638
720 724 1639
1638 720 1639
1441 1443 1640
1441 1640 1641
1441 1641 1442
1589 1105 1642
1642 1105 1643
1643 1105 1104
1628 1626 1644
1644 1626 1645
1645 1626 1627
1082 1083 1646
1082 1646 1647
1457 1082 1647
1646 1083 1648
1648 1083 1649
1649 1083 1076
1582 1624 1650
1086 1582 1651
1582 1650 1651
1646 1648 1652
1646 1652 1653
1646 1653 1647
1114 1115 1654
1114 1654 1655
1114 1655 1117
1654 1115 1656
1656 1115 1657
1657 1115 605
1640 1443 1658
1443 1444 1659
1658 1443 1659
1433 1434 1660
1473 1433 1661
1433 1660 1661
868 1435 1662
868 1662 1663
868 1663 862
1662 1435 1664
1664 1435 1665
1435 1436 1665
1567 1565 1666
1666 1565 1667
1667 1565 1566
1567 1666 1668
1567 1668 1669
1568 1567 1669
1099 1097 1670
1097 1098 1671
1670 1097 1671
1099 1670 1672
1099 1672 1673
1100 1099 1673
1112 1110 1674
1110 1111 1675
1110 1675 1674
1113 1112 1676
1676 1112 1677
1677 1112 1674
1113 1676 1678
1113 1678 1679
1113 1679 1046
1680 399 395
399 1680 1681
399 1681 413
1499 1501 1682
1499 1682 1683
1500 1499 1683
1290 1286 1684
1684 1286 1685
1286 1210 1685
1552 1555 1686
1552 1686 1687
1552 1687 1548
1686 1555 1688
1688 1555 1689
1689 1555 1556
1690 762 1691
762 1690 766
762 755 1691
850 853 1692
850 1692 1693
850 1693 836
1212 1322 1694
1694 1322 1695
1322 1342 1695
1675 1111 1696
1696 1111 1697
1697 1111 1044
1628 1644 1698
1628 1698 1699
1629 1628 1699
1698 1644 1700
1700 1644 1701
1701 1644 1645
641 640 1702
1702 640 1703
640 1059 1703
1556 1553 1704
1553 1554 1705
1553 1705 1704
1420 1380 1706
1420 1706 1707
1420 1707 1611
1348 1351 1708
1348 1708 1709
1298 1348 1709
1469 1467 1710
1467 1468 1711
1467 1711 1710
1470 1469 1712
1712 1469 1713
1469 1710 1713
1711 1468 1714
1714 1468 1715
1715 1468 1452
1470 1712 1716
1470 1716 1717
1470 1717 1454
1716 1712 1718
1718 1712 1719
1719 1712 1713
1716 1718 1720
1716 1720 1721
1717 1716 1721
1678 1676 1722
1676 1677 1723
1676 1723 1722
1386 1385 1724
1724 1385 1725
1385 1388 1725
1632 1634 1726
1632 1726 1727
1633 1632 1727
1726 1634 1728
1728 1634 1729
1634 1635 1729
1726 1728 1730
1726 1730 1731
1732 1726 1731
1726 1732 1727
1730 1728 1733
1733 1728 1734
1734 1728 1729
1735 1561 1564
1561 1735 1736
1562 1561 1736
1625 1583 1737
1583 1584 1738
1737 1583 1738
1625 1737 1739
1625 1739 1740
1625 1740 1624
1584 1741 1738
1741 1584 1742
1584 1580 1742
1405 1404 1743
1743 1404 1744
1744 1404 1407
1405 1743 1745
1405 1745 1746
1338 1405 1746
1543 1593 1747
1544 1543 1748
1748 1543 1747
1593 1594 1749
1593 1749 1750
1593 1750 1747
1749 1594 1751
1751 1594 1752
1594 1542 1752
599 1454 1753
504 599 1754
1754 599 1753
636 637 1755
636 1755 1756
636 1756 639
1591 1108 1757
1757 1108 1758
1758 1108 1109
1557 1546 1759
1759 1546 1760
1760 1546 1545
1660 1434 1761
1761 1434 1762
1762 1434 1425
1662 1664 1763
1662 1763 1764
1662 1764 1663
1763 1664 1765
1765 1664 1766
1664 1665 1766
415 442 1767
1767 442 1768
442 446 1768
1633 1769 1770
1769 1633 1727
1630 1633 1770
1608 1606 1771
1771 1606 1772
1772 1606 1607
1608 1771 1773
1608 1773 1774
1609 1608 1774
1557 1759 1775
1557 1775 1776
1558 1557 1776
1383 1573 1777
1384 1383 1778
1778 1383 1777
1573 1574 1779
1573 1779 1780
1777 1573 1780
1730 1733 1781
1730 1781 1782
1730 1782 1731
1733 1734 1783
1733 1783 1784
1781 1733 1784
1783 1734 1785
1785 1734 1786
1786 1734 1729
1783 1785 1787
1783 1787 1788
1783 1788 1784
1787 1785 1789
1785 1786 1790
1785 1790 1789
1788 1787 1791
1791 1787 1792
1792 1787 1789
1788 1791 1793
1788 1793 1794
1784 1788 1794
1791 1792 1795
1791 1795 1796
1791 1796 1793
1795 1792 1797
1792 1789 1798
1792 1798 1797
1796 1795 1799
1799 1795 1800
1800 1795 1797
1796 1799 1801
1796 1801 1802
1793 1796 1802
1799 1800 1803
1799 1803 1804
1799 1804 1801
1803 1800 1805
1805 1800 1806
1806 1800 1797
1803 1805 1807
1803 1807 1808
1804 1803 1808
1807 1805 1809
1809 1805 1810
1810 1805 1806
1807 1809 1811
1807 1811 1812
1807 1812 1808
1811 1809 1813
1813 1809 1814
1809 1810 1814
1801 1804 1815
1816 1804 1808
1804 1816 1817
1804 1817 1815
1812 1811 1818
1811 1813 1819
1811 1819 1818
1820 1812 1818
1812 1820 1821
1808 1812 1821
1819 1813 1822
1822 1813 1823
1823 1813 1814
1173 1824 1190
1824 1173 1825
1173 1190 1179
1173 1169 1825
1230 1233 1826
1230 1826 1827
1230 1827 1229
1474 1473 1828
1828 1473 1829
1473 1661 1829
1474 1828 1830
1474 1830 1831
1474 1831 1432
1458 1457 1832
1832 1457 1833
1833 1457 1647
1458 1832 1834
1458 1834 1835
1458 1835 1077
1510 1509 1836
1836 1509 1837
1837 1509 1512
1665 1436 1838
1436 870 1839
1436 1839 1838
1686 1688 1840
1687 1686 1841
1686 1840 1841
1720 1718 1842
1842 1718 1843
1718 1719 1843
1720 1842 1844
1720 1844 1845
1720 1845 1721
1844 1842 1846
1846 1842 1847
1842 1843 1847
1406 1408 1848
1406 1848 1849
1406 1849 1407
1848 1408 1850
1850 1408 1851
1851 1408 1409
1596 1595 1852
1595 1636 1853
1852 1595 1853
1515 1516 1854
1515 1854 1855
1515 1855 1607
403 407 1856
407 429 1857
407 1857 1856
976 980 1858
980 984 1859
980 1859 1858
1688 1689 1860
1688 1860 1861
1840 1688 1861
1860 1689 1862
1862 1689 1863
1863 1689 1556
1860 1862 1864
1860 1864 1865
1860 1865 1861
1106 589 1866
1866 589 1867
1867 589 241
1106 1866 1868
1106 1868 1869
1107 1106 1869
1868 1866 1870
1870 1866 1871
1866 1867 1871
1868 1870 1872
1868 1872 1873
1868 1873 1869
1872 1870 1874
1874 1870 1875
1875 1870 1871
1598 772 1876
1876 772 1877
1877 772 700
1598 1876 1878
1598 1878 1879
1598 1879 1597
1810 1880 1881
1880 1810 1882
1814 1810 1881
1810 1806 1882
774 1883 778
1883 774 1884
774 748 1884
1238 1267 1885
1238 1885 1886
1238 1886 1208
1755 637 1887
637 627 1888
637 1888 1887
1596 1852 1889
1596 1889 1890
1397 1596 1890
853 854 1891
1692 853 1892
853 1891 1892
726 722 1893
722 716 1894
722 1894 1893
1891 854 1895
854 851 1896
854 1896 1895
904 910 1897
900 904 1898
1898 904 1897
1569 1484 1899
1899 1484 1900
1484 1480 1900
1569 1899 1901
1569 1901 1902
1569 1902 1570
563 1903 1904
1903 563 567
563 1904 553
1844 1846 1905
1844 1905 1906
1845 1844 1906
1510 1836 1907
1510 1907 1908
1510 1908 1462
1854 1516 1909
1909 1516 1910
1516 1354 1910
809 1517 1911
810 809 1912
1912 809 1911
1544 1748 1913
1544 1913 1914
1528 1544 1914
431 409 1915
1915 409 1916
409 405 1916
1618 438 1917
1917 438 1918
1918 438 437
1619 1618 1919
1919 1618 1920
1618 1917 1920
1693 1692 1921
1921 1692 1922
1922 1692 1892
1636 1637 1923
1636 1923 1924
1636 1924 1853
1923 1637 1925
1925 1637 1926
1637 1586 1926
1901 1899 1927
1927 1899 1928
1928 1899 1900
1913 1748 1929
1929 1748 1930
1930 1748 1747
1698 1700 1931
1698 1931 1932
1698 1932 1699
1743 1744 1933
1743 1933 1934
1743 1934 1745
1591 1757 13
1591 13 1935
1591 1935 1592
1905 1846 1936
1936 1846 1937
1937 1846 1847
1382 1399 1378
1399 1382 1938
1382 1422 1938
1763 1765 1939
1763 1939 1940
1764 1763 1940
1939 1765 1941
1941 1765 1942
1942 1765 1766
818 838 1943
838 862 1944
1943 838 1944
1911 1517 1945
1517 1518 1946
1945 1517 1946
1931 1700 1947
1947 1700 1948
1700 1701 1948
800 816 1949
1950 816 908
816 1950 1949
1905 1936 1951
1906 1905 1952
1952 1905 1951
1107 1869 1953
1104 1107 1954
1107 1953 1954
1873 1872 1955
1872 1874 1956
1955 1872 1956
1402 1403 1957
1958 1402 1957
1402 1958 1959
1402 1959 1417
1873 1955 1960
1873 1960 1961
1873 1961 1869
1819 1822 1962
1819 1962 1963
1819 1963 1818
581 1964 1965
1964 581 585
581 1965 577
1771 1772 1966
1773 1771 1967
1771 1966 1967
1640 1658 1968
1641 1640 1969
1969 1640 1968
1616 1614 1970
1614 1615 1971
1614 1971 1970
1660 1761 1972
1660 1972 1973
1660 1973 1661
1974 1687 1841
1687 1974 1975
1548 1687 1975
1826 1233 1976
1233 1234 1977
1233 1977 1976
1444 876 1978
1444 1979 1659
1979 1444 1980
1444 1978 1980
1902 1901 1981
1901 1927 1982
1981 1901 1982
1902 1981 1983
1570 1902 1984
1984 1902 1983
1629 1699 1985
1629 1985 1986
1613 1629 1986
1675 1696 1987
1675 1987 1988
1675 1988 1674
1907 1836 1989
1836 1837 1990
1989 1836 1990
1907 1989 1991
1907 1991 1992
1907 1992 1908
1837 1512 1993
1990 1837 1994
1837 1993 1994
810 1912 1995
810 1995 1996
810 1996 673
1933 1744 5
5 1744 6
1744 1407 6
1968 1658 1997
1997 1658 1998
1658 1659 1998
1927 1928 1999
1927 1999 2000
1927 2000 1982
1739 1737 2001
2001 1737 2002
2002 1737 1738
1740 1739 2003
2003 1739 2004
1739 2001 2004
1654 1656 2005
1655 1654 2006
2006 1654 2005
1656 1657 2007
1656 2007 2008
1656 2008 2005
664 665 2009
1503 664 2010
664 2009 2010
1834 1832 2011
1832 1833 2012
1832 2012 2011
1835 1834 2013
2013 1834 2014
1834 2011 2014
1966 1772 2015
2015 1772 2016
1772 1607 2016
1671 1098 2017
2017 1098 2018
1098 866 2018
1641 1969 2019
1641 2019 2020
1442 1641 2020
1843 1719 2021
2021 1719 2022
1719 1713 2022
1991 1989 2023
2023 1989 2024
2024 1989 1990
1782 1781 2025
2025 1781 2026
2026 1781 1784
482 508 2027
472 482 2028
482 2027 2028
201 355 2029
355 201 350
355 421 2030
355 2030 2029
1874 1875 2031
1874 2031 2032
1956 1874 2032
2031 1875 2033
2033 1875 2034
2034 1875 1871
1575 1413 2035
1413 1414 2036
1413 2036 2035
892 2037 2038
2037 892 1100
595 892 2038
1962 1822 2039
1822 1823 2040
1822 2040 2039
1845 1906 2041
1721 1845 2042
2042 1845 2041
1892 1891 2043
2043 1891 2044
1891 1895 2044
1939 1941 2045
1939 2045 2046
1939 2046 1940
1668 1666 2047
1666 1667 2048
1666 2048 2047
2049 1668 2047
1668 2049 2050
1669 1668 2050
1550 1536 2051
1554 1550 2052
2052 1550 2051
1670 11 159
11 1670 2053
1672 1670 159
1670 1671 2053
1830 1828 2054
2054 1828 2055
1828 2056 2055
2056 1828 1829
1831 1830 2057
2057 1830 2058
1830 2054 2058
1364 1418 2059
1364 2059 2060
1364 2060 1288
2059 1418 2061
2061 1418 2062
2062 1418 1417
1773 1967 2063
1773 2063 2064
1774 1773 2064
1711 1714 2065
1710 1711 2066
2066 1711 2065
1714 1715 2067
1714 2067 2068
1714 2068 2065
1372 1296 2069
1372 2069 2070
1372 2070 1502
1635 1336 2071
1729 1635 2072
1635 2071 2072
2031 2033 2073
2031 2073 1920
2031 1920 2032
769 770 2074
769 2074 2075
769 2075 866
1963 1962 2076
2076 1962 2077
2077 1962 2039
918 917 2078
918 2078 2079
1037 918 2079
1992 1991 2080
2080 1991 2081
1991 2023 2081
1226 1248 2082
1222 1226 2083
1226 2082 2083
1696 1697 2084
1696 2084 2085
1987 1696 2085
1058 1054 2086
2086 1054 2087
2087 1054 820
2040 1823 2088
2088 1823 2089
2089 1823 1814
1775 1759 2090
1759 1760 2091
2090 1759 2091
1775 2090 2092
1775 2092 2093
1775 2093 1776
401 400 2094
2094 400 2095
2095 400 403
1936 1937 2096
1936 2096 2097
2098 1936 2097
1936 2098 1951
1827 1826 2099
2099 1826 2100
2100 1826 1976
872 840 2101
1109 872 2102
872 2101 2102
1620 1571 2103
1571 1572 2104
2103 1571 2104
1931 1947 2105
1932 1931 2106
2106 1931 2105
1621 1620 1958
1620 2103 2107
1958 1620 2107
1621 1958 1957
1621 1957 2108
768 1621 2108
1679 1678 2109
2109 1678 2110
2110 1678 1722
1679 2111 2112
2111 1679 2109
1046 1679 2112
1723 1677 2113
2113 1677 2114
1677 1674 2114
1652 1648 2115
2115 1648 2116
1648 1649 2116
1653 1652 2117
2117 1652 2118
1652 2115 2118
1854 1909 2119
1855 1854 2120
2120 1854 2119
2119 1909 1496
1496 1909 2121
1909 1910 2122
2121 1909 2122
1723 2113 2123
1723 2123 2124
1722 1723 2124
1749 1751 2125
1750 1749 2126
2126 1749 2125
1751 1752 2127
1751 2127 2128
2125 1751 2128
1864 1862 2129
1862 1863 2130
2129 1862 2130
1865 1864 2131
2131 1864 2132
1864 2129 2132
1576 1575 2133
2133 1575 2134
2134 1575 2035
2105 1947 2135
2135 1947 2136
2136 1947 1948
1977 1234 1880
1880 1234 2137
2137 1234 1202
1440 1439 2138
2138 1439 2139
1439 1442 2139
1440 2138 2140
1089 1440 2141
2141 1440 2140
1885 1267 2142
1267 1268 2143
2142 1267 2143
1682 1501 2144
1501 1502 2145
1501 2145 2144
1889 1852 2146
2146 1852 2147
1852 1853 2147
2074 770 1942
1942 770 2148
2148 770 597
1782 2025 2149
194 1782 2149
1782 194 1731
1757 1758 2150
13 1757 211
1757 2150 211
2150 1758 2151
2151 1758 2152
2152 1758 1109
1935 13 11
1878 1876 1979
1876 1877 2153
1876 2153 1979
1923 1925 750
1924 1923 2154
2154 1923 750
750 1925 749
1925 1926 2155
749 1925 2155
1848 1850 2156
1849 1848 2157
2157 1848 2156
1850 1851 2158
1850 2158 2159
1850 2159 2156
2158 1851 2160
2160 1851 2161
2161 1851 1409
2159 2158 2162
2158 2160 1412
2162 2158 1412
1740 2003 2163
1740 2163 2164
1740 2164 1624
2163 2003 2165
2165 2003 2166
2166 2003 2004
1972 1761 1257
1761 1762 2167
1761 2167 1257
1924 2154 2168
1924 2168 2169
1924 2169 1853
2096 1937 370
370 1937 362
362 1937 1847
2045 1941 1741
1941 1942 2170
1741 1941 2170
2012 1833 2171
2171 1833 2172
1833 1647 2172
1981 184 1983
184 1981 2173
1981 1982 2173
1948 1701 2174
2174 1701 2175
1701 1645 2175
2150 2151 2176
2150 2176 212
2150 212 211
2176 2151 2177
2177 2151 1103
2151 2152 1103
2176 2177 2178
2176 2178 2179
212 2176 2179
2178 2177 2180
2180 2177 1102
1102 2177 1103
2178 2180 2181
2178 2181 2182
2178 2182 2179
2019 1969 2183
2183 1969 2184
2184 1969 1968
2019 2183 651
2019 651 1756
2019 1756 2020
1708 1351 2185
2185 1351 2056
2056 1351 1352
1590 1589 2186
1589 1642 2037
2186 1589 2037
1590 2186 2187
1590 2187 220
239 1590 220
1491 717 2188
717 718 2189
717 2189 2188
1492 1491 2190
2190 1491 2191
2191 1491 2188
1764 1940 1093
1663 1764 2192
2192 1764 1093
1995 1912 1562
1562 1912 2193
1912 1911 2193
1617 1616 2194
2194 1616 1669
1669 1616 1970
1849 2157 4
1849 4 6
1407 1849 6
4 2157 158
158 2157 456
2157 2156 456
243 158 378
158 243 155
1972 1257 1258
1972 1258 2195
1972 2195 1973
1840 1861 467
1840 467 2027
1841 1840 2027
1863 1556 1704
2130 1863 2196
1863 1704 2196
2091 1760 2197
1760 1545 1975
1760 1975 2197
1526 994 2051
994 942 1450
2051 994 1450
2189 718 2198
2198 718 1638
718 714 1638
1454 1717 1753
1717 2199 2200
2199 1717 1721
1717 2200 1753
1362 1290 1684
1380 1362 2201
2201 1362 1684
1693 1921 2202
1693 2202 804
836 1693 804
1210 1204 1685
1204 1187 2203
1204 2203 1685
846 1521 2204
846 2204 897
845 846 897
2204 1521 2205
1521 1522 2206
1521 2206 2205
897 2204 2207
2204 2205 2208
2204 2208 2207
2067 1715 2209
1715 1452 603
2209 1715 603
2068 2067 2210
2210 2067 2211
2211 2067 2209
2068 2210 2212
2068 2212 360
2068 360 2065
2210 2211 2213
2210 2213 367
2212 2210 367
2213 2211 2214
2214 2211 2215
2215 2211 2209
2213 2214 2216
2213 2216 2217
367 2213 2217
2216 2214 2218
2218 2214 2219
2214 2215 2219
2216 2218 2220
2216 2220 2221
2216 2221 2217
2220 2218 2222
2222 2218 2223
2223 2218 2219
2220 2222 2224
2220 2224 2225
2221 2220 2225
2224 2222 2226
2222 2223 2227
2226 2222 2227
2224 2226 2228
2224 2228 2229
2225 2224 2229
1475 633 2230
633 632 1472
633 1472 2230
1476 1475 2231
2231 1475 2232
2232 1475 2230
1476 2231 2233
1476 2233 2234
625 1476 2234
2233 2231 2235
2231 2232 2236
2235 2231 2236
2233 2235 2237
2233 2237 2238
2233 2238 2234
2236 2232 2239
2239 2232 2240
2232 2230 2240
1957 1403 2241
1403 1357 1401
2241 1403 1401
1524 1528 1914
951 1524 965
1524 1914 965
1617 2194 2242
1617 2242 1993
1512 1617 1993
2206 1522 2243
2243 1522 1883
1522 834 1883
2206 2243 2244
2206 2244 2245
2206 2245 2205
1653 2117 1703
1653 1059 2172
1059 1653 1703
1647 1653 2172
641 1702 2246
617 641 1888
1888 641 2246
2001 2002 618
2001 618 1507
2001 1507 2004
618 2002 619
619 2002 2247
2247 2002 1738
1220 1242 2248
1242 1298 1709
1242 1709 2248
1971 1615 2249
2249 1615 812
1615 1460 812
1971 2249 1735
1971 1735 2250
1970 1971 2250
2219 2215 1447
2215 2209 602
2215 602 1447
1786 1729 2072
1786 2072 2251
1786 2251 1790
2007 1657 2252
2252 1657 609
1657 605 609
1181 1206 2253
2253 1206 1694
1206 1212 1694
1855 2120 2254
1855 2254 2016
1607 1855 2016
1349 1609 1352
1352 1609 2055
2055 1609 1774
2244 2243 878
2243 1883 1884
2243 1884 878
758 776 2255
758 2255 1691
755 758 1691
1835 2013 2256
1835 2256 1079
1077 1835 1079
2256 2013 2257
2257 2013 2258
2258 2013 2014
2256 2257 2259
2256 2181 1081
2181 2256 2259
2256 1081 1079
2257 2258 2260
2257 2260 2261
2257 2261 2259
2260 2258 2262
2262 2258 2263
2263 2258 2014
2261 2260 2264
2260 2262 2265
2264 2260 2265
2261 2264 2266
2261 2266 2267
2259 2261 2267
2084 1697 2268
2268 1697 1047
1697 1044 1047
2084 2268 2269
2084 2269 960
2084 959 2085
959 2084 960
2269 2268 2270
2270 2268 2271
2271 2268 1047
2269 2270 2272
2269 2272 961
2269 961 960
2272 2270 2273
2273 2270 2274
2274 2270 2271
2272 2273 2275
2272 2275 2276
2272 2276 961
2275 2273 2277
2273 2274 2278
2273 2278 2277
2276 2275 2279
2279 2275 2280
2280 2275 2277
2278 2274 2281
2281 2274 2282
2282 2274 2271
1779 1574 2283
2283 1574 1324
1574 1300 1324
1779 2283 2062
1779 1959 2107
1959 1779 2062
1779 2107 1780
2048 1667 2284
2284 1667 1984
1667 1566 1984
2048 2284 2285
2048 2285 205
2048 205 2047
1058 2086 2286
1057 1058 1437
1058 2286 1437
1735 2249 2287
2249 812 811
2249 811 2287
2059 2061 2288
2059 2288 1416
2060 2059 1416
2288 2061 2289
2289 2061 2283
2283 2061 2062
411 415 2290
397 411 1916
1916 411 2290
1913 1929 1003
1914 1913 2291
2291 1913 1003
1655 2006 2162
1655 2162 1410
1117 1655 1410
2162 2006 2292
2006 2005 447
2006 447 2292
1992 2080 2293
1992 2293 1471
1908 1992 1471
1921 1922 2294
2202 1921 797
797 1921 2294
1430 1513 2295
1430 2295 1695
1342 1430 1695
2295 1513 2296
2296 1513 2297
2297 1513 1514
2295 2296 2298
2295 2298 2299
1695 2295 2299
2296 2297 2300
2296 2300 2301
2296 2301 2298
2300 2297 2302
2302 2297 2303
2297 1514 2303
2301 2300 2304
2300 2302 2305
2300 2305 2304
2223 2219 1448
2223 1448 478
2223 478 2227
1988 1987 956
956 1987 2306
2306 1987 2085
1988 956 969
1988 969 2114
1674 1988 2114
1934 1933 2307
2307 1933 200
1933 5 200
1934 2307 1820
1934 1820 2308
1745 1934 2308
1820 2307 2309
2309 2307 198
198 2307 200
2285 2284 185
2284 1984 1983
2284 1983 185
1865 2131 1622
1865 1622 466
1861 1865 466
1622 2131 1623
1623 2131 2310
2310 2131 2132
2167 1762 2311
2311 1762 1426
1762 1425 1426
2288 2289 2312
2288 2312 1415
1416 2288 1415
2159 2162 2292
2156 2159 455
455 2159 2292
401 2094 178
385 401 2313
401 178 2313
356 357 1680
356 1680 395
373 356 395
1680 357 2314
357 332 375
2314 357 375
822 814 1943
950 822 2315
822 1943 2315
1932 2106 692
1699 1932 2316
2316 1932 692
1756 1755 2020
2020 1755 2139
2139 1755 1887
2008 2007 2317
2317 2007 2098
2007 2252 2098
2008 2317 2318
2008 2318 448
2008 448 2005
2318 2317 2319
2319 2317 2097
2317 2098 2097
2086 2087 798
2086 798 2294
2086 2294 2286
2320 2244 877
2244 2320 2245
2244 878 877
2262 2263 2321
2262 2321 351
2262 351 2265
2221 2225 358
2217 2221 2322
2322 2221 358
1929 1930 2070
1003 1929 1004
1004 1929 2070
2106 2105 1946
2106 1518 691
1518 2106 1946
692 2106 691
1642 1643 1964
1642 1964 2038
2037 1642 2038
1964 1643 1965
1965 1643 1954
1643 1104 1954
2293 2080 2240
2240 2080 2323
2323 2080 2081
1129 1125 2324
1133 1129 1330
1330 1129 2324
2167 2311 1270
2167 1270 1255
2167 1255 1257
1270 2311 2325
2311 1426 2326
2311 2326 2325
1960 1955 570
570 1955 571
1955 1956 571
1961 1960 1903
1903 1960 1904
1904 1960 570
1961 1903 895
1961 895 1953
1869 1961 1953
2040 2088 1824
2040 1824 1265
2040 1265 2039
1922 1892 2327
1922 2327 2286
2294 1922 2286
1886 1885 2328
2328 1885 1707
1885 2142 1707
2017 894 1592
894 2017 1839
870 894 1839
1977 1880 1882
1976 1977 2329
2329 1977 1882
2228 2226 2330
2330 2226 889
2226 2227 889
2228 2330 2331
2228 2331 2332
2228 2332 2229
2009 1682 2010
1682 2009 1683
2010 1682 2144
2092 2090 2333
2333 2090 1446
2090 2091 1446
2093 2092 525
2092 2333 507
2092 507 525
1776 2093 2127
2127 2093 524
524 2093 525
1619 1919 2334
1619 2334 1857
429 1619 1857
2334 1919 2335
2335 1919 2336
1919 1920 2336
2334 2335 191
2334 191 2337
2334 2337 1857
1703 2117 2338
2117 2118 2338
1879 1878 2339
2339 1878 1980
1878 1979 1980
1966 2015 1370
1967 1966 2340
2340 1966 1370
2318 2319 253
2318 253 366
448 2318 366
2312 2289 1323
1323 2289 1324
2289 2283 1324
2129 2130 1026
2132 2129 1505
2129 1026 1505
2298 2301 1276
2301 2304 1577
1276 2301 1577
2237 2235 175
2235 2236 2341
175 2235 2341
2238 2237 2342
2342 2237 2343
2343 2237 175
2238 2342 2030
2234 2238 611
611 2238 2030
2342 2343 202
2030 2342 2029
2342 202 2029
2009 665 2121
665 523 1496
665 1496 2121
19 2266 161
2266 19 2344
19 10 2344
213 212 2179
360 2212 297
297 2212 368
2212 367 368
2331 2330 2345
2330 889 890
2345 2330 890
2332 2331 2346
2346 2331 2347
2347 2331 2345
2332 2346 374
2229 2332 2348
2348 2332 374
2346 2347 2314
2346 2314 375
2346 375 374
2314 2347 2349
2347 2345 2349
203 1867 204
1867 203 1871
204 1867 241
237 31 204
31 237 28
237 204 241
2036 1414 2110
1414 1397 1890
1414 1890 2110
1268 1240 1519
1268 2175 2143
2175 1268 1519
1488 1562 2193
1388 1488 1725
1725 1488 2193
2153 1877 1051
1877 700 696
1877 696 1051
1492 2190 1493
702 1492 698
698 1492 1493
2183 2184 828
651 2183 650
2183 659 650
659 2183 828
1478 1599 1894
707 1478 716
716 1478 1894
1558 1776 1752
1534 1558 1542
1542 1558 1752
1886 2328 1274
1208 1886 1200
1200 1886 1274
1274 2328 2350
2350 2328 1706
1706 2328 1707
1827 2099 1272
1229 1827 1246
1246 1827 1272
1288 2060 1284
1284 2060 1320
1320 2060 1416
1306 1334 1480
1480 1334 1900
1900 1334 1390
2138 2139 1887
2246 2138 1887
2138 2246 2140
2088 2089 1235
1824 2088 1236
2088 1235 1236
2089 1814 1881
1235 2089 2351
2089 1881 2351
647 646 1462
1908 647 1462
647 1908 1471
2075 2074 1665
2074 1942 1766
1665 2074 1766
2075 1665 1838
866 2075 2018
2018 2075 1838
1500 1683 1910
1343 1500 1354
1354 1500 1910
1599 1600 2245
1894 1599 2320
2320 1599 2245
2305 2302 1142
1143 2302 2352
2302 1143 1142
2302 2303 2352
2180 1102 1080
2181 2180 1081
1081 2180 1080
2242 2194 2353
2353 2194 2050
2194 1669 2050
2242 2353 182
2242 182 2354
2242 2354 1993
182 2353 2355
2355 2353 2049
2049 2353 2050
2202 784 804
784 2202 788
788 2202 797
1384 1778 1926
1328 1384 1586
1586 1384 1926
1926 1778 2155
1778 2104 2155
2104 1778 1777
2025 2026 169
2025 169 170
2149 2025 170
169 2026 2356
2356 2026 1794
2026 1784 1794
169 2356 210
135 169 210
2356 1794 2357
2356 2358 210
2358 2356 2357
2115 1896 1095
1896 2115 2116
1096 2115 1095
2115 1096 2118
1572 731 749
1572 749 2155
2104 1572 2155
2012 2171 452
2011 2012 423
423 2012 452
128 125 2149
128 2149 170
2087 820 802
2087 802 795
2087 795 798
1999 1928 1631
1928 1900 1390
1928 1390 1631
2000 1999 2359
2359 1999 2360
2360 1999 1631
1831 2057 2303
1432 1831 1514
1514 1831 2303
2057 2058 2361
2057 2361 2352
2303 2057 2352
1576 2133 2083
1366 1576 2082
2082 1576 2083
200 5 3
2333 496 507
496 2333 492
492 2333 1446
1103 2152 1101
2152 1109 2102
2152 2102 1101
2293 1472 1471
1472 2293 2230
2230 2293 2240
1930 1747 2145
2070 1930 1502
1502 1930 2145
1996 1995 2287
1995 1562 1736
2287 1995 1736
673 1996 669
669 1996 811
811 1996 2287
2254 2120 662
2120 2119 1495
662 2120 1495
2016 2254 2362
2362 2254 663
663 2254 662
2099 2100 1790
1272 2099 2251
2251 2099 1790
515 511 2363
2363 511 1754
511 504 1754
2058 2054 2064
2054 2055 1774
2054 1774 2064
2073 2033 171
2033 2034 172
2033 172 171
1920 2073 2336
2336 2073 2364
2073 171 2364
172 2034 38
38 2034 203
203 2034 1871
46 49 2364
171 46 2364
1917 1918 1956
1920 1917 2032
1917 1956 2032
1956 1918 571
1918 437 571
2123 2113 988
2113 2114 970
968 2113 970
2113 968 988
2015 2016 2362
2015 1369 1370
1369 2015 2362
2023 2024 72
2023 72 189
2081 2023 189
2160 2161 2324
1412 2160 1411
2160 2324 1411
1889 2146 2111
1889 2111 2109
1890 1889 2109
1140 1149 2365
1149 1153 1578
1149 1578 2365
2312 1323 2325
1415 2312 2326
2326 2312 2325
2133 2134 1858
2083 2133 1859
1859 2133 1858
2134 2123 987
2123 2134 2124
2134 2035 2124
2134 987 1858
1600 1597 2208
2245 1600 2205
2205 1600 2208
2100 1976 1798
1790 2100 1789
1789 2100 1798
327 224 321
224 327 192
327 193 192
832 1064 2101
2101 1064 2102
2102 1064 1101
205 2285 93
2285 96 93
96 2285 185
508 509 1974
508 1974 1841
508 1841 2027
1974 509 2197
509 484 1445
509 1445 2197
2266 2264 161
2264 2265 235
161 2264 235
1708 2185 1973
1709 1708 2195
2195 1708 1973
1702 2141 2140
2141 1702 2338
2246 1702 2140
1702 1703 2338
1879 2339 2207
1597 1879 2208
2208 1879 2207
2339 1978 898
1978 2339 1980
2207 2339 898
1935 11 2053
1935 1671 2017
1671 1935 2053
1935 2017 1592
225 383 226
383 385 2313
226 383 2313
164 145 2366
2366 145 209
209 145 141
164 2366 2367
164 2367 2368
164 2368 152
2367 2366 2369
2369 2366 2358
2358 2366 209
2368 2367 1815
2367 2369 1802
2367 1801 1815
1801 2367 1802
2368 1817 233
1817 2368 1815
2368 233 152
2046 2045 1031
1031 2045 1742
2045 1741 1742
47 2343 50
2343 47 202
2343 175 50
1979 2153 1659
2153 1051 2370
1659 2153 1998
1998 2153 2370
2304 2305 2365
2305 1140 2365
1140 2305 1142
2278 2281 1042
2277 2278 1424
2278 1042 1424
2107 2103 1780
2103 2104 1777
2103 1777 1780
2142 1627 1611
1627 2142 2143
1707 2142 1611
2161 1409 1329
1330 2161 1329
2161 1330 2324
2281 2282 2371
2281 2371 1603
1042 2281 1603
2371 2282 2372
2372 2282 1048
2282 2271 1048
2371 2372 2373
2371 2373 2374
2371 2374 1603
2373 2372 1084
2372 1048 1036
2372 1036 1084
2374 2373 2375
2375 2373 2376
2376 2373 1084
2374 2375 1605
2374 1018 1603
1018 2374 1605
2375 2376 2377
2375 2377 1604
2375 1604 1605
2377 2376 2378
2378 2376 1085
1085 2376 1084
2377 2378 2379
2377 2379 2380
1604 2377 2380
2379 2378 2381
2381 2378 2382
2382 2378 1085
2379 2381 2383
2379 2383 2384
2379 2384 2380
2383 2381 2385
2381 2382 1050
2385 2381 1050
2384 2383 2386
2386 2383 2387
2387 2383 2385
2384 2386 1950
2384 1950 1040
2380 2384 1040
2386 2387 2388
2386 2388 2389
2386 2389 1950
2388 2387 2390
2390 2387 1690
1690 2387 2385
2388 2390 880
2389 2388 879
2388 880 879
2390 1690 1691
2255 2390 1691
2390 2255 880
1568 1669 1970
1564 1568 2250
1568 1970 2250
1504 1503 2125
1503 2010 2126
1503 2126 2125
119 173 2391
119 2391 116
173 174 2392
2391 173 315
173 2392 315
2392 174 325
325 174 2393
174 126 2393
116 2391 2394
2394 2391 314
2391 315 314
2392 325 278
282 2392 278
2392 282 315
1649 1076 2395
1649 1895 2116
1895 1649 2044
1649 2395 2044
1963 2076 1745
1963 1745 2308
1818 1963 2308
2094 2095 232
178 2094 179
2094 232 179
2095 403 1856
232 2095 2396
2095 1856 2396
2076 2077 2397
2076 2397 1746
1745 2076 1746
2189 2198 1399
2189 1399 1938
2188 2189 1938
1399 2198 1400
1400 2198 2398
2398 2198 1638
2321 2263 427
2263 2014 426
2263 426 427
351 2321 348
2321 353 348
353 2321 427
2168 2154 1559
2154 750 1559
2169 2168 1587
1587 2168 1560
1560 2168 1559
1853 2169 2147
2147 2169 1588
1588 2169 1587
2046 1031 1032
1940 2046 1092
1092 2046 1032
2000 2359 216
1982 2000 217
217 2000 216
2359 2360 2399
2359 2399 176
2359 110 216
110 2359 176
2399 2360 1770
2360 1631 1630
2360 1630 1770
2400 2399 1770
2399 2400 177
176 2399 177
1793 2369 2357
2369 1793 1802
2369 2358 2357
2382 1085 1016
2382 1016 1002
2382 1002 1050
2185 2056 1829
1973 2185 1661
1661 2185 1829
1747 1750 2145
1750 2126 2144
2145 1750 2144
2096 370 371
2097 2096 371
370 362 264
370 264 260
2397 2077 1161
2077 2039 1266
1161 2077 1266
2397 1161 1158
2397 1158 1338
2397 1338 1746
794 2389 879
2389 794 1949
1950 2389 1949
2111 2146 1014
2146 2147 1013
1014 2146 1013
191 2335 190
2335 2336 2364
2335 2364 190
2187 2186 1673
2186 2037 1100
2186 1100 1673
1672 2187 1673
2187 1672 160
220 2187 15
15 2187 160
2163 2165 1038
2164 2163 1037
2163 1038 1037
2165 2166 2401
2165 2401 1897
2165 1897 1038
2401 2166 623
2166 2004 1508
2166 1508 623
2401 623 622
2401 622 1898
2401 1898 1897
1624 2164 1650
1650 2164 2079
2164 1037 2079
2035 2036 2124
2036 2110 1722
2036 1722 2124
214 134 340
134 167 340
167 262 340
1070 1102 1066
1102 1070 1080
895 1903 567
2162 1412 1410
2190 2191 1986
1493 2190 1985
1985 2190 1986
2191 2188 1422
2191 1422 1613
2191 1613 1986
1681 1680 2314
766 1690 1049
1690 2385 1049
1622 450 466
1959 1958 2107
72 2024 71
2024 1990 219
71 2024 219
1683 2009 2122
2009 2121 2122
2171 451 452
451 2171 1060
2171 2172 1060
517 1504 524
524 1504 2128
1504 2125 2128
1323 1269 2325
1020 1031 1580
1580 1031 1742
1400 2398 2241
1400 2241 1401
2398 1638 1639
2108 2398 1639
2398 2108 2241
2354 182 183
182 2355 84
2354 218 1994
218 2354 183
1993 2354 1994
2355 2049 87
84 2355 87
2049 2047 206
87 2049 206
1964 585 2038
577 1965 2402
1965 1954 2402
125 194 2149
194 195 1732
194 1732 1731
1732 195 1769
195 120 2400
195 2400 1769
1732 1769 1727
1942 2148 2170
2148 619 2247
619 2148 597
2148 2247 2170
1269 1270 2325
1953 895 2402
2402 895 896
360 297 292
2065 360 361
987 2123 988
2184 1968 2403
2184 2403 827
2184 827 828
2364 49 190
160 1672 159
1880 2137 2351
1881 1880 2351
2137 1202 1198
2137 1198 1235
2137 1235 2351
213 2179 2344
10 213 2344
2182 2181 2259
2182 2259 2267
2179 2182 2344
2344 2182 2267
1820 2309 1821
1820 1818 2308
2309 198 2404
2309 2404 1816
2309 1816 1821
253 2319 252
252 2319 371
2319 2097 371
366 253 249
2056 1352 2055
2172 1059 1060
2252 609 1952
2098 2252 1951
2252 1952 1951
553 1904 549
1904 570 549
55 175 2341
229 55 2341
2236 2239 229
2236 229 2341
2239 2240 2323
229 2239 230
2239 2323 230
2276 2279 934
961 2276 933
933 2276 934
2279 2280 2405
2279 2405 926
925 2279 926
2279 925 934
2405 2280 2406
2406 2280 1423
1423 2280 2277
2405 2406 2078
2405 2078 926
2406 1423 1651
2406 1650 2078
1650 2406 1651
585 595 2038
431 1915 1602
431 1602 436
1915 1916 2290
1915 2290 2407
1602 1915 2407
225 75 187
380 225 187
215 214 341
129 215 2393
324 215 341
215 324 2393
270 324 341
126 129 2393
1735 1564 2250
1735 2287 1736
1604 2380 1039
998 1604 1039
1756 651 639
1975 1974 2197
362 1847 363
525 507 506
2047 205 206
1507 618 583
2404 198 199
1816 2404 1817
2404 199 233
1817 2404 233
1816 1808 1821
67 226 178
151 207 147
577 2402 896
1423 1086 1651
1423 2277 1424
99 180 223
180 181 336
223 180 345
180 336 345
335 181 228
181 335 336
228 181 105
351 27 234
2265 351 234
2005 448 447
413 1681 1465
1465 1681 2349
1681 2314 2349
413 1465 417
1466 1465 2349
221 86 193
956 2306 944
969 956 955
940 2306 959
2306 940 944
959 2306 2085
1839 2017 2018
1332 1151 1329
1409 1332 1329
189 72 68
201 40 350
202 201 2029
297 368 296
116 2394 196
2394 290 334
290 2394 314
2394 334 196
324 325 2393
1741 2247 1738
2247 1741 2170
92 224 192
1623 2310 2408
1623 2408 446
2408 2310 2409
2409 2310 1506
2310 2132 1506
2408 2409 2410
2408 2410 1768
446 2408 1768
2410 2409 1498
2409 1506 886
2409 886 1498
2410 1497 2411
1497 2410 1498
1768 2410 2411
2266 2344 2267
158 456 378
1265 1824 1825
1190 1824 1236
2039 1265 1266
1169 1265 1825
1189 1190 1236
172 38 41
2108 1957 2241
1959 2062 1417
462 1466 890
1466 2345 890
2345 1466 2349
78 218 183
218 1990 1994
1990 218 219
2114 969 970
1258 1224 2248
1258 2248 2195
2337 191 231
191 56 231
1857 2337 1856
2337 231 2396
1856 2337 2396
1446 2091 1445
1445 2091 2197
1545 1548 1975
2004 1507 1508
467 1861 466
467 468 2027
2105 2135 1945
2105 1945 1946
2135 2136 1455
2135 1386 1724
1386 2135 1455
2135 1724 1945
2136 1948 2412
2136 2412 1456
2136 1456 1455
2412 1948 2174
2412 2174 1520
2412 1254 1456
1254 2412 1520
2174 2175 1519
2174 1519 1520
1536 1526 2051
602 490 1447
1448 477 478
1752 1776 2127
675 671 2413
2413 671 827
1452 498 603
1699 2316 1985
1985 2316 1494
2316 692 690
1494 2316 690
1052 685 2413
685 675 2413
1052 2403 1997
2403 1052 2413
1052 1997 2370
1051 1052 2370
687 1494 690
1422 2188 1938
472 468 464
468 472 2028
1705 1554 2414
2414 1554 2052
1705 2414 2415
1705 2415 2416
1705 2416 1704
2415 2414 930
2414 2052 1449
2414 1449 930
2416 2415 922
2415 930 921
2415 921 922
1704 2416 2196
2196 2416 2417
2416 922 2417
2130 2196 1025
2130 1025 1026
876 860 1978
1442 2020 2139
2132 1505 1506
478 474 2227
2227 474 889
1449 929 930
1497 555 551
1497 551 1601
1497 1601 2411
2078 917 926
1518 680 691
2219 1447 1448
724 768 1639
768 2108 1639
736 726 1893
736 1893 877
2403 1968 1997
2403 2413 827
2209 603 602
912 906 2417
922 912 2417
2417 906 1025
1883 834 778
2225 2229 359
358 2225 359
2229 2348 359
323 2348 374
2348 323 319
2348 319 359
1724 1725 1911
1724 1911 1945
1897 910 1038
561 621 2418
561 2418 565
2418 621 900
2418 900 1898
565 2418 622
622 2418 1898
1026 888 1505
2126 2010 2144
1910 1683 2122
1380 2201 1706
2201 1684 2419
2201 2419 2350
2201 2350 1706
2419 1684 1685
2203 2419 1685
2419 2203 1273
2419 1273 2350
897 2207 898
538 527 2363
527 515 2363
539 538 2199
2199 538 2200
2200 538 2363
539 2199 2042
535 539 2420
2420 539 2042
2199 1721 2042
2200 2363 1754
2200 1754 1753
1896 851 858
1896 858 1095
1895 1896 2116
367 2217 369
2217 2322 369
2322 358 309
2322 309 305
2322 305 369
1254 1264 1456
1645 1627 2143
2175 1645 2143
533 662 1495
1096 1089 2141
1096 2141 2118
1710 2066 2421
1710 2421 1713
2421 2066 376
376 2066 361
2066 2065 361
2421 376 377
1713 2421 2022
2022 2421 377
376 361 284
1262 1271 2071
1292 1262 2071
2071 1271 2072
1271 1272 2251
2072 1271 2251
1460 657 812
1911 1725 2193
1336 1292 2071
750 738 1559
2052 2051 1450
2052 1450 1449
746 760 1560
760 1587 1560
535 2420 541
541 2420 608
608 2420 2041
2420 2042 2041
1566 1486 1570
1566 1570 1984
627 617 1888
1187 1192 2203
2203 1192 1273
415 1767 2290
2290 1767 2407
1767 1768 2411
1767 2411 2407
2255 776 786
2255 786 880
1978 860 898
2119 1496 1495
1508 575 623
1843 2021 363
1847 1843 363
2021 272 363
272 2021 2422
2021 2022 2422
748 744 1884
1884 744 878
543 593 2423
543 2423 663
974 964 2291
974 2291 1003
608 1906 1952
1906 608 2041
1181 2253 1175
1175 2253 1275
2253 1694 2299
2253 2299 1275
186 81 222
186 222 342
380 186 342
186 380 187
1892 2043 2327
1072 2043 2395
2043 1072 1438
2327 2043 1438
2395 2043 2044
102 184 2173
104 102 2173
1983 184 185
1976 2329 1798
2329 1806 1797
1806 2329 1882
1798 2329 1797
104 2173 217
1076 1072 2395
964 965 2291
987 976 1858
610 625 2234
610 2234 611
2271 1047 1048
227 111 197
227 197 333
227 333 2424
227 2424 228
188 61 230
188 2323 2081
2323 188 230
188 2081 189
299 303 2424
333 299 2424
303 335 2424
390 397 405
405 397 1916
984 1222 1859
1296 986 2069
986 982 2069
336 311 345
276 272 2422
377 276 2422
1893 1894 2320
2014 2011 426
2011 423 426
794 800 1949
1224 1220 2248
2069 982 1004
2173 1982 217
609 608 1952
1694 1695 2299
2400 120 117
2400 117 177
1769 2400 1770
2112 2111 1014
1248 1280 2082
1280 1366 2082
965 1914 2291
2423 593 1119
2423 1119 1369
2423 1369 2362
2423 2362 663
1794 1793 2357
1022 1046 2112
1011 1022 2112
1222 2083 1859
2118 2141 2338
2127 524 2128
1426 1374 2326
1374 1415 2326
1997 1998 2370
2299 2298 1275
1275 2298 1276
421 611 2030
1493 1985 1494
1940 1092 1093
1006 1092 1032
2286 2327 1437
1437 2327 1438
1167 1276 1577
829 832 2101
840 829 2101
2196 2417 1025
990 1013 1588
2063 1967 1145
1967 2340 1145
2058 2063 2361
2063 2058 2064
2361 2063 1144
1144 2063 1145
2340 1370 1127
1131 2340 1127
2340 1131 1145
2385 1050 1049
2324 1125 1411
2022 377 2422
1890 2109 2110
1954 1953 2402
814 818 1943
1893 2320 877
1011 2112 1014
1888 2246 1887
1273 1274 2350
239 220 23
2361 1139 1143
1139 2361 1144
2361 1143 2352
1950 908 1040
2265 234 235
2380 1040 1039
1663 2192 1944
862 1663 1944
2192 1093 1094
1944 2192 2315
2315 2192 1094
2248 1709 2195
2424 335 228
2069 1004 2070
1577 2304 1578
1578 2304 2365
950 2315 1094
197 334 333
334 197 196
1013 2147 1588
2027 468 2028
232 62 179
2156 455 456
1601 1602 2407
2411 1601 2407
798 797 2294
2078 1650 2079
1839 2018 1838
447 455 2292
1943 1944 2315
2358 209 210
178 226 2313
231 232 2396
161 235 22
