4.305162908772690145e+00 -1.054460795207276985e-15 1.805165613775399081e+01
6.123233995736766282e-16 -1.499759782661858046e-31 2.000000000000000000e+01
8.052650091496714735e-01 3.769236246497890797e+00 1.845474533913980864e+01
1.737085236400206956e+00 -3.874287212396594793e+00 1.810772580721728175e+01
-4.771772785719674559e+00 1.225417468499427898e+00 1.740442892017562926e+01
4.305162908772735442e+00 -1.054460795207288029e-15 -1.805165613775395173e+01
6.123233995736766282e-16 -1.499759782661858046e-31 -2.000000000000000000e+01
1.711710355430271058e+00 -3.950250033882142020e+00 -1.805165613775388067e+01
8.034024356076012452e-02 4.473627112604232181e+00 -1.788633063572704174e+01
-1.070216097915269060e+00 -2.810088248436274139e+00 -1.907438507944760886e+01
-3.518043802394905217e+00 1.406533270236975941e+00 -1.850892022395117920e+01
7.085270662979042733e+00 -1.735390807701986095e-15 -1.411367275124777976e+01
4.002937668515754055e+00 5.146268722323966038e+00 -1.516474968598000927e+01
4.736168881656595886e+00 -4.894701381970485876e+00 -1.464385232181257912e+01
8.777400310667632155e+00 -2.149843039058820001e-15 -9.582743612617784734e+00
7.201358970339775567e+00 -4.277799428581246843e+00 -1.092535784844355007e+01
6.737508627682975870e+00 4.768713671136691090e+00 -1.128987996652072034e+01
9.703750544792349331e+00 -2.376733408880867138e-15 -4.832070100667912094e+00
8.173019036934864090e+00 4.659385559514824138e+00 -6.779936881619203604e+00
8.626555657019899570e+00 -3.873928801651973064e+00 -6.503910557831875217e+00
1.000000000000000000e+01 -2.449293598294706907e-15 -4.898587196589413026e-15
8.830165672779301644e+00 4.539644909028979214e+00 -2.383105781284057922e+00
9.066495465765330053e+00 -4.071235146569932795e+00 -2.212423422937253914e+00
9.703750544792349331e+00 -2.376733408880867138e-15 4.832070100667919199e+00
8.846104672787328482e+00 -4.514033948926300610e+00 2.340879856832434935e+00
8.901027961065347327e+00 4.395947740652633051e+00 2.406112796843812074e+00
8.777400310667619721e+00 -2.149843039058816057e-15 9.582743612617823814e+00
8.266071301437548868e+00 -4.388145071889973714e+00 7.047339375281487683e+00
8.411093496490536836e+00 4.104042314921501955e+00 7.045663310328803774e+00
7.085270662979025857e+00 -1.735390807701981954e-15 1.411367275124780996e+01
6.577758502030979670e+00 -4.364081645302901435e+00 1.227809178693325975e+01
6.971411921817641577e+00 4.300720040030188152e+00 1.147226620221507076e+01
4.105427303486490764e+00 -4.053702593448328173e+00 1.633560062436124838e+01
4.878728350296977823e+00 4.010871799236308100e+00 1.550624610846860918e+01
3.698535111155190958e+00 7.171124433088365890e+00 -1.181453552141858054e+01
4.825578351091403678e-02 7.571676291071440801e+00 -1.306405595863465052e+01
1.939219592417924964e+00 -7.048891066878588241e+00 1.364588760024962966e+01
-1.062852485057427909e+00 -5.882321120659010916e+00 1.603354518856714961e+01
5.855552909039185572e+00 7.773804640731878379e+00 -4.595850971116550276e+00
6.292208789651006384e+00 7.771855794170408060e+00 1.595752118403493125e-01
4.378154290521348635e+00 -7.742522216128103985e+00 9.140046989190425464e+00
5.854080751534614713e+00 -7.819611458532553350e+00 4.281782428894877590e+00
6.717294735480719758e+00 -7.406368247891386147e+00 -3.076414361506822903e-01
7.203986753291599321e+00 -6.649338826869755081e+00 -3.944042608229009872e+00
3.440912133577260779e+00 -7.507430675537703380e+00 -1.127805095590479034e+01
6.041357946468134621e+00 -7.046497637270870307e+00 -7.442812696980171339e+00
6.310673857690834332e+00 7.373187448974469760e+00 4.821411537773060196e+00
6.014622054816236130e+00 6.725907238260680820e+00 8.622411115234696055e+00
-5.316089296533822034e-02 6.851423040355267169e+00 1.456779684668179975e+01
3.587167479738794906e+00 7.347254944605184690e+00 1.151522023259287053e+01
3.880645756106277933e-01 -6.570722484358785920e+00 -1.505656161528228942e+01
-2.098505164877979112e+00 -5.041612826634427336e+00 -1.675451177197302144e+01
5.056259580606517368e+00 7.395800864817725362e+00 -8.885126588065290321e+00
-2.640085739096464934e+00 8.659048921273527100e+00 -8.497251101200019363e+00
-4.481158919353982917e+00 6.867081941336874884e+00 -1.144768978448650998e+01
1.538679282924928948e+00 8.575951310514410508e+00 -9.815401200966515916e+00
-3.958019781486227018e+00 5.000562800474535941e+00 -1.540499283841105083e+01
2.360789040345229850e+00 9.667957889650127257e+00 -1.956798764244984001e+00
1.895211151684998097e+00 9.305775444279964503e+00 -6.264413163629881431e+00
2.665788473827821914e+00 9.532133536238145410e+00 2.850966194209069826e+00
-1.604852979558538895e+00 9.864239081290847366e+00 6.963742130101472361e-01
-2.005701236557460909e+00 9.605590179568320508e+00 -3.852168143709457926e+00
-1.342397966495407102e+00 9.519905770788588129e+00 5.502494639653959574e+00
2.802412001295309985e+00 8.855548396461617955e+00 7.409655747178025109e+00
-7.757606376967539352e-02 -8.690331421119292798e+00 9.893861075522879744e+00
-2.618321255120354074e+00 -7.069973172845632092e+00 1.313923485446973061e+01
1.530665046379596106e+00 -9.456237668127124962e+00 5.739907204715191114e+00
2.949813627411073114e+00 -9.538740227876530753e+00 1.115409213929773991e+00
-5.427689710253076782e+00 -4.131901557686274984e+00 1.462430496492775056e+01
-6.451717054071115065e+00 -4.919627709694489148e+00 1.169146872761742983e+01
-4.014151422624349763e+00 -7.718358557406486575e+00 9.861750257546168186e+00
-5.338897484613461586e+00 8.305395859393954083e+00 3.172742200400024082e+00
-5.558945944469343203e+00 8.276050342158336903e+00 -1.555777259801325973e+00
-5.007717455970342790e+00 7.677546404980421180e+00 7.994509886301267798e+00
-7.947310966902823015e-01 8.613539033558614832e+00 1.003500828127521949e+01
-8.697427067679878832e+00 4.885451165581334187e+00 1.395892991757299084e+00
-7.742236450359449407e+00 5.691847856608386991e+00 5.535573221970065738e+00
-1.723864538734870999e+00 -9.789774112187116017e+00 2.180471402649772905e+00
-3.160965267929018108e+00 -8.913025999862480120e+00 6.501158696946827575e+00
-8.437679958141616865e+00 5.032046704918196944e+00 -3.733128920086834057e+00
-5.598237687952853925e+00 7.862151257739945720e+00 -5.233091778137446859e+00
-9.893511890581704549e+00 1.296541097736386039e+00 -1.322729984235534006e+00
-9.921387102944668968e+00 5.899085816027094253e-01 2.207338504964369008e+00
-9.413904269236732958e+00 1.793477970299580004e+00 5.713787948356676694e+00
-9.473618540225633211e+00 1.019364049333391087e+00 -6.070073702755093947e+00
-7.380295024272361282e+00 5.350611522146306420e+00 -8.222457465691336509e+00
-9.407804332381680013e+00 -2.943041145416319893e+00 -3.365546885727249915e+00
-9.520812561154020415e+00 -3.039432310481454014e+00 6.811149840466883543e-01
-8.633395212113397221e+00 -3.171421934735285220e+00 -7.850240766584776431e+00
-8.472024784793751095e+00 8.965368134749897022e-01 -1.047301633492939033e+01
-7.804816612644977170e+00 -6.216757388243299154e+00 -1.321764303805115892e+00
-7.001347716506716168e+00 -6.717582543993501076e+00 -4.839510271587393220e+00
-6.651309441588385774e+00 -7.338828786692936923e+00 2.758024475485473026e+00
-9.287791744626719748e+00 -2.838903402370454909e+00 4.765522838242708836e+00
-4.389761580100502769e+00 6.509303128834332597e+00 1.238692311218910014e+01
-7.892926426516934768e+00 3.757695736903280181e+00 9.712143980491537931e+00
-5.644483694731640355e+00 -6.666485734696325771e+00 -9.736071439548709350e+00
-7.088632270387771328e+00 -3.137117273967901188e+00 -1.263483877927840027e+01
-3.048731626707188003e+00 -9.011037975800412880e+00 -6.166499839292350238e+00
-4.634492778352518272e+00 -8.843252445895124936e+00 -1.128473066702446959e+00
-1.312746525486201132e-01 -9.929913269196173786e+00 -2.349118500067617799e+00
4.397227442569098699e+00 -8.829553413452019939e+00 -3.288390084716235950e+00
-7.272768267391234609e+00 -4.380569281002772986e-01 1.369889745294421957e+01
-3.840646119048192197e+00 -6.129251341980912038e+00 -1.381038962159506944e+01
-1.286329758710279991e+00 -8.284519317036934893e+00 -1.090176048856297086e+01
-8.769063400536722952e+00 -1.647793701049308002e+00 9.030681700990147220e+00
-6.980653653878020393e+00 -6.096299823744208979e+00 7.511485345420240378e+00
-6.599050671791447442e+00 1.064911231337458020e+00 -1.487528074363643071e+01
-4.649047914421137406e+00 -2.884071603440459874e+00 -1.674138399005827083e+01
1.731357474032392041e+00 -9.177344781867136092e+00 -7.149473841297203869e+00
-6.166105959825309846e+00 3.447369247660275970e+00 1.415553355582092010e+01
-6.762482088880253706e+00 4.259722727044256807e+00 -1.202058206349033043e+01
-3.602648521424451911e+00 5.104172738915569774e+00 1.561644572652680019e+01
