8.344907483503307333e+01 8.436630977867770298e+01 6.018475665371923355e+00
8.375220890537505625e+01 8.266530633983718701e+01 5.912919420162374706e+00
8.548032378946520282e+01 8.390682994627992741e+01 7.379644724540845857e+00
8.373403259589700554e+01 8.544503392894682747e+01 8.204254068352941687e+00
8.221835403047130342e+01 8.335891586637012551e+01 8.019702838488651508e+00
8.401411637376381236e+01 8.178897070418355497e+01 8.323831254266984558e+00
8.578596347467578198e+01 8.007983388231238564e+01 1.180558472226611144e+01
8.620137393212218058e+01 8.399556592260746868e+01 1.028601427372223398e+01
8.478300524570904884e+01 8.543231112102085945e+01 1.018622057263119274e+01
8.133642822707861342e+01 8.420173765539055921e+01 1.119229293464038122e+01
8.125741211155711596e+01 8.053638993993327233e+01 1.008568988760168850e+01
8.280409789713311852e+01 8.526511622320570893e+01 1.088002026897845553e+01
8.394008724682925049e+01 7.918432536535431154e+01 9.755455682837588682e+00
7.986580580131916918e+01 8.137461839914628570e+01 1.365870359197143813e+01
8.571498700178554486e+01 8.388153896337399829e+01 1.289241806384246658e+01
8.287281463881741672e+01 8.350360010722235415e+01 1.754276693379083341e+01
8.554646554120374446e+01 8.133736075588345216e+01 1.504788072610366356e+01
8.198184399156689040e+01 8.459445524648619141e+01 1.428654358794495138e+01
8.087337077495125470e+01 7.995470916574581111e+01 1.071217949029426109e+01
8.235941162364233037e+01 7.816453785208442184e+01 1.186142655426090187e+01
8.393613255570106446e+01 7.816753742936859339e+01 1.194187592132632858e+01
8.074840586872338122e+01 8.322345071977554198e+01 1.636803356794618480e+01
8.488287057795592716e+01 7.814936980239477293e+01 1.490530491925267853e+01
7.941952128267850242e+01 7.885610359682914350e+01 1.716891238027146471e+01
8.079368368922962418e+01 7.677478816434083342e+01 1.640043570894642855e+01
8.396649622789361445e+01 8.248150273142010747e+01 1.738034284859700307e+01
8.169214105809430748e+01 7.533134469712865666e+01 1.812857305365520588e+01
8.409035971521628028e+01 7.826208260502546921e+01 1.899911219468017265e+01
7.859825741145260736e+01 8.092755839182751743e+01 2.086158340153654223e+01
8.390823109401819124e+01 8.113952478265055390e+01 2.106525898982334155e+01
8.241167882586252347e+01 8.271267864909910372e+01 2.246820434414225076e+01
8.218413164526651826e+01 7.550855828549528326e+01 2.043053306903825472e+01
8.030655537494541818e+01 7.586034774475841402e+01 2.128456070370462072e+01
7.994486556337440675e+01 8.262391678285682417e+01 2.262103654140646825e+01
7.892055979709523683e+01 7.688263868993806227e+01 2.280841363322171844e+01
8.370649894499187837e+01 7.966148410049105166e+01 2.570913540877315739e+01
7.839602565314545757e+01 7.933433196726218739e+01 2.511799187744939843e+01
8.148646823859570532e+01 7.593049372290347776e+01 2.334193296037909704e+01
8.144422646390552245e+01 8.181929094645973066e+01 2.662429263258410828e+01
7.928644123617044670e+01 8.118208887985824163e+01 2.698929781327462862e+01
8.242028948541896227e+01 7.674864930373939842e+01 2.459304466810958445e+01
7.953097782815653716e+01 7.563697530564563465e+01 2.535967146953732154e+01
7.805709067238626631e+01 7.752039789317581153e+01 2.576182868053891184e+01
7.884008643781913861e+01 8.076993023256227389e+01 3.169869329663195145e+01
7.840669039142531460e+01 7.672853814012836438e+01 2.919943999533303014e+01
8.007093802386421544e+01 7.556360658966404742e+01 2.848374956175212702e+01
7.767712175401644004e+01 7.874958863677798604e+01 3.092316789242629582e+01
8.259012893746040618e+01 7.716859838597464716e+01 2.890815390957595454e+01
7.638285973983963117e+01 6.282638917511680887e+01 2.922810995208170937e+01
7.883852142815993602e+01 6.386503553613966488e+01 3.113409291031173609e+01
7.696734429903327168e+01 6.494374012999779211e+01 2.955860163106296312e+01
8.391687011091900672e+01 8.049286191117175804e+01 2.997211117538292768e+01
7.709162163945252644e+01 6.157175827125170287e+01 3.247207603579607138e+01
7.493398640686737622e+01 6.417452095368263087e+01 3.232838852073042091e+01
7.477890526271474414e+01 6.293315648910176918e+01 3.357759232876889399e+01
8.051919936876909389e+01 8.161064897820165243e+01 3.256088978365387021e+01
8.010979317070878380e+01 7.459934949513269942e+01 3.272621092560402190e+01
7.684871287556259745e+01 6.670758913333982321e+01 3.434226416291283357e+01
8.198954932438986987e+01 8.149147747983687395e+01 3.629410676235365685e+01
8.391353938950985025e+01 8.074061942467569963e+01 3.425389548646516857e+01
7.915718174097074211e+01 6.337843122846074806e+01 3.558216773401287014e+01
7.856386070505845964e+01 6.647587762587718885e+01 3.379801966398699165e+01
7.849379153045867952e+01 7.635881278399176608e+01 3.525222904865951534e+01
7.585834123108502069e+01 6.228421663450729540e+01 3.795604107367645952e+01
7.454865839270730987e+01 6.406381148498822142e+01 3.691038521242722936e+01
8.279658027219912242e+01 7.711597012545865937e+01 3.391102026512548662e+01
7.743539839387605639e+01 7.894904483373399273e+01 3.708449892799718128e+01
7.774572755304735949e+01 6.253089651812192784e+01 3.915021680935053183e+01
7.925159234027259458e+01 8.169673826748780243e+01 3.845847088655909829e+01
7.971927328091929610e+01 6.964305293509744388e+01 3.545963117249654317e+01
7.751683906707216920e+01 6.939808811004566280e+01 3.578478207437740366e+01
9.983295367570077872e+01 9.755613748964164245e+01 3.204719953669581400e+01
9.928674677087380473e+01 1.001164615969071434e+02 3.476413549800918901e+01
9.827755610080674842e+01 9.914414145226653829e+01 3.190166315375197570e+01
1.007503429967200077e+02 9.846305253466078966e+01 3.372745636157445404e+01
7.637758806690011681e+01 6.653837935425622163e+01 3.999007191390163740e+01
9.770739924304535862e+01 9.912333348041499903e+01 3.829769260020775334e+01
7.997297643235248188e+01 7.250541768493567929e+01 3.479153106588778854e+01
7.966714572598625921e+01 6.759321231533405694e+01 3.929792793183801791e+01
9.793817087765835083e+01 9.650179376240660645e+01 3.872870283287902993e+01
8.128866652275834781e+01 8.079925342696452617e+01 4.157257788714273516e+01
9.936535195887887539e+01 9.589328686667552404e+01 3.823631782410359392e+01
8.455708339091574999e+01 8.081419550293816201e+01 4.099027613195427477e+01
8.346699996268542066e+01 7.744108022774936728e+01 3.638689351183805343e+01
7.840263136377357966e+01 7.133357672586747356e+01 3.806706963383718545e+01
7.889440891078157847e+01 7.381058458429170344e+01 3.796893844476642954e+01
7.849272137768183200e+01 8.063257063719908047e+01 4.004010303243799029e+01
8.219255041998184197e+01 7.182753132411295383e+01 3.897848248761567902e+01
7.579347582211684653e+01 6.386581633052187357e+01 4.092040014352013344e+01
7.886275888278852619e+01 6.473789850737978213e+01 4.140494318641611216e+01
7.693784062439206650e+01 6.909456538099507839e+01 4.055575994559779929e+01
9.984436563388143782e+01 9.883871397420857363e+01 4.073477504812400696e+01
1.006863628954958045e+02 9.737796745407300136e+01 3.888598965344159097e+01
7.883308032347630956e+01 7.755217687789208014e+01 4.226227889650012770e+01
7.823030387465632884e+01 7.024427356498223673e+01 4.579050723725550398e+01
8.351781504060107864e+01 7.227143355777668887e+01 4.254380211716834026e+01
7.798540758715334675e+01 6.496504467226797885e+01 4.317865983266918306e+01
7.962408671365116675e+01 7.939258497751598043e+01 4.317250336372795516e+01
7.700559041371570856e+01 6.651093203352569105e+01 4.350732856828588524e+01
9.798949922067366458e+01 9.466783396274506401e+01 4.282078974437256136e+01
9.926931331536646042e+01 9.492398711494740837e+01 4.199267673750077989e+01
8.135201133840365628e+01 7.962791833774906536e+01 4.679689131269587676e+01
8.106131365598986349e+01 6.899589827138714782e+01 4.484221694422026872e+01
7.993183870329397678e+01 6.667632024900797205e+01 4.712119694890997579e+01
9.744845949866359547e+01 9.580168219119708795e+01 4.461951510858965975e+01
8.549825599034136303e+01 8.089941040257767213e+01 4.366485329243744928e+01
8.552841156475795970e+01 7.663255779225116271e+01 4.577270132016392523e+01
1.000026403080380248e+02 9.581849561360616008e+01 4.537588244398010318e+01
7.911504459645502152e+01 7.219744539423975027e+01 4.799754919062439740e+01
7.928152855541084421e+01 7.427090147822319466e+01 4.983106595238888303e+01
8.654973826274998316e+01 8.107961427779331132e+01 4.632049978844220561e+01
7.817948404030973109e+01 6.769597305796510511e+01 4.903507159412922789e+01
9.876346493400670568e+01 9.676469498721951368e+01 4.530216699078850695e+01
9.895944774950383760e+01 9.268303213337800628e+01 4.579455605441680888e+01
8.368334929045991544e+01 6.960155855162548733e+01 5.240485971165291801e+01
9.721909192677398437e+01 9.109120365016585197e+01 4.746123207096017182e+01
9.570901674538117732e+01 9.170512367301613210e+01 5.067233402704737699e+01
8.089085178281987965e+01 6.678406299815073055e+01 5.161270643436599670e+01
8.036678830088520442e+01 7.748930017040210316e+01 5.039130239660367749e+01
8.626152167760369593e+01 8.105254335440884006e+01 4.915130325424600954e+01
8.732513128685103254e+01 7.881731872303210196e+01 4.954687972157623932e+01
9.642901211150373797e+01 9.436095228593288198e+01 5.007288264333159589e+01
9.956369573925387328e+01 9.562946490013570155e+01 4.964817972233966969e+01
8.651029412428306387e+01 7.604516676298148070e+01 5.138786846516346429e+01
8.894470994938397723e+01 8.231783462126574591e+01 4.849041696086900544e+01
9.823815714484570094e+01 9.018969677172010790e+01 4.845610411863628997e+01
1.003303622841605858e+02 9.181508613655908846e+01 4.928870707226212033e+01
7.877173095045056073e+01 6.739078347622019294e+01 5.465335694195650973e+01
7.776528408260188030e+01 6.902465848620435906e+01 5.249253730294341125e+01
1.013500049118187434e+02 9.349696356779095652e+01 5.386812296100291775e+01
9.051131993273017429e+01 8.246231530677600574e+01 4.895483351279328588e+01
9.222294230081617172e+01 8.307511176415253829e+01 4.974632290576727911e+01
9.213115216331560475e+01 8.490278958528553233e+01 5.054075797089998190e+01
9.480821786278356456e+01 8.616806410928683135e+01 5.083891257779482231e+01
9.450207924717764740e+01 8.776778954137422772e+01 5.082599668719826269e+01
8.254846604096361773e+01 7.916059609769784799e+01 5.166233631894632339e+01
8.638544097826786583e+01 7.308354277035483904e+01 5.752125111973371929e+01
7.905532798046201037e+01 7.186679905180504591e+01 5.402322626299663710e+01
8.890595527819026245e+01 8.250124960004174568e+01 5.276802023333528524e+01
8.064638512002224502e+01 7.721065143654752205e+01 5.410825945759739142e+01
9.760173692907881104e+01 8.837212530520271514e+01 5.086975922819363660e+01
8.911873326570245979e+01 7.851207619649963476e+01 5.265269750376375413e+01
7.780218923645983864e+01 6.856739995950677269e+01 5.609979683556629482e+01
9.373419734558403604e+01 8.162793273768403424e+01 5.312937561149669108e+01
9.393248250811107880e+01 8.732532176574243010e+01 5.286852375979160001e+01
9.491721192895337822e+01 8.893411556975013355e+01 5.378158982894665741e+01
8.817064144456050201e+01 7.667157661259012968e+01 5.483624024681994058e+01
8.209733853347364629e+01 6.648142376747887283e+01 5.505277497717749924e+01
8.487333040641901505e+01 7.958149240851875561e+01 5.800429002370280784e+01
7.801498782299339041e+01 6.992338862353624052e+01 5.518747550209553054e+01
9.671568306769044909e+01 8.452784711420760289e+01 5.435669733578782825e+01
7.910808883072749609e+01 7.270301686017984366e+01 5.795727189086031927e+01
1.002861397859627886e+02 8.991039711216026831e+01 5.560732577014339029e+01
8.523205906925349495e+01 6.975553925320053850e+01 5.971876681162788714e+01
9.972267302780225862e+01 9.484095554191364386e+01 5.508498755481281250e+01
9.204375495461661671e+01 8.413406813476436241e+01 5.894676444670512439e+01
8.788441742161401748e+01 8.093827554041362760e+01 5.708127945272253356e+01
9.850696989843069673e+01 8.582632497647605874e+01 5.840964418581329909e+01
8.434530444378121672e+01 6.670519706689100303e+01 5.822836142017688843e+01
7.803543175370300844e+01 7.132080190205579129e+01 6.082981980010020351e+01
9.616658945383558432e+01 9.321125461560642123e+01 5.603348094187500550e+01
7.713996236215561453e+01 6.842810609120193988e+01 6.043318217160877026e+01
9.541610824385183776e+01 8.199069006211121291e+01 5.608561645425295694e+01
9.292170771644975957e+01 7.883325605924270008e+01 5.975689382225149870e+01
8.062628563578573448e+01 7.599902024727860805e+01 5.957509890736128000e+01
7.686307760519278531e+01 6.965860971076675412e+01 6.040472443537007052e+01
9.959482426665800858e+01 9.372989699904343297e+01 5.786087459001077349e+01
9.269812976079252564e+01 8.479626395844374542e+01 6.089529684990134939e+01
7.924545298748849120e+01 6.626006300067933807e+01 6.189267130000792605e+01
1.006206269713022294e+02 9.063767551523943666e+01 5.808217692619291483e+01
8.719742620021909829e+01 7.336245905413522905e+01 6.048430349690463004e+01
9.770822532593491871e+01 8.308335621353946010e+01 6.268010913532925343e+01
9.569262498582432386e+01 8.940683803321471146e+01 5.942946397943627090e+01
9.717368794610179350e+01 9.262416704680445889e+01 5.887954387904495235e+01
1.006875979510109573e+02 8.859982013982349258e+01 5.920647641264748984e+01
8.275251442988093231e+01 6.503259811906967514e+01 6.146678489788053668e+01
9.981533069915830936e+01 8.989875648258038154e+01 6.022224997324860851e+01
9.060087992225308540e+01 7.566048481013338289e+01 6.404564629782630902e+01
7.461766954331942259e+01 6.954688744748138163e+01 6.481125084871648312e+01
9.672651282342158652e+01 8.076460186875304714e+01 6.288737984019212490e+01
7.879045011695093592e+01 7.301245038674545640e+01 6.499866702358335147e+01
7.809225866478243461e+01 6.472324900816543902e+01 6.676618503827600648e+01
9.088391469521641852e+01 8.324398406881722678e+01 6.264602440719949783e+01
7.293952007634639756e+01 6.741979726614307822e+01 6.934956692865864625e+01
9.283218534044780768e+01 7.724747610428478595e+01 6.394029666780505039e+01
8.327181627551284748e+01 7.927934895398887249e+01 6.694917746429989336e+01
1.017663785800192215e+02 8.626519107295661115e+01 6.358561774321692894e+01
8.684720289827534145e+01 8.030463767684469190e+01 6.224568594225906537e+01
8.460754321552933277e+01 6.522347320874992249e+01 6.612135475072999213e+01
9.929175547485429831e+01 8.365523412117966018e+01 6.520238086481026585e+01
7.277747291703288113e+01 7.019394568864559858e+01 6.926764840350878671e+01
7.999386134922130509e+01 7.553742263406822133e+01 6.368231361488410158e+01
7.586539239076300589e+01 7.413280872503275987e+01 6.958697440398353251e+01
8.573621457670944324e+01 8.053790393594780994e+01 6.849277468067847963e+01
8.836729172822997214e+01 7.362238912171481786e+01 6.494116332712044937e+01
9.410026347665886703e+01 8.498888238988836008e+01 6.405411250043124483e+01
8.511471483207861866e+01 6.690513560407592308e+01 6.870204596833357868e+01
8.225378314001689262e+01 6.369049206578922906e+01 6.669278667104856595e+01
1.006948267316815873e+02 8.771878741272428215e+01 6.460917445811028870e+01
9.490723144372118725e+01 7.850492728863157765e+01 6.546556674260241948e+01
8.633778786440993258e+01 7.068365036289955583e+01 6.778803829618421162e+01
9.801167139210902235e+01 8.636604914056232474e+01 6.387988990148252810e+01
9.801610292953249370e+01 7.898912953644192214e+01 6.736952869524965593e+01
9.175426057360463972e+01 7.550401416555244793e+01 6.704710314402306892e+01
8.033791189399345001e+01 6.324761361412132743e+01 6.881017128124999260e+01
7.824876922632577703e+01 7.667119276046793175e+01 6.733279133412355577e+01
7.926390078423685281e+01 7.746945676231391076e+01 6.888797364273462165e+01
1.015782573078185322e+02 8.612381045226274523e+01 6.792197930075182910e+01
9.606073101314036933e+01 8.435869333604986764e+01 6.511439289699428912e+01
9.826694859589545672e+01 8.198723904354473291e+01 6.637657338915363425e+01
8.697504023238059290e+01 7.127868953959672638e+01 7.135509782688265545e+01
9.423676111702039293e+01 7.716785821236962306e+01 6.860686818766806994e+01
9.287995137654407074e+01 8.319986691460255201e+01 6.766918991425669105e+01
7.993312685689875252e+01 7.919132220063174543e+01 7.101265251367988185e+01
9.887397411389339652e+01 8.466530625992659509e+01 6.643238559732702697e+01
7.586723848810217419e+01 6.258068572673960972e+01 7.258628659710174702e+01
9.658123959728442287e+01 8.286258012982831644e+01 6.724504064949486803e+01
7.202144192041086512e+01 7.532780444280342635e+01 7.121733354432595320e+01
7.506917524925687246e+01 7.818448196372190750e+01 6.924870425884267888e+01
8.933814923468884217e+01 7.350246248158398998e+01 7.154648790538951175e+01
7.316124118601160831e+01 6.543147911654610027e+01 7.242491699593799126e+01
7.226048274482218403e+01 7.956969133880701861e+01 6.727868212021903105e+01
7.198137406037662345e+01 7.747879089599277336e+01 6.784597374807697179e+01
7.252675917505879966e+01 8.015864315664275352e+01 6.843377956390962424e+01
8.798385494421481212e+01 8.129490011964811913e+01 7.073901923542771897e+01
8.357910844606313105e+01 6.162280820262785141e+01 7.232029213986314176e+01
8.579386852904931970e+01 6.326940714117736775e+01 7.120461420090725824e+01
6.873747426526072957e+01 7.919222481808630221e+01 7.216015972944086343e+01
9.811850446282790017e+01 7.903591056123354974e+01 6.898325146622590864e+01
7.455181390301443400e+01 8.014094570422973618e+01 7.296468716339168736e+01
9.651229951425534637e+01 8.074182003577483613e+01 6.860344226171108062e+01
7.080858506401197872e+01 7.242226664386467405e+01 7.334153687750206529e+01
7.742184622329781973e+01 6.137398992721237079e+01 7.400711331383600111e+01
9.114715618484555648e+01 8.108220792706062241e+01 7.133812482028322677e+01
9.475694097706828245e+01 8.109641608212432118e+01 7.021780198033188469e+01
6.638936308229163785e+01 7.786680107504052728e+01 7.369217062794122342e+01
7.091652630266405311e+01 8.087729713093790451e+01 7.350909172509517475e+01
7.040818903819841523e+01 6.884088091561351064e+01 7.590882372759227792e+01
8.155909782081748460e+01 6.113812703021083195e+01 7.344303024295030013e+01
8.605629891110675089e+01 6.726974645425448784e+01 7.563464030009191674e+01
6.659008777015337444e+01 7.579973015144202009e+01 7.355725064614485120e+01
6.878662437733699164e+01 7.365760006739103005e+01 7.574306575597316282e+01
7.062914037551544766e+01 6.651533973619889650e+01 7.796166690205387795e+01
7.858311702384227715e+01 7.994125381171559752e+01 7.750028919778570469e+01
8.126070251690586588e+01 7.998072528919573188e+01 7.516508463855765854e+01
8.669819053945030873e+01 7.117714818350665951e+01 7.512939504945265412e+01
8.905454706460722036e+01 7.368674059771707618e+01 7.348888050611365941e+01
6.758784746954933098e+01 7.044605642813459667e+01 7.906890425606360395e+01
7.324756167351942793e+01 6.264085643566327377e+01 7.418735987416286548e+01
7.571410184365460339e+01 8.063060224036429702e+01 7.386925736070267590e+01
5.652138635863586558e+01 7.389592202658613473e+01 7.158152839164554848e+01
5.521476810409861002e+01 7.248540415994300190e+01 7.237760549764499274e+01
5.668759032478751436e+01 7.278027699230713665e+01 7.267681167606696135e+01
9.414450595743814176e+01 7.764010122259199420e+01 7.101747977665078793e+01
7.905651175726853808e+01 6.017529888980411101e+01 7.925253190450607121e+01
5.396767646950342368e+01 7.723227768030432117e+01 7.506883954936311909e+01
7.149553912228239483e+01 6.348722093697863045e+01 7.702686666036984775e+01
7.506652646344831226e+01 6.037859218801411032e+01 7.605549895654598913e+01
6.663670499675710346e+01 8.014138223368429692e+01 7.496852759323579107e+01
5.533966563352433354e+01 7.774934709954716539e+01 7.249523770459043703e+01
5.658158940697961015e+01 7.741844446800000412e+01 7.217706956066494683e+01
5.865287105480832963e+01 7.727714869932762554e+01 7.465307032170676393e+01
6.145841579823761691e+01 7.605933030140208473e+01 7.730703111929490490e+01
6.478775696995512590e+01 7.405065144941683286e+01 7.659337807569140466e+01
7.248518238271913106e+01 8.103772000000819276e+01 7.911973787355908883e+01
8.478365332151150824e+01 7.976190029344009247e+01 7.511357696609425716e+01
5.802136701174290323e+01 7.388257201942485608e+01 7.645939444082088698e+01
8.454160305956570198e+01 6.113593692351476250e+01 7.624056421266588757e+01
5.657733026941669152e+01 7.260721751504240729e+01 7.698701785846647283e+01
5.469924997304634928e+01 7.261073260085903769e+01 7.473036231081357528e+01
8.727448264484743845e+01 8.017691949084910163e+01 7.406971050440412796e+01
7.549231764503056752e+01 5.967313993939827554e+01 7.974515164414967217e+01
5.876507969929123476e+01 7.886414636052749927e+01 7.557181739137325849e+01
7.361012621473112461e+01 5.835215765003192701e+01 8.062824461856901337e+01
9.218949639051433564e+01 7.777380459253672029e+01 7.268214767596873571e+01
6.251801241053578906e+01 7.824433407471074986e+01 7.599999398453056187e+01
7.131665858792580082e+01 6.019718984203245782e+01 8.084538861683230948e+01
8.514393731890140771e+01 6.326551402713840133e+01 7.793378248737664649e+01
6.742739803170081814e+01 8.168578017343403985e+01 7.763650189341515784e+01
8.816950086581289270e+01 7.861631400892596844e+01 7.478638904710626889e+01
8.872534128007104925e+01 7.488090198290947797e+01 7.485774971522052113e+01
6.452065797327486507e+01 8.181294793438401314e+01 7.541261875162211936e+01
6.209610630622631788e+01 8.047083148140920628e+01 7.669976046774743850e+01
5.567336134976603290e+01 7.268473295286614189e+01 7.782039348067957008e+01
6.452038463007697544e+01 7.247344502749933781e+01 7.980248159908504135e+01
5.842811368240612069e+01 7.981664022071214504e+01 7.752435710106314559e+01
8.339105534432233924e+01 5.973057612518637427e+01 7.680355254111600516e+01
5.650878620676562036e+01 7.996491303740859280e+01 7.971059622642356146e+01
5.491940636082893690e+01 8.063049806161470201e+01 8.454385534502284827e+01
7.540884554920349103e+01 8.089296921299602161e+01 7.670406946489332256e+01
6.789796351569083299e+01 6.849971505616417744e+01 8.102391818363011566e+01
6.022442573956749357e+01 7.366450032129355918e+01 7.967539128030475126e+01
5.743270078297993564e+01 7.319721067070052811e+01 8.015030267393642305e+01
7.745442670415734199e+01 6.004360210495720196e+01 8.069192375769969772e+01
7.039264525430442632e+01 6.221526147029688047e+01 8.434283939619356829e+01
6.358827904887581894e+01 8.340405889161480957e+01 7.906975173848248062e+01
6.502963331847332995e+01 8.274916967220374886e+01 8.016552582304575481e+01
8.534958628187231966e+01 7.457169449262326566e+01 7.732479342978638215e+01
5.438963344844162151e+01 7.472769256077243938e+01 8.173325992596014089e+01
8.090726128375695225e+01 7.872986016515683616e+01 7.858405577573432765e+01
6.029505894599421367e+01 7.238735239910243990e+01 8.163519516170117640e+01
6.155536090166354057e+01 8.221022524719309388e+01 7.902954937517034750e+01
5.343038892349559887e+01 7.702431952626615441e+01 7.932612167875377907e+01
7.244032090644347477e+01 5.883657587239137143e+01 7.989714481814758074e+01
8.023767472587172733e+01 5.986093568906054685e+01 8.001063077478349328e+01
8.567121214726080325e+01 6.984709920161465391e+01 8.006780128261992502e+01
6.936990971051467625e+01 8.209709896779290261e+01 8.029233129223186438e+01
8.624765692223003555e+01 6.611720287542921426e+01 8.114517681035167129e+01
5.324171713854292420e+01 7.859493946937402598e+01 8.197012420596779236e+01
8.485235421449402793e+01 7.640923827041829952e+01 7.764500421710906153e+01
6.430090360170800068e+01 6.900792384090438247e+01 8.336038600978957902e+01
8.393311594475926540e+01 5.955477539045448054e+01 7.923854939819759124e+01
6.098678269156972220e+01 8.355571809823899798e+01 8.138001900347728679e+01
5.868643059413096097e+01 8.275463238139106181e+01 8.063020710954754122e+01
7.517734870828196847e+01 5.878477007593260595e+01 8.328833839354695101e+01
8.524319185593689951e+01 7.175004427352038761e+01 8.092658676026775311e+01
7.822118279128012830e+01 7.906774233622653014e+01 8.280648826435512433e+01
6.914268648652019067e+01 6.495977855973492865e+01 8.699246713957374766e+01
6.436111035861554797e+01 8.336227302952887896e+01 8.242309546658682962e+01
8.365633167076494203e+01 7.333974462414546736e+01 8.191568403669219833e+01
7.050102243595020468e+01 5.495723161931626777e+01 8.271953524241254740e+01
6.925248375781433197e+01 5.617661387984880150e+01 8.418304559625570960e+01
8.265711808664944726e+01 6.024050849293750076e+01 8.300708271500215574e+01
8.320935884601570365e+01 7.514369069562515335e+01 8.233394380724342909e+01
5.671077791265849299e+01 8.231226645761785221e+01 8.381080116004096681e+01
6.969540847223002800e+01 5.803508363835127426e+01 8.639243962569520363e+01
6.621347334019461073e+01 6.757718097709106075e+01 8.678135750682125149e+01
7.863866454070111445e+01 6.119057500059857091e+01 8.513930432323367370e+01
7.514686350780239366e+01 8.049330091674855225e+01 8.266751656618674815e+01
5.618336551218673947e+01 7.554550392129496572e+01 8.627284308248027855e+01
5.800859206156859216e+01 7.333017045589417648e+01 8.527736434111191954e+01
6.257159426905737831e+01 8.570275972076096593e+01 8.157534487446559979e+01
8.477834864784108504e+01 6.296552881753021325e+01 8.262276523318118393e+01
6.868813721950154161e+01 5.364420596270792885e+01 8.613213253477060505e+01
6.162109578333270576e+01 7.048620309782369020e+01 8.679527515782550040e+01
5.704788100398665307e+01 8.602275292207150414e+01 8.536040133744278080e+01
6.410711037089890851e+01 6.840110845229420988e+01 8.584457523814177193e+01
7.281565561334856795e+01 7.959043242314668021e+01 8.859642720552469086e+01
8.660666632264721443e+01 6.696009327514292409e+01 8.339406672515001162e+01
5.389790760430916805e+01 7.857060528600800353e+01 8.635231210467433982e+01
6.052309029910402671e+01 8.701922445984573073e+01 8.548479966730647561e+01
6.248266010044203966e+01 8.686773304125335926e+01 8.303427366042636493e+01
6.332345406341927685e+01 8.461907697953358820e+01 8.498776369959738020e+01
6.790794719974407201e+01 5.488656168317228889e+01 8.796182147734467094e+01
7.099136384856993232e+01 5.404094662151234019e+01 8.663887344666542845e+01
6.750111292742978719e+01 8.154537558817956722e+01 8.684050796571321484e+01
7.824773092530777774e+01 7.753208979358920772e+01 8.646079285111662216e+01
8.596295004019312103e+01 6.719021809959987479e+01 8.689546828221713781e+01
5.705527694996656862e+01 7.545488059386040902e+01 8.887814901201275575e+01
8.244671775238788314e+01 6.193284753903313344e+01 8.567355704429564867e+01
7.339861060432460249e+01 5.703939607156679159e+01 9.054464471361346511e+01
6.735431615498175972e+01 6.642366685092238754e+01 9.141514388138214997e+01
7.606206159279825840e+01 6.090522978867654302e+01 8.914269698510784679e+01
8.082521746228046311e+01 6.167508083091495052e+01 8.746792365743954178e+01
6.475781752036617434e+01 8.257690966658238096e+01 8.844879221183857965e+01
5.988380977215300049e+01 7.204651166112178373e+01 9.109879822454661280e+01
6.942707445514137987e+01 5.198279821251284005e+01 8.681701649947154920e+01
7.935059267787784165e+01 7.567567605267146291e+01 9.042539547891553298e+01
5.571109483863660472e+01 8.303032886406541024e+01 8.811505434591686026e+01
5.747494886477594633e+01 8.793458212727900047e+01 8.656639087365664409e+01
6.380291745506554690e+01 6.901974846063481550e+01 8.930916806207554259e+01
6.920577207337561276e+01 5.901301171691031300e+01 9.550911790880142860e+01
8.526893298183951231e+01 7.042805827486179737e+01 8.984655572348475516e+01
8.524362790229982068e+01 6.563535534282297590e+01 8.743299218826470565e+01
6.694020965017229230e+01 5.257838226581886687e+01 8.755988367552890850e+01
6.217691067524769011e+01 8.614124801555306021e+01 8.944464476829944033e+01
6.402586009973073544e+01 8.402313796993131234e+01 9.182045719151577146e+01
5.449781667877989122e+01 8.850363062617813625e+01 8.799046883840824762e+01
8.236770549055106017e+01 7.481148029325882476e+01 8.880232801371042228e+01
6.814751061037472368e+01 8.121738849804910387e+01 9.029144290840821441e+01
6.854902506342951085e+01 4.972771504365442041e+01 8.730067112304398336e+01
6.998402236888139782e+01 5.128550239130069599e+01 8.906087988429226243e+01
5.555393403297295407e+01 8.520893646316680758e+01 8.847174931333867676e+01
6.716777567208433197e+01 5.007183493702252264e+01 8.923986891866834981e+01
7.127143244779597353e+01 5.482288937913581606e+01 8.976331640575411086e+01
5.984347366018121051e+01 8.746767259920265758e+01 8.988055730767675300e+01
5.660359472736126918e+01 8.972344119364734638e+01 8.843698842423353312e+01
8.325554819757950042e+01 7.260941181331068606e+01 8.890918874245332404e+01
6.665375379787738552e+01 5.348497926632566646e+01 9.267094524987393811e+01
5.591904315316136831e+01 8.161833534622198272e+01 9.169082879276092513e+01
6.860948181248268440e+01 6.340281388234964766e+01 9.635705747785041808e+01
6.840388079810429645e+01 5.596625537969750042e+01 9.815075009986455257e+01
6.686233513270964579e+01 6.592569638460246040e+01 9.968718117627265940e+01
8.152213947233555302e+01 6.322237153178654978e+01 9.145151814690287040e+01
5.640655847332111961e+01 7.841895352063274061e+01 9.064204224739816596e+01
6.848993370575128381e+01 4.712523435015956608e+01 8.996255961279487678e+01
6.722324186648000932e+01 4.733491156852173276e+01 8.979061308397278651e+01
5.928752018334846952e+01 7.358599558676014851e+01 9.379702178588186712e+01
5.402109749325535404e+01 9.152300879247327714e+01 8.723286237444031599e+01
6.983264718259628978e+01 5.399538290471889468e+01 9.430247968300042771e+01
7.120921321885907673e+01 5.602261170395110668e+01 9.238022232212684060e+01
5.429024267308427198e+01 8.688000783687807882e+01 9.209328601334942732e+01
5.435486086360316449e+01 9.255306232153463952e+01 8.878439017866719496e+01
5.704160946026995305e+01 9.048418004600790709e+01 9.467902983489906887e+01
8.025883073416579805e+01 6.257010213993498837e+01 9.162020241194278469e+01
7.591707144414404240e+01 7.770766325979663236e+01 9.496405431038326128e+01
8.519895046501572722e+01 6.641028314418294087e+01 8.977291858305667915e+01
7.436270532800853061e+01 6.001305502321532970e+01 9.110316149687304232e+01
5.278092722783635082e+01 9.153525611192674205e+01 8.979015139035283255e+01
6.335572033279491677e+01 7.079004793691508723e+01 9.443684196164969080e+01
6.475638074782767717e+01 6.907819598079743173e+01 9.545107660978416675e+01
6.608680801995930665e+01 4.887798054352033006e+01 9.553154176749471560e+01
6.994341931250247058e+01 5.220006732765801871e+01 9.357078528429477160e+01
6.873325595207209915e+01 4.721426215027362616e+01 9.469666234850151909e+01
7.650881943562276888e+01 6.265432404221726870e+01 9.404005276488106801e+01
7.931680132262792426e+01 7.361328167278735179e+01 9.397210647664012129e+01
5.795534774969156899e+01 7.607912453777565531e+01 9.381488554265301616e+01
6.725939823816636931e+01 4.623570000781970180e+01 9.365160675163576798e+01
8.481733291933463192e+01 7.049227389965822965e+01 9.145740259659547178e+01
7.361591921946660477e+01 6.076094726530946133e+01 9.454080474067393425e+01
7.211671726195366716e+01 7.834138614952017576e+01 9.450129221193552098e+01
8.373647670845517155e+01 6.644045270305031181e+01 9.246463794981616502e+01
5.204807606594243197e+01 9.212971239872038609e+01 9.402035500156480907e+01
5.434922969718846275e+01 9.306455984952228278e+01 9.225940576541458427e+01
6.997554308013093305e+01 8.006158653301123707e+01 9.453716818645509079e+01
7.134835589915121545e+01 5.845606636311828197e+01 9.642952528220641284e+01
5.346042667215751720e+01 8.819774181104456545e+01 9.849018189592752037e+01
8.108155333947482291e+01 7.126977502603644155e+01 9.346206072874754511e+01
6.407632633889568297e+01 5.194739895371222360e+01 9.754768598284410075e+01
6.263036254012521908e+01 8.644759386089525321e+01 9.478106370514761636e+01
6.587407052079679204e+01 6.715761444981326633e+01 9.962306451068791091e+01
7.990688277197389766e+01 6.483218165866450988e+01 9.498028527377138630e+01
6.578563315997732275e+01 7.094061513635845984e+01 9.916806375481397140e+01
5.528359237798280645e+01 8.546536140817987359e+01 9.732320345541440076e+01
5.511011409804297045e+01 9.139855127229840548e+01 9.761057649094922795e+01
6.336549614109068074e+01 7.359524199442476800e+01 9.749008588693500599e+01
8.173842960717684036e+01 6.926382966306162814e+01 9.495774858910786520e+01
5.709650852439429514e+01 8.122546984244874579e+01 9.650997081270739386e+01
6.812547996927474969e+01 6.332939796261927512e+01 1.033619175121572340e+02
5.871409959721474081e+01 7.774616982343742677e+01 9.642423144934730317e+01
6.416511445768611566e+01 5.048475260477949433e+01 9.882938351911573704e+01
8.103011061502891721e+01 6.693224039131949610e+01 9.738607904872966969e+01
5.998139554580487953e+01 8.785436657018874484e+01 9.821209854289253371e+01
6.659435473223520319e+01 5.352250589936790703e+01 9.826367888386302241e+01
6.868003931371305271e+01 5.216381246031702545e+01 9.748786892962962725e+01
5.331597527055868824e+01 9.236961901431396882e+01 9.892408266209142198e+01
7.674834810834329346e+01 6.513885159829827387e+01 9.840982187151192306e+01
7.150374125888669141e+01 6.195230092920885312e+01 1.039378292602048219e+02
6.760881049065515924e+01 4.762195355759561721e+01 9.654997816655748011e+01
5.826980460853600619e+01 7.959204335876702885e+01 9.940257115447994352e+01
6.420296508762879739e+01 8.710615314686798172e+01 1.002233430159342333e+02
7.705401561945548394e+01 7.438998161910599549e+01 9.674324049398001080e+01
6.558340741610290081e+01 8.429752125618706771e+01 9.810344108806800989e+01
6.897169669594988761e+01 5.786604373143025981e+01 1.010297082532654258e+02
7.009354212175892940e+01 5.961429127727437560e+01 1.028550067584738770e+02
5.324478426051888391e+01 9.003887797426216366e+01 9.827535822900597395e+01
5.225342094918587321e+01 9.197111626776317905e+01 9.834117159944281639e+01
6.812106827537741083e+01 8.137207875011070257e+01 9.775462245273001827e+01
6.612500984189155417e+01 5.067699864473317461e+01 9.879445331142328257e+01
6.187457498849838800e+01 7.762839393550456180e+01 9.994967510783345688e+01
7.041586077093218421e+01 7.651601686442046457e+01 9.765772723478767148e+01
5.827909045481486316e+01 8.872839883227877067e+01 9.933021750978390685e+01
6.305888736521544757e+01 8.754625277929743277e+01 1.000685946815431180e+02
7.698617006514720629e+01 7.224596422540329854e+01 9.843696287226813979e+01
7.458798141323755715e+01 7.638871531126847003e+01 9.696987863291630561e+01
5.544364740327979746e+01 8.488269578630143997e+01 9.917836683243851326e+01
6.074341042548443426e+01 7.916208041267927342e+01 1.014777822081356931e+02
6.284373974944264774e+01 5.178106202402967995e+01 1.011199572881599664e+02
6.510430866776106029e+01 5.180758957698475342e+01 1.013308337400145405e+02
5.760947689262024340e+01 8.199575985408539225e+01 1.029565378623133540e+02
7.958793151498718998e+01 7.026149121986945545e+01 9.893266496404321231e+01
6.826484942952505719e+01 5.997958691216130234e+01 1.047644006756385409e+02
7.051254774011050586e+01 6.690704617722991543e+01 1.047611799736087335e+02
6.615246405675256369e+01 7.279334992935231696e+01 1.026954331705871653e+02
6.805591881719864489e+01 7.030136694768755490e+01 1.020569546606888025e+02
7.235940838832678423e+01 7.329084171187733432e+01 9.976205563186888980e+01
6.899039745401717028e+01 6.858839663454156721e+01 1.037054668232893277e+02
6.499769358814197062e+01 7.561730196929845249e+01 1.019675294774138479e+02
7.003620326498146653e+01 7.424318968002891950e+01 1.009575668771859114e+02
6.344288356289381170e+01 7.903971055586471550e+01 1.020202370233461977e+02
6.549892760241635870e+01 8.355706021076692025e+01 1.014572132389263857e+02
7.448004670910898994e+01 7.176055931927911047e+01 1.008844045763650143e+02
5.476309435922196656e+01 9.017515988191672704e+01 9.989483075468810114e+01
7.628614077287335249e+01 6.883420722962114269e+01 1.002608434291554147e+02
7.421776798351980631e+01 6.448436763648109604e+01 1.042154859555174085e+02
6.961482588928444670e+01 5.958940567375201880e+01 1.066613196929021683e+02
7.062805647686840871e+01 7.062184219239102845e+01 1.017620402969363056e+02
5.654370585537802896e+01 8.746708607860962559e+01 1.008461002826611548e+02
6.460577249330306415e+01 8.692443818687192447e+01 1.044760489315486609e+02
7.361392675537975094e+01 6.634327831388854690e+01 1.037478182325292124e+02
6.790071430287611065e+01 7.442732455731835728e+01 1.021656115590737670e+02
6.016131714983458068e+01 8.800134567009139630e+01 1.027459822301101724e+02
6.261641567432516808e+01 8.822584991309774693e+01 1.051259765274210167e+02
5.929668187359732912e+01 8.143804776128899903e+01 1.060276885883645548e+02
6.842470347848410483e+01 6.105819005884424655e+01 1.080868104828834078e+02
6.108149653053764894e+01 8.040058202413710831e+01 1.035884075270070355e+02
7.170043640624058412e+01 6.514591847791365353e+01 1.074933300121820707e+02
5.800908269181255861e+01 8.238377884945415985e+01 1.053970227539444124e+02
6.213316721135761611e+01 8.322867536883836692e+01 1.041914909854912423e+02
6.444927654507662851e+01 8.602473535328171295e+01 1.051878719549696370e+02
7.266615253262526153e+01 6.498168400223244134e+01 1.087572105014323114e+02
6.035373003656609825e+01 8.430540876850099608e+01 1.074344588888511964e+02
5.974006252454196897e+01 8.577784844807678155e+01 1.061675851970405802e+02
7.320388443814009349e+01 6.319758231890665456e+01 1.098841887906872330e+02
6.137272144347168279e+01 8.704645449542647384e+01 1.086792264486671797e+02
6.269669465182045798e+01 8.622436131834463424e+01 1.082141063328402879e+02
7.101162705246461826e+01 6.256930003702468213e+01 1.100890439643914078e+02
7.374338104727635823e+01 6.419358006144274498e+01 1.108526095687500259e+02
7.247689262084561790e+01 6.384464669753107557e+01 1.129623094819709763e+02
7.279166757112069774e+01 6.276810636598138160e+01 1.112734842153052455e+02
7.377763656368810530e+01 6.470391939794399150e+01 1.133330115724957636e+02
7.398324214009726063e+01 6.342444050971016622e+01 1.138627378706397337e+02
