0.5821391050526081 0.7801357674472396 -3.931361065585108
0.6034280826211553 0.6440355878840585 -3.984932523807352
0.8644485453245832 0.9001008203033667 -4.79723897296892
0.7608422882798145 0.9987067194741748 -4.950372777960535
0.5900657614283347 0.7646165499638755 -4.9381008877076376
0.7463246257169409 0.7010648203944978 -5.481496161199324
0.5819305767265597 0.1410826616092659 -6.936877435937014
0.9272268984307814 0.850103886474658 -5.909708306233821
0.8689122281309203 0.9660483036380452 -5.716352059204745
0.5121102949497089 0.6328213345897709 -5.795727008596924
0.5963327048188365 0.5408912827067045 -6.851602211397335
0.6503732267229658 0.7901482666627437 -5.650192133365295
0.744255948001129 0.4864722769754053 -7.031710912621396
0.2735130156746432 0.0594633698494071 -6.805560324044187
0.6396314720003851 0.3827062607372848 -6.240375362671205
-0.0571170018075779 -0.7095575465862414 -6.231357211716979
0.0476709855396801 -0.6626697616946782 -6.844870967621922
0.3490238621723591 0.1920123143572869 -6.0092537600775096
0.5847736680176663 0.4621478254137763 -7.34471290472527
0.4864639307712401 0.0246834209320727 -8.349087514342614
0.4303723628299654 -0.1003000950454726 -8.014642251891445
0.0809711763405687 -0.3324040775877339 -6.190842469651472
-0.3595152863018818 -1.310049448093512 -7.523503293027595
-0.1709633364621279 -0.8457778118622699 -6.879168064064473
-0.3978064841102213 -1.2418133981591613 -7.548392034583845
-0.2142441285517051 -1.028140823267396 -6.570457093419599
-1.2658820131947517 -2.575828459609628 -7.704285985651435
-1.4769086563657563 -2.897661657669845 -7.469119006491702
-0.0985428204809899 -0.8620152776060763 -5.7180598479751765
-0.7067133639896266 -1.879266416079908 -6.5544614691610334
-0.2753557810710667 -1.2880232551977748 -5.8599588028304055
-1.7958640822725496 -3.30587958071566 -7.660523754692214
-0.7367338096248925 -1.812847140495496 -6.726532435943817
-0.0733534307662129 -0.9623869280806724 -5.452846515234157
-0.250781145287581 -1.1326277285189708 -5.9558590565976175
-0.3344937918245279 -1.2916790464816046 -6.060317639932897
0.0883398010946763 -0.8243441801987572 -5.290655659782047
-0.7344942858183501 -1.8248315944793363 -6.659289650094536
0.0946628652727064 -0.9084617390871408 -5.318477371688353
0.2559694344126342 -0.7241534907472342 -4.979175621173614
-0.5864091229794717 -1.596329028780131 -6.525884241192173
-0.0262350014333101 -0.8060865229676448 -5.725375298651155
0.1659316147690788 -0.6547043407109143 -5.236649255252104
0.7422775999285118 -0.1999641766174136 -4.408274629393439
0.5219781721870298 -0.2062076484458579 -5.1727867197548605
0.4573210805048369 -0.203811318050791 -5.805663890396311
0.6909614756961222 -0.1603387313860764 -4.535240463286595
0.3322401435150937 -0.1322057522089466 -6.0586124478459205
0.0498061509724472 -0.379417557060929 -2.803922060857744
0.2322058153669743 -0.5595326401298681 -3.918874161221467
0.1112117917090564 -0.3567283148264337 -3.3515889512124275
0.370689385821354 -0.1667679106055803 -5.34022479263465
0.0879137537103389 -0.5801239003791583 -3.0238574969187724
0.0423390680001869 -0.4861693539345619 -3.131930998312548
-0.031939158671971 -0.5499596608005746 -2.9014192068756373
0.7778511021675278 -0.09987653449366 -4.502434190955505
0.6196884954158133 0.5818018877108244 -5.755001690362775
0.2462577364024394 -0.2294225854101821 -3.72764397917701
0.9844986652101788 0.3355402850126587 -4.357619006689312
0.6999926365801681 0.5631139315116389 -4.9822228301852185
0.2011804592324662 -0.3012028657775367 -3.1043061124226767
0.2894542719529909 -0.1916638780290647 -3.9845120742942575
0.8020877340719608 0.5006813753003669 -4.842737839768216
0.0135688922178314 -0.3875858862446595 -2.3525908232961967
-0.0365695736012785 -0.4203041155977125 -2.751064219945817
0.3372449450506849 1.204272737763354 -6.047430052257322
1.116001421219801 0.1249557834410275 -3.674885227276256
0.1429138323442327 -0.148039486516744 -2.1905005063232963
1.2903191469132196 -0.0468377823168815 -3.3235039059213705
0.4602171896107077 0.3545092339255635 -4.368718894642129
0.4812479415838897 0.1552749996940967 -3.9644511714722057
2.2426903090015635 3.228836464251012 -6.533641527757311
1.886646062865992 3.025320849836831 -5.847261291541592
2.148626962623153 3.428633944942316 -6.86103597344529
2.132522256973921 3.077928328117828 -6.057741850095468
0.4403474663141793 0.1297642419515359 -2.665209152992894
1.770044201541456 2.521465804633756 -4.845434841198497
0.5511777262978015 0.6311729949942659 -5.116637726836821
0.4489450423925056 0.4022867171895239 -3.2603453835916696
1.8780893957247555 2.40559472676207 -4.623946855841673
1.4176795842817906 0.1287440885856217 -3.368923730288905
1.913218780167938 2.522696656714583 -4.672667313835859
1.105743669236066 0.6521471630944191 -3.814232077274241
0.3696717766502679 1.3471394928860845 -5.509049176150228
0.6857963418009287 0.5037427414924682 -4.056690589551486
0.7853619747464258 0.6662211809713909 -4.483343507137867
1.4019621003380769 -0.0616661181720115 -3.06689159646826
0.4926297656849616 0.9499220711832628 -4.316164729181196
0.267894462253567 0.0151846166546878 -1.9809365264017416
0.3434565146244672 0.2906252529852562 -2.2040160115819347
0.726948900759254 0.3553075684950819 -3.00395914009556
1.7759223355415903 2.450057357997636 -4.274311560762712
1.8999096484254885 2.5791622172566004 -4.611561310913878
1.4213524182028774 0.1972116679311426 -3.260285037826044
1.3279906422344538 0.6057161309002019 -2.6405497390628554
0.6109546890385822 0.965967859534496 -3.886472846210566
0.4606349431103815 0.4126231024437565 -1.891198718356208
1.5882514475378908 -0.0411537309801133 -2.9304247978931386
0.6888789879344568 0.4563360862600714 -2.0477899925051304
1.7863894794627306 1.9987589505380343 -3.612861226086423
1.789721945737556 2.191458428423978 -3.7733182881339857
1.8798509990481804 -0.3159522066845337 -2.440230269335373
0.8496132165367367 0.7872343309574603 -3.072894597527778
0.7080151559306973 0.7849170507657774 -1.944213665103696
1.7684591934878195 1.8019492200056837 -3.4028733496622934
1.259341500595264 0.5771600363667382 -3.2697170200625507
0.6633221482540534 0.7977723308253779 -3.100887241847793
1.763535083428657 2.08097730305928 -3.299860659047241
1.6307458904003358 0.3661160485366252 -2.5617197607916182
1.9547997346100647 -0.0729400745111803 -1.9604417685583824
1.4190085874570109 0.5411087235940926 -2.8095165384620917
1.171412140895674 0.7216917469299471 -1.699944275011397
1.7463293138895215 1.959473429602328 -3.3763989882153997
1.7077998002850912 1.9062605879678556 -2.961177435573425
0.6496578842099119 0.5252722357075221 -1.674699614518957
1.7354035722817898 1.6282596194041297 -2.654490585289828
1.891969626240547 0.9961545568051982 -2.409956622366685
0.6993234625073796 0.6560341285218261 -1.456267106893769
2.214726838482859 -0.5794330449299281 -1.7055603963650725
1.804414133658387 0.1100155834127534 -2.4153356922871936
0.9996155397807148 0.6099365208836591 -2.332675026958917
1.8048208273240576 1.1057948152297534 -2.61712361277192
1.7677057490194947 1.7480333205458596 -2.758726405590018
0.5782949177400987 0.4680183254814771 -2.0597748148658326
1.656326465497262 0.9216325338633968 -2.467495484199354
1.6510370886933536 1.7565226384193249 -2.4248124768226944
1.673166239238716 1.8769528968129947 -2.438980763431239
1.149851372813842 0.4966336959467625 -0.7023254310903653
1.5252099248870294 0.4572604149153001 -1.08431358816987
1.8279025558617088 1.7346649838065815 -2.136374567073254
1.5756967637848618 1.4005629874400736 -2.320461744775073
1.5674094639021128 1.7410510952072258 -2.1133114936467834
1.9640989406593616 1.273181430988652 -2.2045690249496275
1.7180536782132467 1.5532264628024564 -2.033386616541115
1.8888056265721769 1.1775643216476634 -2.179019639706034
2.331020667428458 -0.8277232992748047 -1.6760006256337547
0.817569884517864 0.4737634124446828 -0.4844365938893276
1.9768901752862345 -0.098616902784796 -0.9160437565346128
2.2621869676433857 0.0586455351003447 -2.0126194151022148
2.627273486721471 -1.0293006508548164 -0.8571831998733117
1.639311697145212 1.6653534546167776 -2.0567010379196446
0.9920547989055812 0.821204004116824 -1.6968012450155427
1.5124400909520244 0.2796420859716146 -0.3098406156055802
1.1536538275176245 1.6973602279184146 -1.4350736988060433
2.012499597954825 0.7753950079299319 -2.00604899411465
1.9941391140119773 0.6411620785392032 -1.98493543960803
0.9790902360644118 0.5144797497971574 -1.2853150815492
0.5557354450947329 0.5547346195296576 -0.7469877486525789
3.256432823411208 -1.8881731188249908 -0.9565902558382078
1.755321380122293 0.1390258305674905 -0.5104195479532976
1.393920982729508 1.622199836375577 -1.4293629974641249
2.4829133546532844 -0.7382368019295367 0.2625773718173505
1.7631753084237278 1.5524793265157424 -1.7179458363019222
0.5584827142730262 0.320343330348976 0.1157051356024965
1.803643791962408 1.324491308515201 -2.15864571545086
2.207451243679124 -0.6050218310559448 -1.3177504763905787
2.8841809103835505 -1.2549922818519992 -1.4856761136837164
1.584461658684596 1.2274937997182445 -1.172924936501154
0.2644252323554319 0.5303008266566298 -0.1278016047254553
2.3472832551678504 -0.7943332908152971 1.021626593313094
1.829187110085579 0.3385968397275185 -2.0135161284374945
1.5367213953587466 -0.0843908570402529 0.6379894531029109
1.1386271647502753 1.442815611427621 -1.0981222542431368
0.9747014908638238 0.7178156905903599 -0.5720360788715482
3.1509133213326117 -1.6634400798698348 0.5490445250370612
1.8695168141771603 -0.248212493823086 0.7580607695985861
1.8295731069900365 1.0679402119340509 -1.8523173960732109
2.055574523976123 -0.7999884829625117 -1.128697595899432
0.8044587247931734 -0.1752244749066047 0.7641732226153479
1.846579119739728 1.3536636744191313 -1.5679047083285695
0.9361118081292544 0.1037996913422567 0.0754022823050206
1.358516768806016 0.6643727540667985 -0.6055086930398872
1.9285334941251104 -0.0906595253790332 -1.4970268042551351
1.7862444036213248 0.2847886898708722 -1.7305063223710633
1.762419423178928 1.3303346661906783 -1.278489865428682
0.2139554699199983 0.0778862050071804 0.4763254557418648
1.8195955307012743 0.9590821051389772 -1.3348102684506102
0.6155512479366774 0.0728154375747944 0.1980548976798317
1.4964766111905217 -0.5147733191201755 1.764906091636405
1.008342657405958 0.7273780528350837 -0.4055660216242813
3.065962812263436 -1.886284659641268 2.27674701015561
0.1896021096066604 -0.9062599640025316 1.7610351969674198
2.1090733866226667 -1.4208032236632473 -0.8595221626247209
0.1427518878698332 -1.048998510224104 2.8813433568813096
0.5983291392759291 0.359513762976194 -0.0198321163746371
2.7278785924073823 -2.371262923452539 1.1597334945733309
1.7037031039449992 0.99329471065192 -0.6121895687947898
3.107662798177687 -2.2025797303818706 -0.5780826734635909
-0.0824058201151984 -0.7899774138086713 1.0539261618628115
1.4651105773933573 0.5224521387577852 -0.3662073920256787
0.7530512251383534 -1.110619741041898 2.9606339381767555
3.4117919522486453 -2.137679599818497 1.6964852152258985
1.869130794083313 -1.464160879459433 3.0143807150186817
1.7116097793461584 -2.3727405953021883 0.5679471049948859
0.5833561813549721 -0.3187577288711196 0.6100933808313798
1.646665454197933 -0.7338959304241435 -0.8027600581625123
-0.1560600092299697 -1.4297642982678198 1.3594632656968528
-0.0766306783424841 -1.0524431148748317 1.2926707042516838
1.7168146467206569 0.6579124737594313 -0.6304800829053434
0.624821775752439 0.3674761167565847 -0.0375460503663376
0.0581018902888335 -0.8526884432527932 1.2173901028248435
1.6281646172066768 0.2413695751326408 -0.7516637484198156
0.726758141934841 0.4954390457192623 0.0518178187848192
0.1397509910851067 0.0910731865485452 0.3946144355269751
-0.2053544023932758 -1.5500929898825788 1.77377906933593
2.8630651857984386 -1.972468738555504 2.2136430797290174
2.4045791899985787 -2.0708035526274884 2.254772043613528
1.7912623737365028 0.4683081329268059 -0.0572687461231709
1.4615183666559943 -0.220492149789969 -0.5790198837674296
1.236881152047797 0.3332320855369239 -0.1953031367252791
-0.7230646260178446 -0.6903732655790549 1.4505873288357876
0.2254238367469572 0.0681878022133766 0.2323640983126011
1.153022665606576 -1.205231046823224 -0.4339518704112706
1.5126327773089123 -2.223220951223725 2.009150621590038
1.520885734987143 0.2203599708640986 -0.3288906477901534
-0.8056969977376767 -1.3527630647642948 2.885580115168146
1.232217685663333 -0.1978904512263781 -0.2704927977707569
1.0241732436530595 -1.0980607305364174 3.1063716302634603
1.87845564476468 -1.641873016746846 2.203408543510648
-0.7487114220494373 -0.390428448591793 1.0075093287293484
-0.5259383794180756 -0.9175122774968704 3.5071694983794046
1.5583419367167135 -1.7600053164664224 1.7063402012737114
1.7324040286383422 -1.398963315433008 2.1917531670222843
1.2862043654884872 -1.867670625095524 1.7406414413510305
0.6535021610116925 -2.282622158183917 0.0323313081816252
-0.2068107433899886 -2.3529570256436347 1.8552805431834611
-0.0828938610874026 -1.770609033139035 1.4947829631142897
0.3032320167255715 -1.6635719958785415 2.657313965280707
0.7507371288435198 0.2882070089874524 0.1320094007962211
0.4931896354363125 -2.0134274647155728 2.32090359405575
0.9163293604467544 -0.1257641927407942 -0.0325059194412631
0.2677372856916662 -0.7596410099439161 3.8078759888301903
-1.096433805999057 -1.8163024311860667 2.710268831414126
0.3687748371893118 -1.7354419142479731 -0.2060722622363044
0.7084866924003119 -0.7429546454147467 -0.0843067843165528
-0.1920654455403969 -1.5013095816977486 3.095513828624817
0.0905909388945289 -1.999984058026941 2.488103260739699
-0.5976932249851785 -0.8473057298943001 4.342470883353997
-0.5838312563309547 -2.415530501527451 2.1735981750792064
-1.123319924342475 -1.6198180599056613 1.9043165085880036
-0.0820389998661603 -1.1272031371321916 3.3312450919456325
-0.3947110718817583 -0.8833697812417753 4.125420492301281
-1.0981545463595488 -1.1698256690745463 4.585476716506996
-0.5807928882670943 -2.6423262053742462 2.101470228059142
-0.0967651344613251 -2.667277335315981 1.5123594188311031
-1.612821728616101 -1.200522104579278 1.6497960504292095
-1.1254227229904323 -0.7202113065797935 1.0771373420511663
-1.3027699010561395 -0.9673041675685284 4.832507466512816
-0.848622103336039 -0.9987920018367262 3.5778628038503726
0.2708569095725792 -2.192716241081012 2.1835960447847143
-0.9467838073797594 -1.360227265406051 1.6844718120557047
-0.9406655506865498 -1.221436355193715 1.7034035323129617
-0.913483893962484 -1.2318690037866098 1.905556182902892
0.1093115604654801 -0.3542530254548737 0.2498406164945379
-1.4638205791572396 -2.54983309872128 3.365126508998266
-1.426316908182125 -1.082991789910526 2.055373668015456
-1.0372825329910371 -1.1375501811854356 4.261966452850309
-1.2925281019813806 -1.4331792048081535 3.3805569399444337
-0.4503311360553983 -1.8598079518625763 2.992819585423291
-1.0435855566612169 -1.3576627881481471 1.8318313325201243
-0.9367211398953916 -1.465794728777345 1.9178761402547904
-1.104392128785422 -1.518078351453628 2.6070345551051943
-1.3588411292526157 -1.4013859461565126 3.5821699742753736
-0.9160775637362768 -1.0300828035128493 3.970369347664061
-0.9481290796832162 -2.4375912792886893 2.9456198315669013
-0.3043517444064569 -2.682122838884132 0.784071045684108
-1.368403496069595 -1.1666757222743698 2.838766083887293
-0.7152557661178935 -2.2164266629110188 2.1459826086619813
-1.3802808145676853 -1.037390028902907 2.669978368720379
-1.2132790186528697 -1.1258854411331498 2.0026172546612315
-0.185775839039282 -2.5378174476274555 0.1649329775486521
-1.6028056459850646 -1.8343063496642245 3.8089791587981097
-1.1257093326911836 -1.5914124163279748 2.7976169519201406
-1.591869634878245 -1.6739920997239306 4.122682789955732
-0.1918970421028589 -1.0131369357835958 0.2627445997968607
-0.9818655191517144 -1.6346332104454984 3.257722561190718
-1.5263208432265465 -1.6467356340417574 4.648344244273723
-0.990195066352495 -2.1895564684670656 2.2936762862047715
-0.8639761748421559 -2.141581887112837 3.121586427106557
-0.5528196908277287 -2.3649787156834137 0.2236906828484564
-1.214035550983633 -1.4199250434577095 0.9013745931502156
-0.5913033914712269 -1.939112002139419 2.82035648355572
-1.0177357042717308 -1.7791685185907902 3.121803314427126
-1.5006308072163923 -0.9692358581690126 2.6729096549959763
-1.7891399060558388 -1.1635178631256569 4.823950715295979
-1.315851466519664 -1.4854075087800371 3.1156580654186143
-0.8425796044081313 -2.21711293121011 2.294603261330842
-1.6434926933808622 -1.0774148434507822 3.3659612166579365
-2.3574262197374694 -0.3395947118227926 3.792504942190824
-0.4202636426910366 -2.3981761117110043 2.3614409858894163
-1.7093134008130804 -1.3124034741092585 5.159668000524654
-1.8168988759110185 -1.162587081050189 3.99172886575397
-1.8308871686802188 -0.9570404279322896 3.456050659776267
-1.618182243596566 -2.36826694411506 3.7598787747895344
-1.9147583101487025 -2.1124286542148383 5.363804972365436
-1.1398474770030838 -1.9495864330922248 3.1287727345762306
-1.285102094124321 -2.119253789710312 3.4023040823231057
-1.769485678576892 -2.63606154985721 1.2696481661145
-2.101600377241972 -0.5791235403017811 3.103956947444516
-0.9301410599930476 -2.806417605839254 1.9019879046405848
-2.108318586964769 -1.1285014827334905 4.440790559650388
-1.3055628654263014 -1.7253826629631597 3.260094419115653
-1.9020504991118248 -0.6211653980502536 2.671916356488154
-1.5008564617205913 -1.5234132938683942 4.270000958284292
-1.4253883234446771 -2.650336741359377 3.3050033333772437
-1.852629710649353 -2.071640117233001 2.009955213283994
-1.1839004091142318 -2.447784760234443 3.2198673029740448
-1.397469420543402 -1.863403203672345 2.274525565234491
-2.24662133191606 -0.256928206407224 3.03810211124123
-1.332490756209097 -2.755953379972329 1.205108587226256
-2.26600618833106 -1.366999865150305 5.4392281728755165
-0.9155779028969792 -2.196216430834582 2.525223897709303
-1.5495904468580155 -1.5901482958039637 3.514426046934318
-1.5467389615331015 -1.319662662554251 3.404560136891284
-1.7548488625188146 -2.2587365463818454 4.336624831535239
-1.892336708516229 -2.328996253823366 1.919163359388854
-1.3374643644815958 -2.7560415382851904 2.7648393996090377
-2.325704931936839 -2.252471196124445 5.930791114183123
-1.5362132497828878 -2.1345378835570568 3.6972653884618296
-1.852327692028032 -2.6997527513428103 2.1119196934304867
-1.5727309209833908 -1.997571847480604 4.6571267951469295
-1.6906772529278609 -2.216849254916827 5.186799258365092
-1.274881119893518 -2.4221769013496104 3.2339046144162253
-1.6103051554491363 -2.726853737968595 2.0679068199387487
-2.011733378845415 -0.80490578359308 3.9995981571112793
-1.916636815855904 -2.478428019363569 5.610159657433492
-2.5654496944733545 -1.9101847455651888 6.048638085434533
-1.848518076486382 -2.7286449701045523 4.23162762645633
-1.3155083183694831 -2.704041002196753 3.028013087182849
-2.658744167989044 -0.4649712373964441 4.0965430336521536
-2.484297342728283 -0.8726112213519244 4.445447532029888
-1.269977538803948 -1.8172140341218397 3.287594630324968
-1.2724020845807864 -2.169664053563533 2.822090794704621
-1.79914457981487 -2.471234405944415 5.252188687114355
-2.7057245902024505 -1.4105788235630303 5.600504344837212
-1.7796870502125677 -0.6444757766589717 4.181614105997468
-2.522856364940933 -1.600188544776099 5.79178745738006
-1.896403407647524 -2.6426150622048823 4.155341390094996
-1.4049150982512175 -1.8004276599156697 2.374154005423456
-2.6918026312865315 -0.0001649776638679 3.647829072447777
-1.4746552148119871 -1.3291871002128666 4.165349288888507
-1.2347929024876445 -1.79044719556304 3.4622750642349587
-1.6637819595299437 -2.023615586384375 4.005204495495818
-1.907986027794996 -2.6896025624331763 5.74201099150482
-1.812553082582408 -2.555839877511099 5.10102402039589
-2.0395212278436503 -2.5773127052774694 4.298645477920246
-1.6484101269383211 -2.698600208852204 3.3795016523861605
-1.4044281946701602 -1.8906992587985665 2.8425126547757387
-2.7399424714201537 -0.5530921234247526 4.65566060869245
-1.5410981045457088 -2.4374451245410853 3.5580403816979853
-2.200304495773061 -2.9451124428375053 5.722806334707215
-2.6454091868151157 -2.2731257516166803 6.664640341343088
-2.1964375527095577 -2.829568642719943 5.194622644287527
-1.772484564086719 -2.58003849281552 4.039563672087979
-2.147219405903355 -2.167070741132465 4.650246374436236
-2.685602459292312 -1.0974244961047823 5.618894049741925
-1.806842781186747 -2.461842900768408 5.022796528768431
-1.6958855936065351 -2.527563388246504 3.797244538974127
-2.3229475197618346 -0.2965525446259942 4.460337854217634
-1.591678637665458 -0.61283455973272 4.3288801925043074
-2.750160242688361 -1.7502252942480006 6.19819088922398
-2.5494693206673578 -3.115120149544765 7.509507007922522
-1.3963807388636074 -1.9603465713296109 3.125417722996467
-1.4300171172314275 -1.997121463817649 3.0981456916826744
-1.827254033909739 -2.5073797581069144 5.311859688712509
-1.8315655820765304 -1.467821808665688 4.544452507557253
-2.1732365799567592 -1.6229801941311823 4.986854286242341
-1.7801107199017512 0.0127324938539228 4.108884670927772
-1.5257576442145666 -2.397404899612264 3.095838450722148
-2.156703867164332 -2.4009891874977747 4.60009006416994
-1.8151869727032963 -2.3394732192850345 4.749531291501015
-1.891610870864696 -2.591038746394613 5.204686341811801
-2.114805285874702 -0.2188894645675674 4.496987350448045
-1.889208275669569 -2.5082012263075555 5.122048178922263
-2.0475220199774675 -2.8871173347313714 5.721530211906448
-1.8052308686273832 -0.8522660604653147 4.660281428770503
-1.6111803580879478 -0.2383736867237438 4.217071126870259
-1.5704100543736192 -2.278428457685408 3.1877150486056607
-2.086556871067934 -3.022234326203627 6.397355161983306
-2.5588735643679303 -0.1751140556334824 4.94539117069062
-2.692344664568102 -2.5927458100331613 7.700563337225411
-2.5492365725011705 -3.086814688661873 7.86728757545049
-2.839241100200514 -2.167649257487384 8.348855675784378
-1.806832390457412 -2.415529774365794 4.229518024832558
-2.7246671126163786 -0.3374856883516308 4.799665538413798
-1.8503220315533984 -2.371988550231056 4.637669476076134
-1.8527011266840496 -2.400737540364984 4.657976060047005
-2.718117939210124 -0.8909407535718774 5.8297442590264055
-1.5078217267153509 0.1397232700123467 3.496137520924691
-2.2977849463099584 -3.0924504998221245 6.724362312394966
-2.2873077772346804 -3.1291483973672527 6.401935578962778
-2.2195687282829137 0.2704421020147975 4.812577700361146
-1.5926221991409797 0.3434904831557333 3.703098979936733
-2.049977606380434 0.4033847579219731 5.050245655211562
-1.958431533900601 -2.551388338580633 4.516969074540448
-1.767605679879393 -2.400445260711175 4.461582386555136
-1.4114621326405228 -1.964632932477219 3.311202884814492
-2.342090509393815 -2.91533929441162 5.799397153611324
-1.8855041991656056 0.5915915611454992 3.973851951876277
-2.7945329631035225 -1.602072424413036 6.696310040262979
-2.77483110519967 -1.8375449859994413 7.103916270428691
-2.1496345459586568 -2.735979722592948 5.920045795815028
-2.169793272946748 -2.861444665750188 6.21434760118931
-2.010777861404467 -2.509229518427544 5.418281000845269
-2.357910300705349 -2.7370410090522608 5.730520599353717
-1.7172410357705132 -2.428008610415768 4.464133759354965
-2.734231260318193 -0.5826644026540357 5.54702513005536
-1.9449016885914483 -2.517622593498661 5.071429444506855
-1.377003018165368 -2.0049566301269284 3.4026769496228155
-2.552049530533388 -2.882416687327259 6.572146293408316
-2.082661705331489 -2.3494784134681077 4.880724890158177
-1.5133249272870142 -2.123840204664539 3.872978403917728
-2.357910719946238 1.2395451623922682 4.908157125588247
-1.9683209619912247 0.8649367416121336 4.49483362185989
-2.141827525337824 -2.2180384059536085 4.810865085869153
-2.6385444304386265 -3.0314176151532024 7.475118543925163
-2.5432773988874064 0.8702195332125342 5.599579784111121
-1.662327886111118 -2.3613132307995013 4.320779600817858
-2.262411148897286 -2.820079989158872 6.585848214289413
-2.140297860265404 -0.8104780385188128 5.332638412178866
-2.8351274772500847 -1.9853069979406417 8.175051205023848
-1.9406437783190675 -2.464906964382367 4.984695063810449
-2.7972907291828406 -1.7808127811220125 7.5124317357709955
-2.5658033739703185 0.4423664130626878 5.677573572601901
-2.281498908548823 0.9965279568687144 5.39136872727736
-2.800420301780415 -1.3712191872158623 6.857502268770944
-1.5960811960458177 -2.299212023950087 4.516266045162546
-2.689399220967033 -0.0864503235668756 5.798873095422245
-2.932282176721337 -2.389260484646352 9.172342316844734
-2.7580798156270543 -0.5058061897461705 6.020132938605123
-2.3372430252240424 -2.822799732866992 6.562003758373557
-1.6505915944437373 -2.33763418143441 5.015008186913256
-2.24334352890215 0.1013224417707778 5.684640351974572
-2.403287784854646 -3.019200185837171 7.324179982495835
-2.3741064992752268 -2.857675729380242 6.986068392520252
-2.383575358103423 1.3045479083569376 5.424548055157821
-2.2171899165590503 -2.527324243986889 6.257958773367385
-2.702176099511739 -2.35571298680677 8.607270483349353
-2.138946467352657 -2.665655542746181 5.868421464897324
-2.785981524276494 -0.1302161627173461 6.358694506530732
-2.0199887087579285 -0.3753760889718691 5.439170957828772
-1.8034749200953009 -2.386873849643999 5.066749710288597
-2.197247491123665 -1.070604659340276 5.391603319513322
-2.726705708835267 -2.685511902114662 8.553794251800575
-2.792009330877784 -2.377663526192423 8.851382796071533
-2.493096446268224 1.0529008014105976 5.5233593276387865
-2.486092448030925 1.3191158405170889 5.4044116507123405
-2.1929270859507106 -1.6855002904166394 5.165884964937042
-2.367765121487352 -2.9018320742609625 6.816853213767033
-2.758229882107079 -0.746888352093098 6.717520261642044
-2.3024162066068747 -2.0596819881186 5.826725953049397
-2.300873229267168 0.5085349406772011 5.748964458026094
-2.0696221562689274 -0.1827816445306869 5.550688492578274
-1.8542382600481044 -2.403526131042012 5.617085247756414
-1.9282997146921268 -2.309114888926839 5.113769013775681
-2.6698932461342686 0.5307441871803498 5.961890392008826
-2.7777725884315814 -0.3372100536293168 6.779417950323186
-2.4280421719440746 -2.691304308978136 6.765373547925591
-2.477470812219412 -2.907792045329696 7.2095874021239155
-2.919266851276241 0.4609850738119547 6.775454183114135
-1.6183902013213969 -2.40086229575555 5.410501572929931
-2.746922726236665 -2.4875876178679945 8.856716349466673
-2.647112599244963 -2.364827296891182 8.417956401831383
-2.694169854380247 -1.542892746428933 7.592123539239509
-2.717434759461515 -1.9979265703788496 7.898667612348966
-2.245991697122431 -2.199858056189072 6.401856657259522
-2.726429938560962 -2.188031588114677 8.31801565141432
-2.661623428459592 -1.1962051107796745 7.093086423214636
-2.37897312662009 -1.923955095361704 6.689851423084342
-2.642435956149159 -0.6950611726509077 6.756122643463378
-2.246197214478169 -0.7053680729244824 5.85639079019591
-2.06003050036367 -2.319740058162301 6.423245823923608
-2.432778901276082 1.0367321475417342 5.706949284961532
-2.027145054763361 -2.466848678581984 6.395982894487439
-2.3023431004645687 -2.3995053493587406 7.626832391064291
-2.5283473284889872 -2.406485897292903 8.450069387726394
-2.502627422057367 -2.1806098950113224 7.432763258362094
-2.565219010344625 0.7512810248986845 6.09318585395021
-1.9604811688063144 0.0247342073797316 5.68391178555256
-2.328875673819473 -2.42978534577942 7.636551142685462
-2.5162855140184157 -1.6310174226621097 7.053619676749541
-2.288122852606824 0.5385160802476427 6.022044241828922
-1.9782193354404587 0.4360778794063371 5.724472010819461
-2.877054698668296 0.472471589413999 7.105531300766906
-2.5206166509104246 -2.2863228806088767 8.51838244333262
-2.7517554225873493 -0.0896370920738345 6.924100886382028
-2.3552352856539542 -2.283456216910565 8.20381737790472
-2.9968339036464258 0.6841099651768161 7.058712512245187
-2.547367151435356 0.0594706569243079 6.651596881487329
-2.058619878263208 0.0517510393168674 5.92957117371963
-2.0775303287028617 -2.152517047572239 7.765671499967468
-2.5822860461975754 0.6642649696728746 6.83481136687854
-2.572097967401394 0.7566387312799119 6.666913810321823
-1.8744160379341184 -2.058307573671474 7.4487487272106705
-2.1015636822607373 0.7625113191569426 6.128529122007016
-2.0666186416365733 0.5206946313329102 6.1283671970981
-2.0891267317150657 -2.062940258385476 7.836625446325002
-1.689220881434581 -1.9284139571119407 7.145852976953151
-1.574140399173919 -1.6917607731720512 6.890967013709258
-1.7397960519261808 -1.9217053405615907 7.2342691274146205
-1.394947970003308 -1.6138296254935138 6.586589758530913
-1.3213690659574269 -1.6186350518132713 6.44991896194832
