0 1 2
2 3 0
1 0 4
4 5 1
4 0 3
5 2 1
2 6 7
2 7 8
3 2 8
4 3 9
4 10 5
11 9 3
2 5 12
6 2 12
9 13 4
8 7 14
10 4 13
10 12 5
11 3 8
14 15 8
7 16 14
9 11 17
6 16 7
12 10 18
12 18 19
6 12 20
18 10 13
11 8 17
17 21 9
6 20 22
13 9 21
20 12 19
16 6 22
18 13 23
17 8 15
20 19 24
15 14 25
15 21 17
24 26 20
19 18 24
24 18 23
16 25 14
16 22 27
28 13 21
28 23 13
22 20 26
25 16 29
15 25 30
22 26 31
24 23 32
27 22 31
32 26 24
28 21 33
21 15 33
29 16 27
30 25 29
32 23 34
34 23 28
33 15 30
29 27 35
27 31 35
34 28 36
32 37 26
37 31 26
29 35 38
28 33 39
40 31 37
32 34 41
30 29 38
34 42 41
36 28 39
33 38 39
38 33 30
42 34 36
37 32 41
40 37 41
35 31 40
36 39 43
41 44 45
44 41 42
42 36 46
40 47 35
44 42 46
48 49 50
40 41 45
43 46 36
51 38 35
38 43 39
49 48 52
35 47 51
47 40 45
48 50 53
53 54 48
48 54 52
55 43 38
47 45 56
55 38 51
53 50 57
55 51 58
51 59 58
56 45 44
52 60 49
61 50 49
44 62 56
52 54 63
54 53 64
64 53 57
65 47 56
65 51 47
46 43 66
59 51 65
57 50 61
60 52 67
61 49 60
43 55 68
44 66 62
63 54 64
57 61 69
57 69 70
71 72 73
67 52 63
72 71 74
66 43 68
66 44 46
75 64 57
57 70 75
69 61 60
68 55 58
72 76 73
65 56 77
69 60 78
71 73 79
68 58 80
74 71 81
70 69 77
73 76 79
59 82 58
59 65 83
77 84 70
77 56 85
68 86 66
77 69 87
63 64 88
65 77 87
85 56 62
78 60 89
65 87 83
82 59 83
90 70 84
72 74 91
75 70 90
84 77 85
81 71 79
67 63 88
75 88 64
92 74 81
74 92 91
89 60 67
66 86 93
66 93 62
90 84 94
83 87 95
67 88 96
93 86 97
85 62 93
88 75 98
86 68 80
82 80 58
87 69 78
76 72 91
90 98 75
89 67 96
79 99 81
92 81 100
88 98 96
97 86 80
97 80 101
87 78 102
103 78 89
79 76 104
89 96 103
82 105 80
83 95 106
83 106 82
100 81 99
102 78 103
100 107 92
91 92 107
99 79 104
84 85 108
94 84 108
95 87 102
85 93 109
80 110 101
106 105 82
105 110 80
96 98 111
104 76 91
112 91 107
113 100 99
108 85 109
98 90 111
95 102 114
104 91 112
100 113 107
103 96 111
94 111 90
113 99 115
99 104 116
102 103 117
101 118 97
93 97 118
106 110 105
101 110 119
110 106 120
121 104 112
112 107 122
115 99 116
106 95 123
104 121 116
119 110 124
113 115 125
126 107 113
124 110 120
109 93 118
126 113 125
103 111 127
94 128 111
122 107 129
130 131 132
121 112 122
132 124 130
120 106 123
115 133 125
116 134 115
135 101 119
136 95 114
130 124 120
126 129 107
114 102 117
117 103 127
108 109 137
119 124 138
135 139 118
125 140 126
134 133 115
140 125 133
128 94 108
130 141 131
111 128 127
118 101 135
123 95 136
141 120 123
141 130 120
127 128 142
128 108 137
138 124 132
133 131 143
133 132 131
133 134 132
144 132 134
134 145 144
134 116 145
141 123 146
117 127 147
135 119 138
109 118 139
131 141 143
140 133 143
135 148 139
142 128 149
117 147 114
137 149 128
150 140 143
132 144 138
109 139 151
126 152 129
136 114 153
129 154 122
122 154 121
144 155 138
138 156 135
157 152 140
114 147 158
126 140 152
149 137 159
137 109 151
150 157 140
116 121 160
127 142 161
135 156 148
153 114 158
150 143 162
116 160 145
143 141 163
138 155 156
139 164 151
141 146 163
142 165 161
162 143 163
137 151 159
160 154 166
154 160 121
167 144 145
127 168 147
155 144 167
164 139 148
152 169 129
168 127 161
146 123 136
146 136 170
149 159 165
154 129 166
150 162 171
145 172 167
166 173 160
152 157 174
165 142 149
158 147 175
174 169 152
169 166 129
175 147 168
172 160 173
172 145 160
166 169 176
157 150 171
176 173 166
163 146 177
165 178 161
162 163 179
151 180 159
168 161 181
169 174 176
156 155 182
164 180 151
155 167 182
161 178 183
163 184 179
165 159 178
164 148 185
176 172 173
186 174 157
148 156 187
177 146 170
175 188 158
153 170 136
163 177 184
185 148 187
179 171 162
156 182 187
186 157 189
190 159 180
180 191 192
191 180 164
187 182 193
178 159 190
194 177 170
186 176 174
172 195 167
188 153 158
153 188 196
168 197 175
176 186 198
176 195 172
183 181 161
179 184 199
189 157 171
170 153 200
195 176 201
185 191 164
201 176 198
185 187 193
179 199 202
182 167 195
184 177 203
200 194 170
168 181 204
197 168 204
190 180 192
205 191 206
206 191 185
198 186 207
192 191 205
201 208 195
189 171 209
171 179 202
175 197 188
200 153 196
210 194 200
184 211 199
182 195 212
206 185 213
207 186 189
203 177 194
209 171 202
209 214 189
195 208 212
208 201 214
181 215 204
208 214 216
217 192 205
206 218 205
194 210 219
181 183 220
221 222 218
223 221 218
224 193 182
218 222 217
211 184 203
214 201 198
214 198 207
197 225 226
219 203 194
190 183 178
217 205 218
227 222 221
202 199 211
209 202 228
216 214 209
223 227 221
214 207 189
196 188 226
218 229 223
209 228 230
192 231 190
204 215 232
209 230 216
215 181 220
218 206 229
226 188 197
213 185 193
219 211 203
204 225 197
231 192 217
212 208 216
212 216 233
216 230 234
222 227 235
227 223 236
183 190 237
224 182 212
204 232 238
200 196 239
200 239 210
211 228 202
240 217 222
213 229 206
231 217 241
220 183 242
225 204 238
235 240 222
234 233 216
237 190 231
236 223 229
243 213 244
219 210 245
219 245 246
241 247 231
215 220 248
240 241 217
244 213 193
229 213 249
250 251 252
228 211 253
228 253 230
238 232 254
253 234 230
251 250 255
196 226 239
210 239 245
248 220 256
242 183 237
248 232 215
248 257 232
237 231 247
236 258 227
250 259 255
250 260 259
260 250 261
233 224 212
253 219 246
253 211 219
240 235 262
241 240 263
235 227 258
229 249 264
224 265 193
250 252 266
250 266 261
242 256 220
249 213 243
240 262 263
226 225 267
252 251 268
251 255 269
224 233 270
257 271 254
259 261 272
273 257 248
261 259 260
274 234 253
235 275 262
248 276 273
277 226 267
252 268 266
246 274 253
278 258 236
279 233 274
233 234 274
246 280 274
275 235 281
275 281 282
235 258 281
268 251 269
268 269 283
239 226 277
265 224 270
275 282 272
275 261 262
263 284 241
261 275 272
232 257 254
247 241 284
272 285 259
267 225 286
255 287 288
287 255 259
249 289 264
244 193 265
270 233 279
237 247 290
285 287 259
263 262 291
292 268 283
238 286 225
262 261 266
262 266 291
254 271 293
248 256 276
282 285 272
256 242 294
295 282 281
281 258 296
281 296 295
280 297 274
278 296 258
264 236 229
283 269 298
244 265 299
291 300 263
282 301 285
289 249 243
302 269 255
282 295 301
273 276 303
286 238 254
286 254 304
271 257 273
246 245 305
280 246 305
284 263 300
242 237 290
274 297 279
265 270 279
291 266 268
278 236 306
243 244 299
307 239 277
302 298 269
255 288 308
265 279 309
247 310 290
291 268 292
310 247 284
264 306 236
279 297 309
267 286 311
239 307 245
302 255 308
310 284 300
276 256 294
301 295 312
254 293 304
277 267 311
265 309 299
301 313 285
287 285 313
271 314 293
297 280 315
280 305 315
304 311 286
299 316 243
305 245 307
292 300 291
313 301 312
290 317 242
295 296 318
309 297 319
273 303 320
303 276 321
317 294 242
311 304 322
319 323 309
320 303 321
287 313 324
298 292 283
309 323 299
321 276 325
308 298 302
310 326 290
312 295 318
314 271 273
304 293 327
289 243 328
319 297 315
290 326 317
298 329 330
292 298 330
300 292 330
312 318 331
325 276 294
264 289 328
332 277 311
333 320 321
300 334 310
335 313 312
336 310 334
322 304 327
296 278 306
328 243 316
328 337 264
332 307 277
338 307 332
305 307 338
300 330 334
298 308 339
335 324 313
312 331 340
340 331 341
341 331 342
322 332 311
321 343 333
321 325 343
320 314 273
314 320 344
296 306 345
346 299 323
315 305 347
328 316 337
305 338 347
320 333 344
330 329 348
316 299 346
324 288 287
340 335 312
322 349 332
344 350 314
326 310 336
326 351 317
352 293 314
327 293 352
306 264 345
342 331 318
353 322 327
318 296 345
318 354 342
334 330 355
344 333 356
357 346 323
288 324 358
335 340 359
336 360 326
339 308 288
345 354 318
325 294 361
347 362 315
332 349 363
364 356 333
364 333 343
354 365 342
354 366 365
335 358 324
352 353 327
353 349 322
359 367 335
340 341 365
360 336 334
319 368 323
363 338 332
365 341 342
337 316 346
337 369 345
356 370 371
356 371 344
329 298 339
335 367 372
357 323 368
345 264 337
370 356 364
370 364 373
319 315 362
348 355 330
344 371 374
344 374 350
358 335 372
340 365 375
367 359 376
377 368 319
347 338 363
364 343 378
339 288 358
339 358 379
360 334 355
380 294 317
359 340 375
354 345 369
319 362 377
343 325 378
325 381 378
351 326 360
360 382 351
349 353 383
329 384 348
325 361 381
375 376 359
379 384 339
385 370 373
385 373 386
387 355 348
370 385 371
384 329 339
376 388 367
374 389 390
367 388 391
388 376 392
376 375 393
353 352 394
372 367 391
337 346 395
347 363 396
397 314 350
352 314 397
398 388 392
360 355 399
382 360 400
386 373 401
350 374 390
389 374 402
369 366 354
391 388 398
361 294 380
362 347 396
383 363 349
374 371 402
371 385 403
373 364 401
346 357 395
352 397 404
357 368 405
406 348 384
385 386 407
372 379 358
387 348 406
377 362 408
371 403 402
397 350 409
351 380 317
407 386 401
394 383 353
407 403 385
337 410 369
396 363 383
396 383 411
392 412 398
393 392 376
393 413 392
400 360 399
404 397 409
362 396 408
366 369 414
399 355 387
390 415 350
352 404 394
391 398 416
390 389 381
377 417 368
409 350 415
364 378 418
380 351 382
365 419 375
408 396 411
417 377 408
410 414 369
416 398 412
405 368 417
382 400 420
421 394 404
415 390 381
383 394 421
401 364 418
400 399 422
372 391 423
413 393 424
387 425 399
411 426 408
384 379 427
419 365 366
380 382 428
412 392 413
410 337 395
411 383 421
417 408 426
406 384 429
418 430 401
431 426 411
393 375 432
433 418 378
434 402 403
413 424 435
423 379 372
404 409 436
415 437 409
417 426 405
387 406 429
403 407 438
403 438 434
429 384 439
427 439 384
375 419 432
361 380 428
419 366 440
434 389 402
422 399 425
425 387 429
407 401 438
381 433 378
389 434 433
389 433 381
395 357 441
366 414 442
381 443 415
415 443 444
421 431 411
416 412 445
357 405 441
437 415 444
446 445 412
442 414 447
361 443 381
438 401 448
421 404 436
413 446 412
425 429 449
401 430 448
440 366 442
420 400 422
414 450 447
393 432 451
452 419 440
441 405 453
454 410 395
454 450 410
379 423 455
449 429 456
410 450 414
457 418 433
448 434 438
441 454 395
416 423 391
446 413 435
430 418 457
456 429 439
433 434 458
448 458 434
439 427 459
460 405 426
455 427 379
361 461 443
382 462 428
421 436 431
422 425 463
422 463 464
454 465 450
424 393 451
422 464 420
419 452 432
461 361 428
453 405 460
448 430 458
382 466 462
449 467 425
420 466 382
454 441 453
423 416 455
458 457 433
466 420 464
450 468 469
468 450 465
470 442 447
445 446 435
460 426 431
425 467 463
454 453 471
447 450 469
451 472 424
436 460 431
430 457 458
473 471 453
474 409 437
474 436 409
473 453 460
444 443 475
465 476 464
473 460 436
465 454 471
468 465 464
445 424 472
445 472 416
424 445 435
416 477 455
459 427 455
440 442 478
465 471 476
447 469 470
474 479 436
464 480 468
432 481 451
452 440 482
452 482 481
449 469 467
471 473 476
480 469 468
477 416 472
464 463 480
451 477 472
449 456 469
476 473 462
443 461 475
459 455 477
456 439 483
466 464 476
479 473 436
477 451 481
484 461 428
481 432 452
478 442 470
480 463 467
467 469 480
476 462 466
479 462 473
456 485 469
456 483 485
428 486 484
459 477 487
440 478 482
469 485 488
459 483 439
470 469 488
462 486 428
470 488 489
486 479 490
479 486 462
475 461 484
488 485 491
481 492 477
437 475 493
437 493 474
444 475 437
478 470 489
487 477 492
483 459 487
481 494 492
490 479 474
495 489 488
481 482 494
495 488 491
491 485 483
475 496 493
491 487 492
496 475 484
483 487 491
486 496 484
478 489 495
490 474 493
490 493 497
478 494 482
491 492 494
496 486 490
496 490 498
494 478 495
494 495 491
497 493 499
499 493 496
498 490 500
500 490 497
496 498 499
497 499 501
500 497 501
501 499 498
501 498 500
