8.286693572998046875e+01 8.358617401123046875e+01 9.949836730957031250e+00
8.314878082275390625e+01 8.202127075195312500e+01 9.897851943969726562e+00
8.461587524414062500e+01 8.300672912597656250e+01 1.217688369750976562e+01
8.297319030761718750e+01 8.444632720947265625e+01 1.315462684631347656e+01
8.162828826904296875e+01 8.259429931640625000e+01 1.295780372619628906e+01
8.326779174804687500e+01 8.108790588378906250e+01 1.380532741546630859e+01
8.520403289794921875e+01 7.993875122070312500e+01 1.874246215820312500e+01
8.527414703369140625e+01 8.314546203613281250e+01 1.619572257995605469e+01
8.391409301757812500e+01 8.446626281738281250e+01 1.590257263183593750e+01
8.082431793212890625e+01 8.356891632080078125e+01 1.698801994323730469e+01
8.066107940673828125e+01 7.999549865722656250e+01 1.693729209899902344e+01
8.215372467041015625e+01 8.447496795654296875e+01 1.653021240234375000e+01
8.319583129882812500e+01 7.869785308837890625e+01 1.678716659545898438e+01
7.959229278564453125e+01 8.131515502929687500e+01 2.046426391601562500e+01
8.507535552978515625e+01 8.349883270263671875e+01 1.913279342651367188e+01
8.292993164062500000e+01 8.421315765380859375e+01 2.377412414550781250e+01
8.549879455566406250e+01 8.200003051757812500e+01 2.189275169372558594e+01
8.163282012939453125e+01 8.440244293212890625e+01 2.029579734802246094e+01
8.028859710693359375e+01 7.949256134033203125e+01 1.805689239501953125e+01
8.187294769287109375e+01 7.813985443115234375e+01 2.021051406860351562e+01
8.350576019287109375e+01 7.826783752441406250e+01 1.995651817321777344e+01
8.066743469238281250e+01 8.355585479736328125e+01 2.255887603759765625e+01
8.524238586425781250e+01 7.945941925048828125e+01 2.242880821228027344e+01
7.959048461914062500e+01 7.970188140869140625e+01 2.404808044433593750e+01
8.119149017333984375e+01 7.801660156250000000e+01 2.394882774353027344e+01
8.418074035644531250e+01 8.350964355468750000e+01 2.395079994201660156e+01
8.295802307128906250e+01 7.790717315673828125e+01 2.583285903930664062e+01
8.556726837158203125e+01 8.115974426269531250e+01 2.646823120117187500e+01
7.869680023193359375e+01 8.178957366943359375e+01 2.657964324951171875e+01
8.461494445800781250e+01 8.301879119873046875e+01 2.761972045898437500e+01
8.268703460693359375e+01 8.400070190429687500e+01 2.832816314697265625e+01
8.397999572753906250e+01 7.881443786621093750e+01 2.809105682373046875e+01
8.104328918457031250e+01 7.767319488525390625e+01 2.801109313964843750e+01
8.001821899414062500e+01 8.358630371093750000e+01 2.807388305664062500e+01
7.917134094238281250e+01 7.801526641845703125e+01 2.876427268981933594e+01
8.404099273681640625e+01 8.095316314697265625e+01 3.176945304870605469e+01
7.830768585205078125e+01 8.015867614746093750e+01 3.040864753723144531e+01
8.222096252441406250e+01 7.775532531738281250e+01 3.000122261047363281e+01
8.134956359863281250e+01 8.272775268554687500e+01 3.194277000427246094e+01
7.903047180175781250e+01 8.190624237060546875e+01 3.196847343444824219e+01
8.300669860839843750e+01 7.834497833251953125e+01 3.111892890930175781e+01
7.955721282958984375e+01 7.644306182861328125e+01 3.108504676818847656e+01
7.789115905761718750e+01 7.817510223388671875e+01 3.099847793579101562e+01
7.809780883789062500e+01 8.096989440917968750e+01 3.610696792602539062e+01
7.788471221923828125e+01 7.693474578857421875e+01 3.437222671508789062e+01
7.961361694335937500e+01 7.576741790771484375e+01 3.428941345214843750e+01
7.698616027832031250e+01 7.890992736816406250e+01 3.545840835571289062e+01
8.225788879394531250e+01 7.730080413818359375e+01 3.496676635742187500e+01
7.633305358886718750e+01 6.320580673217773438e+01 3.203203201293945312e+01
7.860631561279296875e+01 6.442456817626953125e+01 3.505296707153320312e+01
7.685613250732421875e+01 6.530046844482421875e+01 3.291019058227539062e+01
8.354618072509765625e+01 8.065962982177734375e+01 3.531233596801757812e+01
7.700370788574218750e+01 6.215188217163085938e+01 3.549593353271484375e+01
7.489164733886718750e+01 6.466069030761718750e+01 3.546031951904296875e+01
7.481084442138671875e+01 6.348311614990234375e+01 3.647901153564453125e+01
7.974134826660156250e+01 8.171052551269531250e+01 3.706332397460937500e+01
7.949010467529296875e+01 7.401754760742187500e+01 3.848121261596679688e+01
7.660245513916015625e+01 6.693701171875000000e+01 3.806990814208984375e+01
8.100505065917968750e+01 8.115593719482421875e+01 4.065172576904296875e+01
8.321354675292968750e+01 8.017750549316406250e+01 3.923611831665039062e+01
7.895600128173828125e+01 6.367963409423828125e+01 3.868647384643554688e+01
7.827440643310546875e+01 6.666754150390625000e+01 3.778253173828125000e+01
7.769170379638671875e+01 7.585813140869140625e+01 4.009496688842773438e+01
7.584477233886718750e+01 6.267180252075195312e+01 4.030863189697265625e+01
7.458522796630859375e+01 6.448411560058593750e+01 3.966144943237304688e+01
8.245933532714843750e+01 7.591169738769531250e+01 3.995845031738281250e+01
7.631939697265625000e+01 7.882408905029296875e+01 4.075938415527343750e+01
7.760281372070312500e+01 6.267893600463867188e+01 4.134071731567382812e+01
7.796127319335937500e+01 8.174357604980468750e+01 4.178197479248046875e+01
7.925905609130859375e+01 6.928854370117187500e+01 3.982835006713867188e+01
7.703559112548828125e+01 6.924281311035156250e+01 3.974923324584960938e+01
9.759026336669921875e+01 9.432730102539062500e+01 3.858084106445312500e+01
9.740010070800781250e+01 9.709114074707031250e+01 4.061139678955078125e+01
9.612892913818359375e+01 9.571550750732421875e+01 3.876269912719726562e+01
9.861782073974609375e+01 9.538512420654296875e+01 3.978519821166992188e+01
7.593724060058593750e+01 6.640861511230468750e+01 4.265528106689453125e+01
9.593735504150390625e+01 9.660186767578125000e+01 4.314312744140625000e+01
7.942179870605468750e+01 7.187424468994140625e+01 3.990816879272460938e+01
7.921820068359375000e+01 6.719092559814453125e+01 4.255827331542968750e+01
9.606008148193359375e+01 9.409619903564453125e+01 4.335264968872070312e+01
7.987098693847656250e+01 8.067050933837890625e+01 4.494150161743164062e+01
9.745213317871093750e+01 9.337059020996093750e+01 4.290898513793945312e+01
8.345133972167968750e+01 8.016204833984375000e+01 4.480450820922851562e+01
8.309732818603515625e+01 7.609394073486328125e+01 4.189594268798828125e+01
7.771683502197265625e+01 7.082983398437500000e+01 4.212376022338867188e+01
7.810904693603515625e+01 7.314436340332031250e+01 4.245228195190429688e+01
7.709075927734375000e+01 8.069423675537109375e+01 4.310699462890625000e+01
8.169992065429687500e+01 7.087760925292968750e+01 4.329464721679687500e+01
7.552558135986328125e+01 6.385063171386718750e+01 4.290133666992187500e+01
7.851930236816406250e+01 6.444727325439453125e+01 4.360895919799804688e+01
7.621089172363281250e+01 6.873925781250000000e+01 4.355971908569335938e+01
9.806844329833984375e+01 9.638865661621093750e+01 4.500908660888671875e+01
9.878645324707031250e+01 9.479880523681640625e+01 4.349755096435546875e+01
7.741172790527343750e+01 7.735496520996093750e+01 4.552256393432617188e+01
7.690231323242187500e+01 6.963855743408203125e+01 4.843105697631835938e+01
8.290686035156250000e+01 7.130546569824218750e+01 4.643027496337890625e+01
7.752477264404296875e+01 6.455242156982421875e+01 4.506985855102539062e+01
7.803583526611328125e+01 7.943373870849609375e+01 4.610292816162109375e+01
7.631671142578125000e+01 6.605459594726562500e+01 4.555511856079101562e+01
9.620310974121093750e+01 9.266907501220703125e+01 4.643365097045898438e+01
9.747959136962890625e+01 9.273252868652343750e+01 4.576599502563476562e+01
7.947216033935546875e+01 7.994387054443359375e+01 4.923712158203125000e+01
8.021170043945312500e+01 6.820866394042968750e+01 4.791511154174804688e+01
7.922382354736328125e+01 6.589140319824218750e+01 4.906541061401367188e+01
9.568000030517578125e+01 9.399973297119140625e+01 4.802238845825195312e+01
8.423891448974609375e+01 8.032225036621093750e+01 4.693457031250000000e+01
8.486508941650390625e+01 7.583478546142578125e+01 4.887358856201171875e+01
9.823910522460937500e+01 9.373751831054687500e+01 4.867574310302734375e+01
7.748429870605468750e+01 7.183132934570312500e+01 5.055926895141601562e+01
7.732672882080078125e+01 7.434384155273437500e+01 5.179150772094726562e+01
8.513072967529296875e+01 8.053850555419921875e+01 4.913001632690429688e+01
7.700807189941406250e+01 6.697428131103515625e+01 5.073501586914062500e+01
9.701713562011718750e+01 9.480522155761718750e+01 4.867856597900390625e+01
9.725164794921875000e+01 9.077677154541015625e+01 4.875573348999023438e+01
8.303369140625000000e+01 6.907628631591796875e+01 5.407955932617187500e+01
9.548368835449218750e+01 8.946294403076171875e+01 5.011572265625000000e+01
9.381704711914062500e+01 9.070896911621093750e+01 5.308229064941406250e+01
8.019152832031250000e+01 6.612802886962890625e+01 5.306897354125976562e+01
7.815206146240234375e+01 7.806873321533203125e+01 5.209686279296875000e+01
8.445710754394531250e+01 8.094252777099609375e+01 5.156663894653320312e+01
8.632551574707031250e+01 7.820738220214843750e+01 5.187955474853515625e+01
9.462419128417968750e+01 9.325515747070312500e+01 5.269000625610351562e+01
9.779598999023437500e+01 9.388143157958984375e+01 5.240690612792968750e+01
8.593199920654296875e+01 7.557714843750000000e+01 5.344764328002929688e+01
8.728838348388671875e+01 8.139620208740234375e+01 5.095791244506835938e+01
9.658712005615234375e+01 8.843317413330078125e+01 5.088091659545898438e+01
9.865719604492187500e+01 8.993813323974609375e+01 5.172768783569335938e+01
7.762187957763671875e+01 6.689414978027343750e+01 5.535568237304687500e+01
7.624007415771484375e+01 6.856739807128906250e+01 5.357685089111328125e+01
9.952210235595703125e+01 9.176229858398437500e+01 5.600449752807617188e+01
8.893562316894531250e+01 8.106175231933593750e+01 5.127529525756835938e+01
9.065553283691406250e+01 8.133406066894531250e+01 5.185963439941406250e+01
9.016705322265625000e+01 8.362960815429687500e+01 5.274532699584960938e+01
9.309016418457031250e+01 8.461483764648437500e+01 5.287229919433593750e+01
9.261327362060546875e+01 8.659022521972656250e+01 5.300501632690429688e+01
8.021744537353515625e+01 7.998831939697265625e+01 5.333833694458007812e+01
8.556787109375000000e+01 7.260977935791015625e+01 5.800568771362304688e+01
7.707843780517578125e+01 7.196541595458984375e+01 5.493927001953125000e+01
8.664376831054687500e+01 8.244260406494140625e+01 5.478063964843750000e+01
7.801911163330078125e+01 7.823995208740234375e+01 5.496544265747070312e+01
9.596242523193359375e+01 8.670677185058593750e+01 5.292646026611328125e+01
8.812667846679687500e+01 7.769087219238281250e+01 5.434949874877929688e+01
7.628974914550781250e+01 6.828775787353515625e+01 5.640963745117187500e+01
9.258054351806640625e+01 7.993057250976562500e+01 5.456444931030273438e+01
9.191998291015625000e+01 8.654992675781250000e+01 5.487457275390625000e+01
9.292307281494140625e+01 8.829295349121093750e+01 5.576652526855468750e+01
8.719155120849609375e+01 7.615709686279296875e+01 5.612155532836914062e+01
8.154160308837890625e+01 6.592668914794921875e+01 5.579976272583007812e+01
8.161689758300781250e+01 8.146966552734375000e+01 5.896088027954101562e+01
7.625966644287109375e+01 6.978436279296875000e+01 5.569789505004882812e+01
9.532176208496093750e+01 8.290564727783203125e+01 5.578606033325195312e+01
7.662517547607421875e+01 7.344125366210937500e+01 5.769469451904296875e+01
9.852296447753906250e+01 8.835791778564453125e+01 5.732527160644531250e+01
8.467357635498046875e+01 6.943519592285156250e+01 5.960306167602539062e+01
9.791902923583984375e+01 9.351646423339843750e+01 5.724363327026367188e+01
8.983630371093750000e+01 8.473908996582031250e+01 6.026451492309570312e+01
8.500023651123046875e+01 8.219326782226562500e+01 5.856695556640625000e+01
9.692250823974609375e+01 8.459883117675781250e+01 5.958256912231445312e+01
8.408087921142578125e+01 6.617489624023437500e+01 5.835616302490234375e+01
7.568814849853515625e+01 7.211513519287109375e+01 5.980819320678710938e+01
9.433740234375000000e+01 9.287265777587890625e+01 5.804699707031250000e+01
7.560324096679687500e+01 6.851249694824218750e+01 5.979519271850585938e+01
9.427748107910156250e+01 8.054787445068359375e+01 5.718373870849609375e+01
9.194700622558593750e+01 7.811544036865234375e+01 6.032892990112304688e+01
7.747537231445312500e+01 7.766246032714843750e+01 5.902605438232421875e+01
7.499356079101562500e+01 6.990682220458984375e+01 5.964666366577148438e+01
9.776525115966796875e+01 9.266195678710937500e+01 5.971319198608398438e+01
9.064255523681640625e+01 8.559625244140625000e+01 6.202399444580078125e+01
7.844099426269531250e+01 6.643528747558593750e+01 6.112849807739257812e+01
9.877404785156250000e+01 8.928401184082031250e+01 5.965008163452148438e+01
8.626131439208984375e+01 7.325865936279296875e+01 6.040890121459960938e+01
9.634970855712890625e+01 8.241898345947265625e+01 6.328561782836914062e+01
9.376409149169921875e+01 8.949749755859375000e+01 6.092649078369140625e+01
9.538744354248046875e+01 9.233937835693359375e+01 6.061005020141601562e+01
9.892517852783203125e+01 8.726948547363281250e+01 6.048496627807617188e+01
8.253855895996093750e+01 6.495471191406250000e+01 6.099045944213867188e+01
9.799573516845703125e+01 8.893967437744140625e+01 6.155706024169921875e+01
8.998532867431640625e+01 7.558766937255859375e+01 6.384759140014648438e+01
7.312119293212890625e+01 7.006166076660156250e+01 6.304634475708007812e+01
9.571817016601562500e+01 8.003722381591796875e+01 6.329294586181640625e+01
7.572448730468750000e+01 7.489873504638671875e+01 6.272192001342773438e+01
7.790265655517578125e+01 6.562950897216796875e+01 6.500514984130859375e+01
8.877484130859375000e+01 8.466478729248046875e+01 6.350554656982421875e+01
7.279676818847656250e+01 6.846879577636718750e+01 6.646822357177734375e+01
9.223385620117187500e+01 7.688796234130859375e+01 6.396012878417968750e+01
8.054393768310546875e+01 8.165061187744140625e+01 6.578944396972656250e+01
1.000626754760742188e+02 8.527189636230468750e+01 6.419780731201171875e+01
8.373954010009765625e+01 8.250721740722656250e+01 6.282376861572265625e+01
8.468994903564453125e+01 6.601345062255859375e+01 6.506742858886718750e+01
9.782664489746093750e+01 8.313278198242187500e+01 6.556858825683593750e+01
7.202442169189453125e+01 7.130456542968750000e+01 6.630701446533203125e+01
7.658206939697265625e+01 7.767510223388671875e+01 6.198582839965820312e+01
7.399626159667968750e+01 7.559696960449218750e+01 6.657259368896484375e+01
8.402460479736328125e+01 8.291064453125000000e+01 6.792482757568359375e+01
8.778393554687500000e+01 7.394114685058593750e+01 6.433106994628906250e+01
9.245359802246093750e+01 8.572277832031250000e+01 6.485687255859375000e+01
8.527077484130859375e+01 6.833489990234375000e+01 6.734258270263671875e+01
8.233041381835937500e+01 6.474293518066406250e+01 6.540011596679687500e+01
9.897801208496093750e+01 8.706087493896484375e+01 6.523965454101562500e+01
9.428240966796875000e+01 7.813745117187500000e+01 6.550311279296875000e+01
8.627968597412109375e+01 7.153633880615234375e+01 6.657064819335937500e+01
9.638350677490234375e+01 8.612467956542968750e+01 6.463155364990234375e+01
9.728934478759765625e+01 7.849369049072265625e+01 6.731771087646484375e+01
9.161450958251953125e+01 7.541294097900390625e+01 6.665248870849609375e+01
8.054326629638671875e+01 6.479770660400390625e+01 6.703639221191406250e+01
7.538570404052734375e+01 7.864366149902343750e+01 6.511914825439453125e+01
7.685932159423828125e+01 7.954026031494140625e+01 6.663320159912109375e+01
9.978699493408203125e+01 8.565550231933593750e+01 6.797924804687500000e+01
9.459921264648437500e+01 8.457918548583984375e+01 6.569341278076171875e+01
9.703006744384765625e+01 8.165400695800781250e+01 6.657187652587890625e+01
8.769810485839843750e+01 7.196906280517578125e+01 6.990451049804687500e+01
9.401133728027343750e+01 7.709967041015625000e+01 6.837450408935546875e+01
9.172692871093750000e+01 8.440509796142578125e+01 6.810314178466796875e+01
7.842049407958984375e+01 8.141454315185546875e+01 6.900350189208984375e+01
9.735308837890625000e+01 8.444494628906250000e+01 6.676127624511718750e+01
7.667293548583984375e+01 6.393344879150390625e+01 6.970070648193359375e+01
9.534902191162109375e+01 8.306047058105468750e+01 6.751553344726562500e+01
7.099726867675781250e+01 7.642586517333984375e+01 6.811096191406250000e+01
7.319071960449218750e+01 7.982635498046875000e+01 6.704529571533203125e+01
9.008686065673828125e+01 7.389289093017578125e+01 7.053897857666015625e+01
7.368717956542968750e+01 6.634899139404296875e+01 6.891774749755859375e+01
7.070214080810546875e+01 8.132969665527343750e+01 6.557234191894531250e+01
7.024897003173828125e+01 7.887775421142578125e+01 6.565422058105468750e+01
7.124055480957031250e+01 8.202631378173828125e+01 6.669313812255859375e+01
8.733035278320312500e+01 8.357752227783203125e+01 7.070668792724609375e+01
8.378591918945312500e+01 6.397576522827148438e+01 7.046501159667968750e+01
8.587676239013671875e+01 6.504001617431640625e+01 6.970983123779296875e+01
6.843424224853515625e+01 8.085579681396484375e+01 6.950284576416015625e+01
9.736776733398437500e+01 7.874770355224609375e+01 6.885124206542968750e+01
7.405862426757812500e+01 8.215437316894531250e+01 7.064378356933593750e+01
9.559597015380859375e+01 8.086758422851562500e+01 6.863594818115234375e+01
7.054084777832031250e+01 7.318190765380859375e+01 6.953366088867187500e+01
7.851828002929687500e+01 6.319029235839843750e+01 7.129684448242187500e+01
9.077838134765625000e+01 8.281764984130859375e+01 7.154419708251953125e+01
9.404845428466796875e+01 8.183937072753906250e+01 7.030210876464843750e+01
6.658142852783203125e+01 7.936811065673828125e+01 7.059665679931640625e+01
7.082593536376953125e+01 8.287728118896484375e+01 7.102098846435546875e+01
7.100588226318359375e+01 6.968818664550781250e+01 7.156635284423828125e+01
8.214292907714843750e+01 6.355365753173828125e+01 7.126943206787109375e+01
8.717961883544921875e+01 6.888956451416015625e+01 7.373032379150390625e+01
6.667212677001953125e+01 7.692693328857421875e+01 7.022600555419921875e+01
6.918133544921875000e+01 7.454096984863281250e+01 7.161764526367187500e+01
7.172729492187500000e+01 6.768516540527343750e+01 7.337619018554687500e+01
7.916390991210937500e+01 8.258358001708984375e+01 7.539881896972656250e+01
8.135746765136718750e+01 8.264800262451171875e+01 7.365272521972656250e+01
8.831101226806640625e+01 7.237767028808593750e+01 7.347959899902343750e+01
9.017996978759765625e+01 7.440695190429687500e+01 7.241174316406250000e+01
6.889061737060546875e+01 7.141336059570312500e+01 7.423639678955078125e+01
7.409618377685546875e+01 6.363964843750000000e+01 7.060949707031250000e+01
7.544324493408203125e+01 8.282331848144531250e+01 7.168566131591796875e+01
5.746817016601562500e+01 7.525614929199218750e+01 6.989705657958984375e+01
5.615543365478515625e+01 7.370684051513671875e+01 7.067420196533203125e+01
5.760107421875000000e+01 7.401214599609375000e+01 7.077125549316406250e+01
9.403519439697265625e+01 7.799435424804687500e+01 7.076763916015625000e+01
8.052033233642578125e+01 6.272513198852539062e+01 7.588740539550781250e+01
5.539399337768554688e+01 7.831526947021484375e+01 7.301346588134765625e+01
7.253282165527343750e+01 6.462477111816406250e+01 7.276490020751953125e+01
7.635905456542968750e+01 6.181177139282226562e+01 7.267494201660156250e+01
6.708703613281250000e+01 8.200119018554687500e+01 7.197570800781250000e+01
5.638325119018554688e+01 7.910700988769531250e+01 7.066340637207031250e+01
5.751831054687500000e+01 7.888423919677734375e+01 7.025919342041015625e+01
5.975726318359375000e+01 7.879522705078125000e+01 7.204603576660156250e+01
6.281725692749023438e+01 7.746071624755859375e+01 7.372486114501953125e+01
6.570383453369140625e+01 7.508073425292968750e+01 7.262300872802734375e+01
7.343331146240234375e+01 8.347531127929687500e+01 7.617411804199218750e+01
8.508800506591796875e+01 8.244402313232421875e+01 7.432950592041015625e+01
5.938977050781250000e+01 7.504924774169921875e+01 7.362062835693359375e+01
8.525685882568359375e+01 6.335236358642578125e+01 7.409458160400390625e+01
5.795761108398437500e+01 7.364460754394531250e+01 7.431703948974609375e+01
5.591252899169921875e+01 7.373661804199218750e+01 7.272774505615234375e+01
8.746025848388671875e+01 8.271473693847656250e+01 7.390477752685546875e+01
7.709512329101562500e+01 6.150744628906250000e+01 7.593617248535156250e+01
5.989078903198242188e+01 8.045555877685546875e+01 7.277420043945312500e+01
7.520199584960937500e+01 6.002614974975585938e+01 7.650556182861328125e+01
9.238139343261718750e+01 7.878694152832031250e+01 7.241940307617187500e+01
6.349987792968750000e+01 7.987896728515625000e+01 7.274227142333984375e+01
7.284297943115234375e+01 6.184392547607421875e+01 7.619704437255859375e+01
8.613413238525390625e+01 6.545507049560546875e+01 7.564010620117187500e+01
6.829137420654296875e+01 8.382736206054687500e+01 7.451491546630859375e+01
8.872232055664062500e+01 8.098129272460937500e+01 7.456269836425781250e+01
8.993937683105468750e+01 7.630082702636718750e+01 7.395637512207031250e+01
6.511196136474609375e+01 8.375205993652343750e+01 7.259226226806640625e+01
6.311384201049804688e+01 8.225000000000000000e+01 7.357795715332031250e+01
5.717399215698242188e+01 7.365396881103515625e+01 7.514748382568359375e+01
6.630952453613281250e+01 7.363696289062500000e+01 7.497853088378906250e+01
5.974396514892578125e+01 8.130204772949218750e+01 7.440869903564453125e+01
8.423363494873046875e+01 6.194768905639648438e+01 7.450894927978515625e+01
5.815227890014648438e+01 8.104232788085937500e+01 7.634463500976562500e+01
5.727683258056640625e+01 8.097009277343750000e+01 8.075135040283203125e+01
7.582910919189453125e+01 8.329114532470703125e+01 7.434262847900390625e+01
6.960727691650390625e+01 6.981211853027343750e+01 7.586425018310546875e+01
6.204132461547851562e+01 7.482708740234375000e+01 7.568366241455078125e+01
5.926358795166015625e+01 7.415425109863281250e+01 7.669425201416015625e+01
7.907260894775390625e+01 6.241186904907226562e+01 7.693204498291015625e+01
7.230740356445312500e+01 6.432769012451171875e+01 7.897903442382812500e+01
6.472812652587890625e+01 8.535364532470703125e+01 7.594097900390625000e+01
6.631473541259765625e+01 8.486842346191406250e+01 7.676322174072265625e+01
8.711907196044921875e+01 7.720775604248046875e+01 7.605514526367187500e+01
5.649123382568359375e+01 7.530681610107421875e+01 7.862930297851562500e+01
8.183740234375000000e+01 8.153627777099609375e+01 7.668206787109375000e+01
6.240337753295898438e+01 7.351585388183593750e+01 7.719440460205078125e+01
6.286092376708984375e+01 8.393560791015625000e+01 7.576945495605468750e+01
5.533243942260742188e+01 7.764548492431640625e+01 7.665420532226562500e+01
7.394117736816406250e+01 6.035998916625976562e+01 7.562714385986328125e+01
8.166306304931640625e+01 6.251127243041992188e+01 7.670562744140625000e+01
8.752384185791015625e+01 7.191873931884765625e+01 7.805784606933593750e+01
7.055381011962890625e+01 8.454488372802734375e+01 7.707246398925781250e+01
8.764512634277343750e+01 6.798060607910156250e+01 7.887065124511718750e+01
5.548833847045898438e+01 7.885186767578125000e+01 7.893202209472656250e+01
8.618484497070312500e+01 7.916519165039062500e+01 7.643989562988281250e+01
6.656690979003906250e+01 7.037492370605468750e+01 7.792115783691406250e+01
8.484869384765625000e+01 6.175099182128906250e+01 7.671332550048828125e+01
6.253637313842773438e+01 8.514586639404296875e+01 7.786559295654296875e+01
6.023316955566406250e+01 8.407429504394531250e+01 7.722564697265625000e+01
7.693219757080078125e+01 6.104350662231445312e+01 7.895171356201171875e+01
8.713552856445312500e+01 7.407904052734375000e+01 7.900742340087890625e+01
7.955864715576171875e+01 8.182378387451171875e+01 8.004164886474609375e+01
7.146839141845703125e+01 6.721224975585937500e+01 8.106167602539062500e+01
6.589732360839843750e+01 8.549681091308593750e+01 7.872583007812500000e+01
8.550865936279296875e+01 7.603949737548828125e+01 7.980376434326171875e+01
7.207375335693359375e+01 5.695480346679687500e+01 7.806240844726562500e+01
7.094316101074218750e+01 5.839346313476562500e+01 7.899624633789062500e+01
8.393199920654296875e+01 6.266268539428710938e+01 7.977317810058593750e+01
8.481966400146484375e+01 7.787054443359375000e+01 8.026603698730468750e+01
5.872251129150390625e+01 8.311717224121093750e+01 7.981120300292968750e+01
7.161204528808593750e+01 6.051351165771484375e+01 8.078227996826171875e+01
6.877892303466796875e+01 6.948736572265625000e+01 8.073271942138671875e+01
8.048718261718750000e+01 6.391921997070312500e+01 8.090767669677734375e+01
7.646237182617187500e+01 8.319734191894531250e+01 7.963950347900390625e+01
5.884210968017578125e+01 7.601047515869140625e+01 8.217630004882812500e+01
6.049288940429687500e+01 7.420278167724609375e+01 8.083191680908203125e+01
6.384157180786132812e+01 8.751997375488281250e+01 7.828775024414062500e+01
8.605075073242187500e+01 6.513519287109375000e+01 7.980067443847656250e+01
7.048728179931640625e+01 5.611544036865234375e+01 8.087994384765625000e+01
6.432682037353515625e+01 7.189678192138671875e+01 8.119477081298828125e+01
5.882756805419921875e+01 8.666722869873046875e+01 8.117878723144531250e+01
6.662996673583984375e+01 7.000129699707031250e+01 8.005278778076171875e+01
7.471205902099609375e+01 8.223304748535156250e+01 8.444108581542968750e+01
8.801158142089843750e+01 6.876052093505859375e+01 8.101991271972656250e+01
5.658971023559570312e+01 7.857077026367187500e+01 8.270448303222656250e+01
6.199774551391601562e+01 8.834841156005859375e+01 8.131945037841796875e+01
6.371745300292968750e+01 8.865818023681640625e+01 7.957199859619140625e+01
6.498723602294921875e+01 8.664269256591796875e+01 8.098255920410156250e+01
6.981593322753906250e+01 5.757616424560546875e+01 8.221981048583984375e+01
7.280391693115234375e+01 5.659678649902343750e+01 8.153784942626953125e+01
6.954063415527343750e+01 8.412268829345703125e+01 8.254186248779296875e+01
7.989614105224609375e+01 8.023069000244140625e+01 8.308129119873046875e+01
8.736737823486328125e+01 6.908091735839843750e+01 8.405295562744140625e+01
5.979521942138671875e+01 7.600797271728515625e+01 8.422248840332031250e+01
8.398781585693359375e+01 6.437029266357421875e+01 8.211551666259765625e+01
7.559891510009765625e+01 5.998450851440429688e+01 8.482183837890625000e+01
6.999972534179687500e+01 6.869679260253906250e+01 8.475050354003906250e+01
7.825849914550781250e+01 6.373479843139648438e+01 8.394807434082031250e+01
8.259770202636718750e+01 6.425511932373046875e+01 8.342835998535156250e+01
6.690503692626953125e+01 8.474398040771484375e+01 8.379854583740234375e+01
6.256941223144531250e+01 7.314393615722656250e+01 8.547990417480468750e+01
7.123391723632812500e+01 5.444464111328125000e+01 8.179421997070312500e+01
8.104647827148437500e+01 7.820323944091796875e+01 8.662815093994140625e+01
5.803404235839843750e+01 8.332688140869140625e+01 8.365471649169921875e+01
5.906662750244140625e+01 8.854741668701171875e+01 8.223751068115234375e+01
6.655307769775390625e+01 7.076997375488281250e+01 8.311097717285156250e+01
7.175524139404296875e+01 6.212813186645507812e+01 8.799961090087890625e+01
8.666531372070312500e+01 7.238840484619140625e+01 8.672113800048828125e+01
8.667364501953125000e+01 6.763247680664062500e+01 8.433484649658203125e+01
6.876746368408203125e+01 5.508576202392578125e+01 8.224802398681640625e+01
6.400847625732421875e+01 8.760906982421875000e+01 8.490019226074218750e+01
6.619909667968750000e+01 8.564611816406250000e+01 8.683360290527343750e+01
5.627792739868164062e+01 8.849089813232421875e+01 8.388158416748046875e+01
8.389346313476562500e+01 7.720888519287109375e+01 8.570648956298828125e+01
7.030421447753906250e+01 8.361837768554687500e+01 8.569135284423828125e+01
7.036421203613281250e+01 5.206718826293945312e+01 8.255113983154296875e+01
7.187563323974609375e+01 5.387654113769531250e+01 8.385619354248046875e+01
5.766873931884765625e+01 8.542782592773437500e+01 8.397476196289062500e+01
6.905698394775390625e+01 5.258003616333007812e+01 8.411782073974609375e+01
7.331895446777343750e+01 5.771000671386718750e+01 8.404178619384765625e+01
6.164870452880859375e+01 8.831993865966796875e+01 8.522027587890625000e+01
5.821477508544921875e+01 8.996181488037109375e+01 8.421991729736328125e+01
8.482595825195312500e+01 7.488784027099609375e+01 8.572147369384765625e+01
6.874031066894531250e+01 5.650721359252929688e+01 8.627359008789062500e+01
5.847791671752929688e+01 8.179344940185546875e+01 8.674543762207031250e+01
7.130182647705078125e+01 6.599555969238281250e+01 8.865649414062500000e+01
7.095311737060546875e+01 5.905307006835937500e+01 9.028346252441406250e+01
6.970157623291015625e+01 6.809334564208984375e+01 9.133832550048828125e+01
8.332897186279296875e+01 6.563790130615234375e+01 8.722200012207031250e+01
5.913122558593750000e+01 7.875643920898437500e+01 8.584237670898437500e+01
7.034025573730468750e+01 4.949722290039062500e+01 8.532489013671875000e+01
6.907594299316406250e+01 4.973564910888671875e+01 8.513263702392578125e+01
6.200563812255859375e+01 7.447693634033203125e+01 8.796727752685546875e+01
5.552891921997070312e+01 9.138328552246093750e+01 8.373672485351562500e+01
7.213043212890625000e+01 5.708783340454101562e+01 8.757811737060546875e+01
7.349652099609375000e+01 5.915176010131835938e+01 8.597828674316406250e+01
5.650981140136718750e+01 8.660956573486328125e+01 8.728070831298828125e+01
5.594748306274414062e+01 9.220957183837890625e+01 8.508129119873046875e+01
5.909158706665039062e+01 9.008079528808593750e+01 8.962878417968750000e+01
8.221726226806640625e+01 6.512149047851562500e+01 8.710323333740234375e+01
7.768467712402343750e+01 8.010810852050781250e+01 9.050247192382812500e+01
8.661041259765625000e+01 6.837491607666015625e+01 8.646171569824218750e+01
7.670479583740234375e+01 6.292839431762695312e+01 8.530376434326171875e+01
5.466643142700195312e+01 9.094366455078125000e+01 8.581629943847656250e+01
6.615025329589843750e+01 7.239212036132812500e+01 8.774053192138671875e+01
6.753121185302734375e+01 7.091574096679687500e+01 8.834716033935546875e+01
6.823644256591796875e+01 5.161396026611328125e+01 8.961149597167968750e+01
7.211321258544921875e+01 5.506151199340820312e+01 8.735643768310546875e+01
7.074403381347656250e+01 4.972349166870117188e+01 8.927838134765625000e+01
7.886672973632812500e+01 6.539136505126953125e+01 8.830953216552734375e+01
8.103404235839843750e+01 7.604129028320312500e+01 8.950797271728515625e+01
6.068957901000976562e+01 7.666178894042968750e+01 8.826786041259765625e+01
6.920429992675781250e+01 4.875332260131835938e+01 8.858017730712890625e+01
8.619433593750000000e+01 7.249723052978515625e+01 8.805472564697265625e+01
7.616796875000000000e+01 6.364336395263671875e+01 8.796865844726562500e+01
7.419937896728515625e+01 8.069086456298828125e+01 8.962056732177734375e+01
8.524980163574218750e+01 6.856429290771484375e+01 8.859165954589843750e+01
5.440598678588867188e+01 9.089016723632812500e+01 8.911219787597656250e+01
5.631755065917968750e+01 9.219962310791015625e+01 8.776457214355468750e+01
7.211737060546875000e+01 8.227962493896484375e+01 8.972630310058593750e+01
7.398690032958984375e+01 6.148748397827148438e+01 8.895440673828125000e+01
5.600370407104492188e+01 8.732752227783203125e+01 9.289060211181640625e+01
8.274388122558593750e+01 7.363108825683593750e+01 8.914128112792968750e+01
6.633873748779296875e+01 5.476747894287109375e+01 9.096183776855468750e+01
6.477066040039062500e+01 8.725807189941406250e+01 8.944842529296875000e+01
6.870919799804687500e+01 6.914292144775390625e+01 9.144801330566406250e+01
8.184752655029296875e+01 6.729708862304687500e+01 8.999559020996093750e+01
6.858292388916015625e+01 7.272142791748046875e+01 9.165563201904296875e+01
5.784939575195312500e+01 8.502299499511718750e+01 9.164562988281250000e+01
5.739161300659179688e+01 9.040202331542968750e+01 9.221920776367187500e+01
6.616591644287109375e+01 7.496646118164062500e+01 9.063258361816406250e+01
8.333451080322265625e+01 7.156304168701171875e+01 9.044148254394531250e+01
5.978590774536132812e+01 8.131192016601562500e+01 9.071109771728515625e+01
7.105776214599609375e+01 6.571865844726562500e+01 9.418957519531250000e+01
6.147217941284179688e+01 7.825197601318359375e+01 9.040409851074218750e+01
6.650235748291015625e+01 5.330755233764648438e+01 9.226737976074218750e+01
8.268070220947265625e+01 6.926987457275390625e+01 9.237107086181640625e+01
6.222473907470703125e+01 8.775304412841796875e+01 9.252745819091796875e+01
6.899764251708984375e+01 5.654170608520507812e+01 9.093949890136718750e+01
7.105414581298828125e+01 5.502148818969726562e+01 9.050180053710937500e+01
5.569955062866210938e+01 9.106507110595703125e+01 9.349953460693359375e+01
7.896553802490234375e+01 6.766617584228515625e+01 9.215186309814453125e+01
7.420591735839843750e+01 6.430801391601562500e+01 9.533055877685546875e+01
6.974775695800781250e+01 5.028760910034179688e+01 9.068155670166015625e+01
6.105578613281250000e+01 7.972225952148437500e+01 9.304387664794921875e+01
6.622295379638671875e+01 8.748152923583984375e+01 9.478417205810546875e+01
7.885749053955078125e+01 7.677685546875000000e+01 9.167649078369140625e+01
6.778065490722656250e+01 8.536812591552734375e+01 9.271183776855468750e+01
7.169840240478515625e+01 6.055155563354492188e+01 9.247591400146484375e+01
7.288555145263671875e+01 6.199195480346679688e+01 9.400362396240234375e+01
5.573788070678710938e+01 8.898597717285156250e+01 9.275199890136718750e+01
5.473951339721679688e+01 9.065200042724609375e+01 9.293675994873046875e+01
7.031399536132812500e+01 8.305757904052734375e+01 9.258873748779296875e+01
6.849277496337890625e+01 5.357883071899414062e+01 9.197760009765625000e+01
6.463280487060546875e+01 7.837528228759765625e+01 9.323215484619140625e+01
7.271827697753906250e+01 7.857569885253906250e+01 9.183100128173828125e+01
6.057996368408203125e+01 8.821986389160156250e+01 9.358125305175781250e+01
6.512850952148437500e+01 8.772903442382812500e+01 9.451790618896484375e+01
7.884040832519531250e+01 7.464949035644531250e+01 9.281987762451171875e+01
7.651628112792968750e+01 7.869783020019531250e+01 9.185610961914062500e+01
5.811354064941406250e+01 8.435195159912109375e+01 9.321647644042968750e+01
6.352118301391601562e+01 7.949929046630859375e+01 9.469836425781250000e+01
6.527178192138671875e+01 5.447236633300781250e+01 9.435458374023437500e+01
6.758177947998046875e+01 5.471538162231445312e+01 9.412124633789062500e+01
6.052874374389648438e+01 8.153477478027343750e+01 9.618108367919921875e+01
8.120632171630859375e+01 7.266235351562500000e+01 9.352216339111328125e+01
7.101177215576171875e+01 6.246717453002929688e+01 9.590768432617187500e+01
7.315966033935546875e+01 6.927187347412109375e+01 9.634322357177734375e+01
6.884663391113281250e+01 7.433624267578125000e+01 9.510330963134765625e+01
7.077335357666015625e+01 7.229929351806640625e+01 9.415828704833984375e+01
7.460540008544921875e+01 7.549069976806640625e+01 9.336019897460937500e+01
7.171682739257812500e+01 7.077642822265625000e+01 9.538745117187500000e+01
6.765931701660156250e+01 7.681350708007812500e+01 9.487444305419921875e+01
7.241517639160156250e+01 7.616714477539062500e+01 9.426771545410156250e+01
6.608531951904296875e+01 7.973477172851562500e+01 9.526411437988281250e+01
6.774512481689453125e+01 8.426242828369140625e+01 9.560082244873046875e+01
7.654007720947265625e+01 7.408029937744140625e+01 9.446115875244140625e+01
5.719587326049804688e+01 8.913842773437500000e+01 9.418788146972656250e+01
7.831328582763671875e+01 7.130105590820312500e+01 9.386486053466796875e+01
7.652011108398437500e+01 6.688387298583984375e+01 9.658865356445312500e+01
7.214317321777343750e+01 6.199589157104492188e+01 9.821125030517578125e+01
7.313068389892578125e+01 7.280245208740234375e+01 9.432927703857421875e+01
5.910892486572265625e+01 8.671580505371093750e+01 9.475291442871093750e+01
6.656625366210937500e+01 8.689970397949218750e+01 9.879213714599609375e+01
7.594280242919921875e+01 6.877306365966796875e+01 9.611126708984375000e+01
7.041699981689453125e+01 7.605834197998046875e+01 9.511199188232421875e+01
6.244944000244140625e+01 8.746282958984375000e+01 9.672393798828125000e+01
6.459463500976562500e+01 8.778977203369140625e+01 9.940150451660156250e+01
6.217373657226562500e+01 8.096557617187500000e+01 9.892215728759765625e+01
7.094532012939453125e+01 6.334451293945312500e+01 9.956842803955078125e+01
6.383325195312500000e+01 8.049021911621093750e+01 9.666430664062500000e+01
7.405567169189453125e+01 6.742937469482421875e+01 9.928951263427734375e+01
6.100591659545898438e+01 8.169966888427734375e+01 9.833831024169921875e+01
6.468053436279296875e+01 8.316920471191406250e+01 9.753989410400390625e+01
6.650789642333984375e+01 8.597298431396484375e+01 9.925830078125000000e+01
7.474368286132812500e+01 6.713420104980468750e+01 1.009915390014648438e+02
6.293601608276367188e+01 8.364114379882812500e+01 1.005996475219726562e+02
6.231216049194335938e+01 8.502120971679687500e+01 9.950067138671875000e+01
7.507830047607421875e+01 6.525588989257812500e+01 1.024354400634765625e+02
6.347428512573242188e+01 8.628394317626953125e+01 1.025506973266601562e+02
6.476331329345703125e+01 8.570366668701171875e+01 1.020857391357421875e+02
7.310075378417968750e+01 6.463224029541015625e+01 1.022524185180664062e+02
7.543260192871093750e+01 6.612199401855468750e+01 1.037067565917968750e+02
7.405103302001953125e+01 6.553640747070312500e+01 1.060713424682617188e+02
7.453146362304687500e+01 6.468981170654296875e+01 1.040392150878906250e+02
7.517258453369140625e+01 6.631774902343750000e+01 1.067464218139648438e+02
7.530461120605468750e+01 6.504307556152343750e+01 1.074128189086914062e+02
